-2.0620302457461
-1.36541209829902
-0.476778827977319
-0.747017013232442
-0.0353572778827791
-1.01170699432915
-0.0548733459357026
-0.656204158790189
-0.973871455576488
-1.49309262759941
-0.373177693761806
-1.72673345935753
-1.62310207939533
-0.536255198487714
-0.263366729678624
0.741400756143705
0.0824801512287501
-0.688105860113421
-0.764595463137972
-0.371344045368611
-0.242013232514181
-0.321497164461242
-1.17166918714541
-1.01591682419652
-0.584449905482038
-0.765523629489545
-0.374402646502822
-0.653586011342153
-1.23842155009442
-0.43995463137996
-0.547139886578441
-0.412640831758
-0.888945179584041
-0.0173818525519555
-0.433340264650268
-1.13397164461247
-0.87365028355383
1.12575992438566
-1.09258601134205
-1.14892627599242
0.118502835538764
-0.463534971644541
0.451413988657862
-1.14650661625705
-0.591691871455556
-0.158499054820406
0.0503648393194798
0.391563327032148
-1.06815311909264
-0.250115311909226
-0.280871455576526
-0.433438563327023
0.244283553875267
0.179289224952749
-1.16026654064272
-0.317565217391287
0.205595463138018
-1.1093100189036
0.28828355387526
-0.161665406427212
0.274266540642739
-0.362117202268422
-0.173981096408295
0.359223062381872
-0.656255198487687
0.0899754253308262
-0.41723818525519
-0.55426275992436
-0.0495122873345821
0.358262759924406
0.110797731568999
-0.162899810964071
-0.397559546313785
0.0321965973535126
0.10839697542536
0.150633270321381
-0.844744801512257
-1.54317580340274
-0.374603024574652
0.463408317580362
-0.0450945179584086
0.103599243856417
1.32052173913052
-0.49875803402643
0.940633270321371
-0.544285444234392
0.0934933837429212
0.402937618147457
0.969862003780741
-0.662561436672958
0.0233818525519937
0.637778827977333
-0.114319470699412
0.658398865784512
0.245939508506634
-0.85680907372405
-0.491404536861994
1.44799621928161
0.582054820415894
0.822531190926305
0.56214177693764
-1.35809262759919
-0.813705103969736
-0.37915689981096
0.798822306238199
-1.19647637051038
1.47026465028351
0.558913043478273
0.00614744801513123
0.590328922495296
0.400525519848774
0.0639338374291032
0.799792060491472
1.6863516068053
-0.382693761814732
0.556300567107754
2.34146313799633
0.624816635160694
0.851482041587888
0.558107750472592
1.6018147448015
1.06540264650283
4.13891871455579
0.542633270321369
1.09994896030241
0.767860113421554
0.781232514177717
0.0148752362949007
0.246086956521747
0.218459357277885
-0.233253308128545
0.0441606805293027
0.945657844990562
-0.226017013232515
0.814782608695622
-0.665262759924385
0.887948960302448
0.534272211720233
0.866880907372372
1.18289603024573
-0.556192816635166
0.0444499054820412
-0.293190926275994
-0.600145557655958
-0.192631379962194
-1.21966351606805
0.668744801512288
-0.553506616257087
0.718786389414003
-0.0396219281663484
-0.906684310018904
-1.16873345935728
0.614
-1.0848034026465
-0.658300567107749
-0.86201134215501
-0.661
0.162092627599244
-0.783508506616256
-0.980907372400756
0.017092627599244
0.38869943289225
0.715
0.402
-0.175
-0.578
0.442
0.057
0.889
0.301
0.502
-0.225
0.662
-0.193
0.834
-0.377
0.524
0.835
0.644
0.675
0.058
-0.438
-0.711
0.409
-0.381
-0.29
0.045
-0.885
-0.968
0.156
0.905
0.981
-0.436
-0.131
0.74
0.238
0.251
-0.664
0.762
-0.161
-0.38
-0.703
-0.435
-0.379
0.258
0.34
-0.603
-0.194
-0.743
0.747
0.2
-0.496
0.899
-0.02
0.342
-0.165
0.129
-0.695
-0.218
-0.886
0.377
0.326
0.025
-0.267
0.395
0.52
-0.789
-0.207
0.067
-0.404
0.372
0.188
-0.928
-0.196
0.054
-0.239
0.996
0.668
-0.85
0.279
-0.687
-0.762
0.858
-0.716
0.956
0.401
-0.918
0.583
0.527
-0.096
-0.892
-0.054
0.553
0.648
0.462
0.293
0.271
0.832
0.225
0.738
0.128
0.604
0.739
0.66
-0.625
-0.988
-0.569
0.094
0.925
-0.419
-0.162
0.46
-0.846
0.503
0.8
0.138
0.468
-0.26
-0.224
0.994
