-1.85687334593564
-1.58964272211725
-0.378081285444231
-0.695085066162556
0.827449905482063
-0.899877126654046
-0.90859924385631
-0.269788279773156
-0.381158790170121
-0.84161625708884
0.212930056710782
-1.35772778827982
-0.56130812854442
0.149030245746699
0.162368620037816
-0.352999999999998
-0.112865784499054
-0.795638941398854
-0.65886011342154
-0.35993950850661
0.267134215500952
-0.209466918714549
-0.133574669187144
-0.132725897920602
-1.43100756143665
-0.499334593572776
-0.748873345935723
-0.827863894139877
0.0435822306238278
-0.120289224952737
0.0598771266540721
-0.680402646502835
-1.23297164461245
0.0582003780718401
-1.14331001890356
0.228166351606808
-0.850620037807179
-0.485238185255191
-0.282642722117198
0.26032703213611
-0.72586389413988
-0.946620037807178
-0.416689981096404
-0.34942911153119
-0.116516068052929
0.0375103969754295
-1.11958979206048
-0.101398865784498
0.314374291115318
0.35067107750473
0.0837183364839354
-1.075618147448
-0.308213610586008
0.231686200378079
0.406213610586014
-0.0689565217391304
-0.423931947069943
-0.207130434782607
-0.273584120982985
-0.256446124763702
-1.05559546313799
0.271289224952742
0.631281663516071
-1.0250472589792
-0.742758034026463
-0.32222306238185
-1.14035160680529
-0.061907372400756
0.360393194706996
0.587321361058602
-0.630979206049147
-0.735378071833647
0.0905009451795857
-0.145139886578448
-0.839706994328922
0.00392438563327033
-1.00738752362949
-0.996865784499055
-1.16507561436673
-0.917950850661626
-0.409572778827977
0.122846880907372
-0.086
-0.810396975425331
0.744007561436673
0.447404536862004
0.722801512287335
-0.335168241965974
-0.929771266540643
-0.00399243856332703
-0.011
0.381030245746692
-0.877587901701323
-0.728992438563327
0.606037807183365
0.164
-0.272190926275992
-0.148786389413989
-0.388389413988658
-0.598168241965974
0.546427221172023
0.257007561436673
0.878
0.810228733459357
-0.111977315689981
0.0204196597353497
-0.038992438563327
-0.865396975425331
0.0940226843100189
-0.561793950850662
0.0400378071833649
-0.342
-0.068992438563327
-0.533381852551985
-0.823771266540643
-0.099992438563327
-0.336
0.705801512287335
-0.582381852551985
0.0324272211720227
0.281007561436673
0.245801512287335
-0.120793950850662
-0.690962192816635
-0.173
0.106610586011342
-0.777977315689981
-0.0269697542533081
0.262
0.0870302457466919
-0.557587901701323
0.173007561436673
0.409427221172023
0.537007561436673
-0.264
0.369809073724008
0.359213610586011
-0.0885727788279773
0.134228733459357
-0.421969754253308
-0.670557655954631
0.583
0.601
0.709
0.852
-0.67
-0.473
0.635
-0.979
-0.19
-0.501
0.047
-0.582
0.521
0.203
-0.612
-0.617
0.438
0.081
0.823
-0.213
0.909
-0.118
0.981
0.975
0.97
0.154
0.393
0.793
-0.126
0.519
0.658
-0.523
0.798
-0.35
0.724
0.65
0.191
-0.413
-0.503
-0.385
-0.335
0.055
-0.548
-0.309
0.436
-0.219
0.981
-0.64
-0.653
0.018
0.967
0.924
0.41
0.894
-0.434
-0.3
0.62
0.734
0.881
0.175
0.133
0.841
0.147
0.29
-0.159
-0.431
-0.38
-0.129
0.479
-0.262
0.191
-0.15
-0.416
0.207
-0.878
-0.147
-0.57
0.289
-0.462
0.189
0.173
0.033
0.446
0.856
0.552
0.734
0.067
0.904
-0.916
0.023
-0.971
0.456
-0.294
0.321
0.481
-0.177
0.908
0.161
0.85
-0.134
-0.839
0.11
-0.119
0.608
0.826
0.117
0.34
-0.798
0.771
0.712
-0.73
-0.669
0.196
-0.309
-0.998
-0.9
-0.605
0.29
0.738
0.106
0.502
-0.285
-0.214
-0.545
-0.292
0.735
-0.856
0.262
0.726
0.298
-0.055
0.269
0.439
0.671
0.028
-0.938
-0.848
0.837
-0.97
