-0.822646502835512
-0.366909262759889
-0.0737051039697544
-1.68896219281717
-0.28152551984874
-1.29641398865833
-0.707228733459262
-0.801117202268451
0.511854442344109
-1.79137618147454
-0.738589792060468
-0.14958034026462
-1.10715879017011
0.516907372400769
-0.0545179584120872
-0.174979206049146
-0.878597353497156
-1.65561625708893
-0.552960302457448
-0.22413421550095
0.315678638941394
-1.59534593572763
-0.421663516068052
-1.32434971644599
-1.59545935727773
-0.538281663516062
-1.77576559546287
0.465582230623842
-1.40610396975424
-1.14507750472589
-0.318090737240058
-1.1838279773156
-0.366631379962188
-0.174412098298659
-1.2182457466918
0.0757712665406592
0.212190926276011
0.376117202268436
-0.109289224952733
-0.41251606805291
-0.0915311909262658
-0.582423440453677
0.620472589792085
-0.363453686200364
-0.196512287334589
-0.303483931947051
-0.902395085066073
-1.15567863894131
-0.79803024574661
0.200449905482055
0.475684310018927
-0.143139886578429
-1.0941890359168
0.928432892249539
-0.761506616257068
0.606765595463146
-0.738724007561411
-0.229034026465014
-1.08405103969756
-0.170519848771262
0.982132325141823
-0.504568998109647
-1.10206238185242
-0.0977939508506485
-0.509202268430984
0.241079395085081
-0.178088846880922
0.491166351606823
-0.0309149338374209
0.300712665406428
0.898219281663536
-0.474523629489604
0.332217391304371
-0.705189035916816
-0.0636049149338334
-0.351007561436668
-0.610431001890371
-0.962801512287289
0.402353497164467
-0.277379962192802
0.429803402646507
-0.114943289224934
0.108603024574679
0.228930056710784
-0.177527410207942
0.229058601134221
-0.34631001890359
0.451100189035923
0.106943289224961
-0.382667296786389
-0.0479810964083108
0.390185255198497
0.643060491493409
1.05266918714557
0.572215500945197
0.300979206049169
0.910415879017016
-0.293548204158783
0.715637051039717
1.25427977315687
0.580126654064276
0.235400756143662
-0.391776937618138
-0.359667296786388
0.418960302457476
-0.195349716446131
0.608291115311907
0.246160680529314
-0.749455576559541
0.936799621928191
1.0862344045369
0.204173913043478
1.47205482041589
1.87380340264643
-0.108357277882797
1.89717013232515
1.01726275992442
0.998875236294901
0.788563327032139
3.62894139886579
0.55519848771268
1.06168241965971
1.08312854442344
1.86587523629491
0.587351606805291
-0.877599243856369
0.704667296786388
0.417489603024574
0.814223062381862
0.0772325141776961
-1.10221550094519
-0.598546313799617
0.510069943289221
0.295049149338373
-0.155238185255203
-0.465387523629491
0.484718336483934
-0.00579206049149438
1.06800378071834
0.108559546313798
0.93593005671079
-0.197858223062381
-0.362771266540642
-0.953257088846882
-0.3078034026465
-0.406746691871455
0.0102306238185249
0.342508506616258
-0.204812854442347
0.764364839319472
-0.841519848771266
0.0542627599243849
0.596
-0.803190926275993
0.160801512287334
0.87803024574669
0.087
0.619419659735351
0.78502268431002
-0.347580340264649
0.660419659735351
-0.810198487712663
0.404
0.558
0.84
-0.069
-0.011
0.134
0.047
-0.54
-0.848
0.024
0.988
0.817
0.856
0.322
-0.766
0.112
0.693
-0.918
-0.179
-0.092
0.661
0.875
-0.12
-0.113
-0.386
-0.665
0.673
-0.082
0.052
0.766
-0.279
-0.014
0.054
0.688
-0.928
0.428
-0.428
-0.563
0.849
-0.956
-0.645
-0.084
0.678
0.159
0.157
0.778
-0.628
0.843
0.748
0.975
0.994
0.78
0.898
-0.181
-0.467
0.529
-0.323
-0.047
-0.683
-0.346
0.46
-0.872
0.408
-0.615
-0.698
0.002
-0.237
-0.832
0.249
-0.194
-0.461
0.256
-0.768
-0.223
-0.447
-0.255
-0.804
0.72
0.729
-0.165
0.962
0.829
0.17
0.077
0.772
-0.06
0.087
-0.766
0.154
-0.457
-0.25
0.618
-0.88
0.195
-0.417
-0.773
0.507
0.293
-0.143
-0.845
0.014
-0.797
-0.407
-0.059
0.435
-0.263
0.548
0.121
-0.734
0.787
0.332
-0.043
0.223
0.481
-0.309
0.63
-0.042
-0.67
