-2.39905671698651
-1.08034404733334
-0.30961625865643
-0.0568544366016323
0.0223289187912148
-1.35746314135235
-1.16406238971467
-0.359147447563175
-0.318582229484493
-0.935969753112342
-0.172497166744958
-0.45783175720406
-0.3055803362793
-0.353359165503991
-0.285725901034975
0.531105868304258
-0.418170130618817
-0.593731571635042
6.67677693681394
-1.143540644168
0.00219092803540093
0.937610586688706
0.11854820567614
-0.298419656533248
-0.0799754277431024
-0.138223065165836
0.267506616985474
0.0648090751745142
-0.0973119100881568
-0.298020793267679
0.0306786437399753
0.0520018928628307
-0.0602684333504673
-0.024145555305876
-0.0349319446790427
-0.0284064267767415
-0.0759848754321615
-0.0587920599651997
0.040423440148277
0.00773535017495164
-0.106487714896315
-0.10655387661503
-0.0761398858679143
-0.0258242014084776
0.0340018918276144
-0.0182589778411733
-0.0189754253765242
0.0210037796352597
-0.0549867649492478
-0.0477712674905444
0.00334593494829134
-0.0835519824771949
-0.0518809098392811
0.0132835527407449
-0.0919395073163884
0.0213119105655969
0.028801512415547
0.0461285441263442
0.0563837459949044
0.0485406433237927
-0.169495274219898
-0.0165444252876449
0.0133062408578211
0.0879451841411363
-0.0624971645583929
-0.0852741054887826
0.0970964126421977
0.00352930121005377
0.00954253263273695
0.0864347824517592
-0.0459338359734295
-0.105550093549415
0.122595462354958
-0.0914499050770398
-0.145984876741872
0.141629492288239
-0.0602570901215414
-0.0827145548761009
0.0951701310457099
0.0625198461065511
0.034202269773936
0.0170604921152251
0.111336486318807
0.137077506914087
0.0851569004415282
-0.0927164424860956
0.0836086975460193
-0.0218582238151925
0.0464328901827144
-0.187387522150146
0.0336238210473171
0.141914934785801
0.0319338403248353
-0.107604913209917
-0.491349714472112
0.068981095097801
-0.0572892253323096
-0.0827599228637872
-0.0659338390516252
-0.0925387537396808
0.349531192105155
-0.107200373535882
-0.00820604715358129
0.16334404428155
0.0713194739613857
-0.268986767646238
-0.0047844998773328
0.503415881564194
0.26385255703836
-0.861742908979868
0.207175805479432
0.332444236422167
-0.0370378053108548
0.293950851129464
0.029272210905468
-0.172425330201647
-0.282370512073759
-0.0548279748946029
0.221455577469403
0.470483932961748
0.140608692285347
0.0105822303970703
-0.45146502571187
0.596308125160754
-0.392612478904838
-0.529916825581126
-0.0733610583750722
-0.728975425968041
0.268843102097463
0.191650283892692
0.368672970113252
-0.0973534947530717
-0.416079393508356
0.68922117283957
-1.27600000091923
0.0364328916903936
0.846241967805946
-0.00409451701616893
-0.389156898523032
-1.01546881181183
0.37014934088697
0.0223950860583955
-0.0279130431472786
-1.07679583907118
-0.0734933817739308
0.685395086264727
-0.227379960454144
0.0887315698016195
0.388737243003031
0.101964085697594
0.565474479652646
-0.866551986158775
-0.195
-0.735992438681647
0.27133459355307
0.621691871061222
-0.822
0.437349716189802
-0.846981096704089
-0.239650283810198
-0.674650283810198
0.104334593553066
0.815
-0.42
0.64
0.248
0.26
0.295
0.25
0.802
0.275
-0.578
0.814
0.226
0.888
-0.835
-0.934
-0.625
-0.351
0.621
-0.524
0.707
-0.18
-0.274
0.517
-0.205
-0.955
-0.929
-0.522
-0.776
0.309
-0.875
-0.598
0.684
0.932
-0.847
0.852
-0.185
-0.59
-0.93
-0.355
0.334
0.815
0.671
0.79
0.261
-0.328
0.578
-0.548
0.118
0.808
0.803
-0.048
-0.278
-0.552
-0.217
-0.703
0.088
0.062
-0.156
0.202
0.189
-0.183
0.026
-0.507
0.15
-0.98
-0.87
0.294
0.734
-0.688
0.25
0.965
-0.421
-0.024
0.142
0.891
0.149
-0.065
-0.745
-0.877
-0.533
0.618
0.359
-0.585
0.505
0.172
0.68
0.235
0.149
0.855
-0.236
0.753
0.565
-0.133
0.455
-0.483
-0.212
0.177
-0.36
0.241
-0.458
-0.716
-0.283
-0.195
-0.442
0.837
-0.627
0.745
0.306
-0.109
0.148
-0.848
-0.193
-0.279
-0.265
0.571
0.457
-0.389
-0.013
