-0.798784498599236
-1.82256710781939
-0.10883742924604
-0.599604914658889
0.654812858119965
-1.13342722044907
-0.721211718744949
-0.00463894376993478
-0.987926273986228
-0.432342153252389
-0.841835540626939
-0.895451795554503
-0.320599242034488
-0.628714556690934
-0.914928168597148
-0.840863896329138
-0.745916828102896
-0.837873349232206
-0.366351604248981
-0.584056712403162
0.00117958868709984
-1.11164083247009
-1.12708884785021
-0.622035915561464
0.0118336451974962
-1.1655897882681
-0.526638941671302
-0.675752363148208
-0.460289220938506
-0.18520604840854
-0.361198486040809
-0.67849149628576
-0.781423440723434
-0.878782611817299
-0.412586002488697
0.0243686183343267
-0.223224951227456
-0.58528923115954
-0.50965595536164
-0.0356578464707964
-0.136837424210155
0.0564045411126706
-0.434977313477256
0.390756148677132
-0.692224956564087
-0.2198185196693
-1.21213988536608
-0.27693005442075
-1.15003024373432
0.458527408699577
-0.886323253380996
-0.76443667608113
-0.198427217936135
0.00861814853042015
-0.118453683630631
0.216542535715209
0.491234403338336
-1.05188468599972
-0.227648388040555
-0.695058603977799
1.14146313779811
-0.684826087605711
-0.852911155819738
-0.0872665378505007
-0.175207942311914
-1.00162381385536
-0.639035917245324
-0.483270316921653
-0.281211718207099
-0.132822305981125
0.0752249527573177
-0.850805294354985
0.501406430124007
-1.0279603049094
0.8691323294743
-0.536793949042208
1.40069943467651
-0.599657854560767
0.369850662938448
-0.466551982468729
0.17362948792784
1.12367674988615
-0.0635765580526511
-0.701897919983669
-0.234657840287072
-0.395068054941141
0.413453686814476
0.232115309233206
0.416561434152747
0.554614369581888
0.770177699001182
0.835741021829169
-0.190769377865876
0.96233270171531
-0.404200376347793
0.460937618225021
0.32254064397995
-0.49908884685629
0.472391304372511
0.243283554319606
0.093406430857053
1.25737050893163
0.195389407657072
0.737557656435033
1.13631947295985
0.373973543030648
1.51000756556653
-0.247782607815324
2.21897542151249
0.168805292401576
0.936258980124307
-0.517763705899721
0.492300571767531
3.94636294932713
2.44775803529881
1.64344045418873
1.21362003851416
1.48891304103835
-0.0516635152694945
1.83766918671463
0.256512286919833
-0.592000005577405
1.07431001598566
0.627028351790394
-0.0888298694889051
0.446147443061679
0.603102074419156
-0.223741022653051
0.61848203802316
-0.611236293859408
0.410837428991834
0.826103965184657
0.0511077492831768
-0.257270323965913
-1.08051607046006
-0.871177701415152
0.739676750633613
1.38392438671494
-0.495880906959022
0.749591683064015
-0.68073723494401
0.241718339325411
-0.955621928494529
-1.33348960187605
-0.364584120858345
-0.0376257071093688
0.245472589862474
-0.261147447856677
1.10271266461784
0.0794782647194962
-0.786952741181352
0.329177693387174
0.553
0.514400756143667
0.866733459357279
-0.581330812854443
-0.334
-1.1044650283554
-0.147998109640831
-0.457465028355386
-0.948465028355386
0.135733459357279
-0.727
0.183
0.134
-0.658
0.848
-0.013
-0.939
0.597
0.004
-0.329
-0.336
0.609
-0.847
-0.106
0.964
-0.506
-0.278
0.572
-0.017
0.196
-0.136
-0.048
-0.424
-0.789
-0.908
-0.383
0.263
0.288
0.527
0.344
-0.397
0.707
-0.608
-0.822
0.563
0.261
-0.064
-0.603
0.8
-0.992
-0.579
0.767
0.956
0.567
-0.149
0.944
0.488
-0.007
-0.12
-0.828
0.449
0.598
0.836
0.131
-0.708
0.32
-0.394
-0.077
-0.751
0.231
0.724
-0.227
-0.93
0.66
-0.933
-0.043
0.216
0.975
0.33
-0.297
0.557
-0.676
0.771
-0.026
-0.225
0.096
-0.005
0.009
0.36
-0.852
0.128
-0.731
-0.592
0.355
0.894
0.004
0.87
0.26
0.885
-0.758
-0.346
-0.987
-0.852
-0.431
-0.716
0.648
0.696
-0.704
0.499
0.894
-0.273
0.513
0.663
-0.824
-0.386
0.125
0.826
-0.139
-0.644
0.195
-0.675
0.597
0.562
-0.899
-0.898
0.454
-0.636
-0.285
