-1.84524574669174
-1.26451795841216
0.82088468809074
-0.493206049149323
-0.128393194706995
-1.18085444234412
-0.251737240075611
-0.79775803402647
-0.583113421550079
-1.41085822306239
0.225015122873353
-1.32608506616264
-1.14848960302455
-0.948568998109637
-0.0838601134215502
0.00284688090737726
-0.777277882797727
-0.484693761814741
-1.2196351606805
0.491669187145564
-0.38085066162571
-0.56357655954631
-1.1947126654064
0.199729678638944
-1.18562003780716
0.445073724007566
-0.391975425330807
-0.440272211720225
0.502992438563337
-1.16282041587902
-0.733724007561431
-0.303088846880903
0.228809073724011
-1.05640831758034
-0.526149338374286
-0.828483931947064
-0.443782608695649
0.312606805293008
0.146387523629495
0.480274102079397
-1.06448960302455
-1.2080529300567
-0.760385633270315
0.539035916824204
0.395472589792063
-0.115045368620034
-0.546466918714551
-1.26694896030245
-0.961368620037803
0.199493383742913
-0.0971720226843103
-0.831674858223061
-0.00843289224952789
-0.662665406427219
-1.02699621928166
0.312793950850664
-1.13744045368618
-0.863249527410207
-0.484389413988658
-0.0460567107750468
0.143068052930058
0.714
-0.405665406427221
-0.32015879017013
0.218423440453687
-0.818776937618146
-0.583249527410209
0.804421550094517
0.346429111531194
-0.108928166351607
-0.661648393194705
-0.329487712665405
0.483703213610587
-0.950854442344043
0.468202268431003
-0.171852551984877
0.791327032136107
-0.64448393194707
0.635960302457468
-0.340005671077505
0.180521739130435
-0.148710775047258
-0.507258979206048
-0.521697542533081
-0.0411285444234405
-0.738115311909262
-1.04323818525521
0.170775047258979
-0.829561436672967
0.198336483931948
-0.545485822306237
-0.312156899810964
-0.113266540642722
-0.60292438563327
-0.411903591682419
-0.682081285444234
0.278897920604916
0.760096408317581
-0.588177693761814
0.541754253308129
-0.0913421550094518
-0.281890359168242
-0.421034026465028
0.309185255198488
0.0227126654064273
-0.768156899810964
-0.376342155009451
0.0766370510396975
-0.0661776937618148
0.144383742911153
0.562109640831758
0.584020793950851
-0.414616257088847
-0.907616257088846
0.904274102079395
-0.545232514177693
0.410767485822306
-0.716253308128544
0.865109640831758
0.12
-0.691
0.342383742911153
0.754911153119093
-0.728561436672968
-0.461362948960303
0.696349716446125
0.961
0.238274102079395
0.49407561436673
0.241020793950851
0.64654820415879
-0.801
-0.987835538752363
-0.893088846880907
0.77307561436673
-0.503616257088847
-0.680890359168242
0.218
0.475911153119093
-0.244616257088847
0.664637051039698
-0.0792325141776938
-0.739
0.026
0.666
-0.122
-0.881
-0.191
-0.502
-0.861
-0.073
0.015
0.911
0.306
0.262
0.571
-0.042
-0.693
-0.22
0.323
-0.706
0.392
0.574
0.698
0.494
0.365
0.578
-0.523
-0.685
0.405
-0.853
-0.795
-0.196
0.105
0.452
0.375
0.087
-0.265
-0.387
0.663
0.592
0.152
-0.255
0.365
-0.678
-0.359
-0.713
-0.291
-0.149
-0.788
0.545
-0.987
-0.562
-0.841
-0.533
-0.725
0.359
-0.437
0.532
-0.7
0.299
0.641
-0.507
0.092
0.991
-0.279
-0.79
-0.194
0.853
0.887
-0.517
-0.778
0.694
0.117
0.731
0.142
-0.354
-0.791
0.375
-0.148
0.078
-0.132
0.626
-0.897
0.86
-0.867
0.767
-0.355
-0.363
0.176
-0.984
-0.476
0.203
-0.688
-0.637
0.951
-0.342
0.652
0.373
0.601
-0.569
0.48
-0.145
-0.036
0.728
0.323
-0.681
0.321
-0.573
0.325
0.628
0.149
0.187
-0.321
0.222
-0.569
-0.986
-0.61
0.232
0.858
-0.046
0.564
-0.831
-0.324
0.87
0.959
0.018
0.381
-0.246
0.78
-0.517
-0.006
-0.164
0.774
-0.579
0.597
-0.988
-0.339
-0.625
-0.464
