-1.56650094517742
-1.54643478260807
-0.514234404536857
-1.75915311909221
-0.14215879017027
-1.03128544423424
-1.71197542533108
-0.298667296786441
-0.244313799621822
-0.295706994328966
-0.21496786389411
-0.302028355387528
-0.29809451795841
-0.192317580340273
-0.0234102079395348
-0.100262759924438
-0.0827353497164968
0.00343100189026834
-0.225582230623873
0.0505727788279378
-0.320217391304454
-0.140287334593735
-0.131748582230694
-0.282638941398999
-0.390364839319543
-0.213105860113412
0.0156483931946841
-0.0493175803402079
-0.111402646502836
-0.147544423440446
-0.220345935727795
-0.0347088846881522
-0.0609527410207974
-0.0780226843100326
0.0849432892249554
0.00988468809075228
-0.0521984877126785
-0.33566540642722
-0.134871455576591
7.30259168241986
0.139584120982965
0.0780756143667417
0.105088846880931
0.0211890359168315
0.21092438563328
0.0153799621927896
0.155183364839315
0.159500945179592
0.15952551984876
-0.0340094517958755
0.128661625708903
-0.195364839319438
0.168920604914897
-0.0025671077504807
-0.297296786389419
-0.274984877126665
0.0465066162570821
-0.0799489603024405
-0.027105860113435
-0.168655954631384
0.0834461247637274
0.0466446124763677
0.0788034026464901
0.15790170132325
0.106113421550088
-0.108952741020773
-0.228788279773151
0.0256748582230503
-0.145463137996228
0.159049149338379
-0.139746691871466
-0.0707939508506874
-0.0833421550094744
0.0459678638941334
0.0753950850661733
0.0345444234404622
0.0121304347826266
0.203812854442343
-0.0833553875236441
0.114049149338342
-0.0729206049149353
-0.313512287334614
-0.0921134215500817
-0.0221550094518102
0.367933837429097
0.0430718336484006
-0.119035916824195
0.145245746691861
-0.0959981096408342
-0.388708884688115
-0.0324234404536853
0.132610586011347
-0.123776937618164
0.197773156899811
0.210584120982991
0.00362003780718593
-0.329177693761817
0.0124045368619818
0.623487712665412
0.429045368620045
-0.119780718336487
0.234368620037813
-0.0372457466918703
0.00656521739129373
0.115134215500939
-0.391281663516077
0.274028355387539
-0.140334593572778
0.169147448015116
0.0178204158790406
-0.151482041587901
-0.160669187145557
-0.264079395085073
-0.0433837429111574
0.0270831758034112
-0.00237996219279911
-0.137761814744795
0.583945179584124
0.181272211720215
0.326746691871455
0.25341209829867
-0.177491493383735
0.434054820415863
-0.316773156899808
0.448506616257087
-0.298822306238185
0.0841739130434792
-0.499924385633268
-0.168869565217394
-0.16404725897921
-0.0370340264650289
0.652372400756145
-0.393209829867675
1.04378260869564
0.247534971644616
0.116568998109644
-0.00925330812854754
0.268996219281662
0.129196597353502
-0.427984877126655
-0.126096408317579
0.370487712665407
-0.32972211720227
-0.876160680529294
0.899824196597352
-0.020620037807183
-0.68884877126654
-0.394247637051037
-0.338344045368621
-0.0162419659735346
-1.01273724007562
0.599582230623818
0.41
0.554302457466919
-0.967616257088847
0.367674858223061
0.504
0.193988657844993
-0.652243856332704
-1.00901134215501
0.309988657844993
0.291383742911153
-0.445
-0.811
0.242
0.259
0.216
-0.022
-0.575
0.427
0.633
0.425
-0.973
0.992
-0.775
0.623
-0.43
0.675
-0.521
-0.408
-0.144
0.114
0.406
0.189
0.283
0.119
-0.916
0.354
0.82
0.773
-0.119
-0.035
-0.566
-0.273
-0.272
0.807
0.117
-0.377
0.016
-0.277
0.632
0.352
-0.859
0.176
0.518
-0.347
0.824
0.417
0.368
-0.584
-0.07
0.829
-0.2
0.854
0.221
-0.719
0.892
0.365
-0.094
-0.877
0.174
0.861
0.158
-0.348
-0.454
-0.332
-0.01
0.299
0.264
-0.582
-0.495
0.946
-0.342
0.756
-0.04
0.503
-0.028
-0.771
0.67
-0.371
0.294
-0.333
0.985
0.404
-0.157
0.052
-0.835
-0.421
0.506
-0.554
0.915
0.751
0.716
-0.107
0.548
0.77
-0.806
0.489
-0.37
-0.15
0.662
-0.476
-0.847
-0.05
0.91
-0.016
0.171
0.043
-0.106
0.718
0.309
0.662
0.694
-0.723
-0.172
-0.493
0.876
0.753
0.809
0.494
