-1.38487145557646
-0.608945179584094
0.346926275992442
-0.672283553875205
-0.0218393194707002
-0.462784499054796
-0.912572778827932
-0.249103969754252
-0.18965595463136
0.0816408317580494
-0.428249527410197
-1.9225463137997
-0.826328922495261
0.159054820415895
0.00963327032137774
0.284750472589797
-1.063629489603
-1.06337618147447
-0.863597353497142
-0.779451795841197
0.42949338374292
-0.790075614366728
-1.04888657844991
-0.0289735349716401
-1.18732514177689
0.144618147448032
-0.359162570888465
-0.485586011342145
0.218623818525529
-0.679706994328912
-0.895291115311889
-0.895086956521724
-0.415695652173904
-0.883663516068037
-0.894122873345922
-0.0835519848771243
-0.338739130434779
-0.785283553875228
-0.218544423440446
0.148514177693768
-0.355994328922495
-1.57019659735346
-0.917446124763699
-0.967052930056656
-1.12158223062374
-1.24946880907367
0.0817334593572806
-0.68253686200377
-0.817253308128535
0.153691871455579
0.0799886578449898
-0.471189035916813
-0.477060491493376
0.0195765595463133
0.705476370510405
-1.10755576559545
-0.26090926275992
0.320606805293008
0.0259111531190938
-0.126342155009451
-0.898990548204116
-0.261580340264644
0.252444234404546
-0.00669565217391354
0.272300567107754
-0.769984877126646
-0.381614366729675
-0.610962192816628
0.1325179584121
-1.0088941398866
-0.623674858223056
0.568534971644617
0.00577504725897897
0.367795841209832
0.316563327032135
0.770956521739137
-0.476654064272203
0.679453686200383
0.187544423440455
-1.13309073724003
-0.742880907372395
-0.707398865784492
-0.218482041587899
-0.225293005671069
0.408546313799621
0.814083175803407
0.517173913043481
0.920060491493387
-0.218629489603022
-0.605565217391301
-0.308937618147444
0.273018903591684
0.63682041587902
-1.01711531190927
0.294614366729682
-1.11898865784502
-0.26456710775047
0.541990548204163
-0.222340264650281
0.795323251417772
0.194527410207941
-0.0719546313799622
0.571468809073728
-0.685013232514177
-0.729304347826081
0.550623818525524
0.679880907372405
0.527962192816638
0.751689981096409
1.14051417769378
0.308551984877129
0.312890359168243
0.899075614366734
-0.152017013232511
-0.102742911153119
0.743136105860116
-0.631472589792058
-0.378595463137995
0.901393194706996
0.728538752362948
0.0271134215500948
0.0660000000000004
0.63649527410208
-0.283710775047257
0.66435538752363
0.478069943289228
-0.705809073723999
0.112682419659737
1.0391550094518
0.684606805293008
0.722141776937617
0.394398865784502
-0.0528922495274103
0.723451795841211
-0.125822306238184
0.399434782608696
0.161586011342156
-0.694204158790169
-0.651998109640831
0.645674858223062
-0.545436672967862
-0.272603024574671
-0.269247637051041
0.278797731569
0.581574669187145
0.930574669187145
0.553
-0.0892892249527404
0.498198487712666
0.772177693761815
0.76106616257089
1.1825538752363
0.694
0.0500661625708884
-0.0588223062381852
-0.588446124763704
0.37
-0.156689981096408
-0.0913345935727803
0.315310018903592
0.741310018903592
-0.673822306238185
0.451
-0.898
-0.489
-0.747
0.931
-0.805
-0.884
0.511
-0.34
-0.986
-0.781
0.974
0.876
-0.301
-0.126
-0.183
0.716
-0.77
0.727
0.158
-0.973
-0.811
0.907
0.498
0.508
-0.836
-0.214
-0.269
0.899
-0.609
0.658
0.285
-0.779
0.703
-0.234
-0.911
-0.615
-0.197
0.475
0.358
-0.262
0.731
0.097
0.661
0.679
0.719
0.088
-0.772
0.254
-0.448
-0.057
-0.534
0.404
-0.601
-0.715
0.261
-0.805
0.012
-0.256
0.766
0.408
0.384
0.611
-0.731
-0.645
-0.066
0.753
-0.827
0.933
-0.216
-0.569
-0.088
-0.246
-0.631
-0.58
-0.705
0.091
-0.755
0.819
0.789
0.075
-0.442
0.477
0.347
0.447
0.192
0.881
0.822
0.418
0.504
0.893
0.373
-0.942
0.708
0.949
0.353
-0.88
-0.172
0.305
-0.256
0.966
-0.085
-0.705
-0.531
-0.88
-0.969
0.711
0.035
0.978
0.989
-0.83
0.949
0.192
-0.045
-0.31
-0.15
0.907
-0.736
