-3.02330623816344
-1.51811342158138
-0.810924385633253
-0.421364839323515
-0.0187920604905329
-0.888695652175646
-1.26391871455341
-0.23187334593711
0.444914933841177
-0.41071833648224
-0.271705103968989
-0.218032136104169
-0.352519848768053
0.269922495274937
-0.647211720225526
0.0108733459365107
-0.494417769375945
-0.426189035915404
0.0517674858226444
-0.693540642722387
-0.0637504725903078
0.113005671077837
-0.63156143667291
10.0688714557178
-0.472351606804253
0.0866937618159534
0.00100945179653113
0.206017013232787
0.0767561436676942
-0.141359168241308
-0.0837372400750273
0.120805293006044
0.072826086956912
-0.120293005670673
0.128523629490515
0.124011342155816
0.118429111531513
0.044317580340957
-0.080810964082724
-0.0324782608691976
0.0431625708887395
0.16778827977357
0.0298449905486076
0.121130434782963
0.0878090737244738
-0.019277882797325
0.0154952741027406
-0.088069943288743
0.0196068052935776
-0.0560113421547336
0.165047258980116
0.0491342155012253
0.16603213610626
0.0379376181477133
-0.112449905481622
-0.0829092627596107
-0.000500945179310073
-0.0390586011340378
0.13079962192912
0.00415500945206606
-0.0778506616252839
-0.145739130434668
-0.029801512287116
0.232249527411084
0.199483931947259
-0.075875236294674
0.127801512287512
0.0466011342156414
0.0520793950852755
-0.000956521738910483
0.0507618147452314
-0.104897920604675
-0.0368317580338815
-0.084996219281588
0.104506616257143
0.342603024575201
-0.0779924385629451
-0.0282665406426245
0.0731625708885548
-0.201710775046961
-0.197705103969578
0.116907372400948
-0.0442684310017917
0.220669187146102
0.223839319470981
-0.195308128544271
0.0828449905482627
0.269710775047719
-0.151565217391228
-0.078737240075585
-0.238909262759818
-0.0675198487712596
-0.0741947069942555
-0.206894139886574
0.0779810964084672
-0.146637051039717
0.0222589792061158
0.388277882798143
-0.167727788279752
0.24591493383754
-0.163147448015071
-0.280160680529342
-0.411888468808956
0.195839319470751
0.10678260869559
-0.336860113421437
-0.267113421550017
0.494357277882823
-0.0675141776936731
0.109691871455613
0.422304347826184
0.268258979206135
0.0673081285444386
-0.347128544423409
0.32656899810972
-0.276570888468781
-0.302848771266471
0.328924385633369
0.398769376181462
0.579047258979215
-0.3019697542533
0.260264650283593
-0.407748582230573
-0.0851568998109294
-0.748814744801498
-0.27213232514179
0.204646502835568
-0.0870264650283144
-0.0911984877126568
-0.434166351606812
0.530119092627626
-0.00224196597352546
0.35537996219285
0.547947069943276
-0.873629489603018
0.0999413988657974
0.717359168241966
-1.26426465028375
-0.341744801512277
-1.32965973534985
0.334565217391319
-0.0401115311909284
-0.00351228733459113
0.0218241965973517
-0.284595463137997
0.64211531190926
0.991298676748578
0.808795841209839
0.215536862003768
-0.127544423440444
-0.491763705103972
-0.686155009451799
0.8
-0.588039697542534
-0.670506616257089
-0.386132325141777
-0.415
0.610413988657843
-1.0595992438563
-1.08658601134214
-0.393586011342157
-0.612506616257089
-0.129
0.921
-0.015
-0.136
-0.004
0.448
-0.689
-0.366
-0.941
-0.109
0.345
-0.86
0.089
0.163
0.872
0.164
-0.044
-0.588
0.254
-0.056
-0.865
-0.837
0.61
-0.779
-0.634
-0.739
-0.222
0.615
-0.375
-0.894
-0.992
0.198
0.372
0.569
-0.482
0.376
-0.881
-0.884
-0.146
-0.555
0.546
-0.323
-0.058
0.742
0.31
0.659
0.374
0.174
-0.088
0.421
-0.236
0.655
-0.23
0.772
-0.739
-0.293
-0.69
-0.236
-0.503
-0.265
-0.331
-0.305
-0.992
0.953
-0.118
-0.853
-0.232
0.52
-0.355
-0.505
0.045
-0.16
0.558
-0.192
0.398
0.457
0.22
0.868
-0.09
-0.293
-0.114
0.604
-0.298
0.204
0.341
-0.648
-0.572
0.6
0.307
0.81
0.066
0.354
0.618
-0.882
0.776
-0.15
-0.332
-0.011
-0.141
0.163
-0.109
0.854
-0.471
-0.583
-0.625
0.924
-0.903
0.961
-0.627
-0.197
0.486
-0.559
0.854
0.79
0.849
0.065
0.992
-0.196
