-2.84780340264164
-0.766009451795236
-0.875561436672963
-0.965020793951178
-1.28223062381869
-1.42543478261185
-1.1738865784499
-0.46229867674874
-0.832854442342857
-1.47408317580295
-0.170982986767426
-0.986812854442666
-0.765531190925863
-0.734514177693673
-0.0943742911151003
-0.273457466918676
0.327850661625809
-0.129860113421583
-0.353387523629373
-0.29543478260866
0.0527164461248044
-0.171049149338482
-0.271096408317568
-0.544332703213513
-0.490508506616099
0.0555897920606473
-0.0603780718335117
0.0217939508507722
-0.467869565217156
-0.170342155009326
0.618183364839493
0.174332703213743
0.00791493383760769
-0.397393194706901
0.0696899810965676
-0.043190926275924
0.0394366729679588
-0.285903591682273
-0.0980548204157327
0.00629867674869108
-0.0774688090736163
0.0684593572780359
0.421510396975539
0.332756143667463
0.599170132325311
-0.393644612476283
-0.228616257088728
-0.353633270321261
0.481094517958548
0.132686200378165
0.156695652174052
-0.0573875236294062
0.0648998109641497
0.225020793950911
0.301620037807265
0.0127542533081979
-0.0516238185254397
0.372875236294959
0.217776937618227
0.376262759924547
0.395285444234505
0.336400756143729
7.48188657845026
0.582289224952715
0.685616257088929
0.618767485822346
0.863440453686176
-0.061427221171968
0.405098298676787
-0.103168241965948
0.213570888468851
0.0319413988658052
-0.423582230623787
0.0830756143667345
0.190351606805339
0.186998109640849
0.0373478260869474
0.190098298676738
0.00247258979207845
-0.180039697542525
0.317287334593571
0.00255765595464584
0.602081285444254
-0.0490982986767332
-0.336017013232514
-0.194521739130432
-0.0711512287334322
-0.163758034026473
-0.0666880907372256
-0.0229319470699332
0.156771266540644
-0.212510396975405
0.285017013232533
0.731258979206076
-0.344563327032122
-0.440862003780693
0.200466918714563
-0.120136105860125
-0.10238752362948
0.129741020793959
-0.452264650283516
-0.170551984877114
0.142497164461258
-0.718249527410174
0.171950850661636
-0.333712665406433
-0.235412098298674
0.347553875236273
0.802627599243872
-0.209629489603025
-0.403192816635165
-0.226181474480156
0.535809073724013
-0.0823345935727751
-0.0436313799621885
-0.501884688090727
-0.381992438563328
1.18924763705106
0.69329867674859
-0.613773156899808
0.257499054820413
-0.743650283553874
-0.236705103969751
0.379298676748581
0.100591682419661
0.1982381852552
-0.0749092627599248
0.228901701323254
-0.661680529300564
-0.234625708884685
-0.956340264650278
-0.464026465028355
0.456001890359171
0.0783081285444237
0.309977315689985
-1.26457844990551
-0.727423440453683
0.198875236294904
-0.674262759924381
0.24291493383743
-0.131604914933838
0.474434782608694
-0.0996559546313768
0.0606559546313807
0.924211720226848
1.20384120982987
0.227578449905483
-0.853402646502831
-0.918926275992441
0.529194706994332
-0.520644612476371
-0.874468809073721
-0.934
0.131368620037807
-0.288438563327032
1.01722873345936
0.655
-0.394701323251417
0.84042155009452
-0.665701323251417
1.01529867674858
-0.660438563327031
0.315
0.282
0.44
0.988
-0.375
0.742
0.473
-0.961
-0.861
0.249
0.493
0.957
-0.873
0.878
0.813
0.274
0.379
-0.461
-0.7
0.036
-0.131
-0.388
-0.774
-0.89
-0.496
-0.312
-0.379
-0.884
-0.533
0.56
0.668
-0.752
-0.029
-0.793
-0.471
0.425
0.563
0.913
0.282
0.599
-0.273
-0.767
0.747
0.201
-0.479
-0.891
-0.041
-0.175
-0.947
-0.619
0.127
0.187
0.936
-0.119
0.463
-0.298
0.056
0.329
0.484
0.937
0.121
0.357
0.571
-0.421
0.581
0.244
-0.014
0.919
0.349
-0.613
0.71
0.466
0.256
-0.299
-0.692
-0.365
-0.135
0.024
0.588
-0.606
0.728
0.795
-0.938
-0.914
-0.568
-0.52
-0.688
-0.91
-0.256
0.826
-0.632
-0.767
-0.571
0.345
-0.522
0.37
-0.339
0.168
0.62
0.276
0.123
0.039
0.476
0.665
-0.33
0.661
0.93
0.235
-0.428
-0.173
0.837
-0.968
0.741
0.089
-0.792
0.325
0.294
0.484
