-2.04792438694619
-0.561818526278927
0.727421550004387
-1.23461058615714
-0.422444234505902
-1.15562570973073
-1.09594517896708
-0.500888471207658
-0.67779962288579
-1.09325330761865
-0.89268053088712
-1.35108695708978
-0.306856332229956
-0.121054819556054
-1.04219848523623
0.238130438517111
-0.278582227973197
-0.466141778088328
-0.13951985100778
-1.22544990511865
0.525877123037297
-0.268827972117862
-0.659567108863162
-0.161086958682252
0.189786391247087
-0.268546317226991
-0.627894139584473
0.145599242047208
-1.24899810966619
-1.51582797871953
-1.02846691998018
-0.991241962409233
-0.421359166712393
-0.389115309993051
-0.625482037196434
0.547686203107704
-0.367608696544382
-1.66448015542684
-0.184858224000329
0.421404540607003
-0.684943288084097
-0.632684309691351
0.257892250507038
-0.498546310695431
-0.282916824952211
0.777334596670059
-1.43549905481439
-1.02279583916066
-0.484457463481411
-0.286735351771992
0.455557652795461
-0.707224952808519
-1.03185066014074
0.016381853566767
-0.605714555170492
0.789759929746184
0.432570887284368
0.435192818479561
-0.779406426300748
-0.673612481083742
0.898213610566232
-1.44433270311258
-0.191493384750647
-0.603614367721908
-0.926553879210138
0.57875236398283
0.540310018078288
-0.883572779444881
0.156451800139043
-0.186347821425075
0.121523629724752
0.00432891679325633
-0.109882796572384
-0.0475973538788256
0.302018906031179
-0.362657846969388
-0.260848771402341
-0.79065973613833
0.331139885884032
-0.274228731926978
0.562935725685474
0.486489604057619
0.873243853147641
-0.0426105888260768
0.285325143384669
0.162311909383211
-0.97692438977329
0.545190927431686
-0.231234407205118
-0.535563330491266
0.404001890733836
0.0876918708556026
0.772298674833105
0.466676751360394
-0.290939507965037
-0.623691873652686
0.761778831788633
0.324408315034723
-0.395480153879352
0.318663515403338
0.374871453216019
0.899255204213676
-0.493385635192061
0.698629489703065
-0.447389416369545
-0.0623345928446133
-0.348294895530991
1.27642722169815
0.13836294537575
0.373058603501822
0.287793955199198
-0.471145561680588
0.416860115156734
1.0296918714549
0.306173914386395
0.72216067603997
0.510778826135831
1.14024763825109
1.89215689749913
1.87086956534659
4.21659357625891
0.549412097113488
1.82781285136716
1.07452930641135
1.18124763773119
0.498379963268183
0.83637051016601
0.763137996042518
0.192105858962692
-0.141207939516988
0.615686198447867
0.384449904982765
1.4094990534903
0.0818449907503188
0.113368620828621
0.0904688123307143
0.0268903590006401
0.759018903402265
-0.749671078450517
-0.109381855137865
0.0873005668584834
0.437291117021755
0.171714557100802
0.0443761821195443
0.255179586343478
0.121603027371804
0.224234403743951
0.348750472875652
-0.441536861179832
0.843083177734375
-0.912644612349606
-0.715330812389664
0.584
0.0275066164261007
0.00641776940434999
-0.604644611913004
-0.084
0.104431002256546
-0.0997334589347471
0.289431002256541
-0.0675689977434496
0.339417769404346
-0.912
-0.334
-0.575
0.811
-0.81
0.561
0.389
-0.499
-0.863
0.589
0.347
-0.134
0.751
0.169
0.363
-0.354
-0.841
0.412
0.662
-0.981
-0.689
0.277
-0.34
-0.073
-0.253
0.88
-0.656
-0.224
0.411
0.489
-0.906
0.16
0.738
0.87
0.424
-0.514
-0.5
0.148
-0.759
0.818
-0.999
-0.789
0.542
-0.53
-0.138
-0.283
0.267
0.836
0.003
-0.73
-0.074
0.467
0.608
-0.105
0.026
-0.189
-0.994
0.497
0.064
-0.69
0.216
-0.387
0.09
-0.353
0.494
-0.813
0.127
0.881
0.744
-0.124
-0.855
0.01
0.17
0.844
-0.982
-0.901
0.735
-0.81
-0.936
-0.971
-0.387
-0.492
0.772
0.14
-0.438
-0.374
0.551
-0.158
-0.157
-0.387
-0.52
0.003
-0.916
0.931
-0.399
0.387
0.12
-0.106
-0.025
-0.325
0.59
0.385
-0.909
-0.873
-0.876
0.915
-0.704
0.764
-0.123
-0.074
0.075
0.816
0.433
0.035
0.696
-0.292
-0.159
0.95
