-2.59345557653369
-1.21322495275858
0.035616257088856
-0.199831758029119
-0.291393194704538
-1.60982230628152
-0.817595463135505
-0.31587523629574
-0.298499054810152
-0.933362948961929
-0.479686200377249
-0.180483931943642
-0.764612476385519
-0.435275992437818
0.171809073726162
-0.0229395085060108
-0.00351984877103457
-0.0413308128540394
0.199262759924727
0.0602778827979335
-0.0897504725896393
-0.115385633270779
-0.0432173913042551
-0.184516068052481
-0.174818525519385
-0.0566899810954013
-0.12069754253155
-0.0249621928162168
-0.0123648393188524
0.0951379962200586
0.122221172023756
-0.0813742911148854
0.109113421550577
0.166368620038462
-0.0420907372392781
0.0639092627602851
0.262907372402608
0.0913459357294058
-0.0175387523621703
0.0975085066173753
10.5685085066043
-0.0104725897913401
0.0176086956535537
0.0185463138008684
0.348436672969237
0.0790453686205956
-0.0140283553868688
-0.0764574669182745
-0.0848355387516003
0.0487202268434597
0.0613459357283604
-0.0187088846875142
-0.0948260869561131
-0.195024574668472
-0.195032136105272
-0.16663327032082
0.134758034026798
-0.06767485822217
0.0302249527413167
-0.0575368620033997
-0.0155897920602462
0.254098298677388
-0.00105293005636422
0.0661928166354482
-0.00790737240035562
-0.192262759924136
0.0595916824200751
-0.0775387523626209
0.0883837429113289
-0.0593969754250331
-0.0164706994327248
-0.0929754253303807
0.295678638942179
0.114931947070456
-0.0417844990546729
-0.152111531190664
0.0767807183366922
-0.0410245746689126
0.0525311909267628
-0.161291115311742
-0.36449527410139
0.107933837429323
-0.168860113421299
0.19122306238198
0.397631379962727
0.0572816635163916
-0.0135406427220247
-0.102344045368471
-0.197200378071679
-0.203962192816574
0.0963931947072446
0.0469735349716528
-0.0395954631378763
0.298922495274232
-0.143990548204073
-0.120844990547996
-0.0713837429109685
-0.0793572778826305
0.0429943289225527
-0.151644612476282
-0.181396975425288
0.214211720227012
0.0222495274102705
0.250553875236529
0.0367807183365109
-0.0918979206047137
-0.603612476370427
0.0160850661626321
-0.446718336483751
-0.695621928166184
0.811824196597619
0.00375992438570888
0.0011947069943606
0.113538752363008
0.0838412098299268
0.122695652173949
-0.469763705103912
0.690939508506745
0.132117202268449
0.352580340264646
-0.672160680529261
-0.565907372400752
0.866826086956543
-0.167538752362916
-0.463973534971669
-0.268548204158793
-0.146062381852545
-0.270784499054767
-0.353553875236299
-0.338291115311902
0.421107750472628
1.0531134215501
0.122975425330835
0.462155009451781
-0.307871455576531
0.223750472589853
0.184873345935699
0.624954631380018
-0.0799621928166655
-0.933438563327054
-0.337215500945196
0.144705103969757
-1.50345179584139
-0.451483931947075
0.499281663516064
0.0557712665406377
-0.00295274102079469
-0.388011342155016
0.21124574669188
0.285298676748588
0.142342155009453
0.585030245746696
0.219
-0.330434782608697
-0.165739130434778
-0.921782608695657
0.672
0.679391304347836
0.63791304347827
0.0273913043478312
0.0233913043478308
-0.826739130434769
0.691
0.547
-0.751
0.952
-0.986
0.237
0.643
-0.078
0.451
0.435
0.182
-0.399
0.237
-0.419
0.309
0.634
-0.613
0.795
-0.751
0.379
0.163
0.993
0.654
-0.835
-0.277
0.175
0.763
0.621
0.693
-0.15
0.004
-0.261
0.503
0.351
0.94
-0.542
-0.115
0.828
0.193
0.734
-0.196
-0.991
-0.515
0.696
-0.493
-0.382
0.562
-0.725
0.203
-0.962
0.574
-0.831
0.061
0.926
0.031
0.698
0.892
-0.916
0.229
-0.162
0.474
-0.978
0.228
-0.399
-0.57
-0.558
0.097
0.886
-0.359
-0.15
-0.252
-0.441
-0.398
-0.486
-0.425
0.154
0.507
0.958
0.657
-0.896
0.612
0.488
-0.583
0.654
0.276
-0.165
0.678
0.576
-0.68
-0.759
-0.435
-0.199
-0.402
-0.646
-0.74
-0.219
-0.22
0.884
0.265
-0.936
0.52
0.676
0.633
-0.647
0.29
0.014
0.567
-0.453
0.351
0.877
-0.81
0.934
-0.574
0.124
0.225
0.985
0.605
0.573
