-1.20870510396971
0.166667296786404
0.823637051039698
-0.993211720226828
-0.857423440453663
-1.43982797731583
-0.906005671077482
-1.06856710775046
-1.39741776937606
-0.783793950850652
0.22507561436673
0.0430321361058698
-0.252862003780712
0.1645538752363
-1.288427221172
-0.881270321361048
-0.512183364839317
0.230610586011343
-1.11710018903588
-0.797351606805292
-0.115207939508506
-0.739559546313794
-1.38859168241963
-1.25545557655954
-0.696631379962192
-0.0766200378071844
0.503175803402651
-0.887483931947068
-0.848368620037804
-1.17758790170129
-0.369769376181473
-1.05911531190924
-0.713378071833647
-0.353105860113418
0.332512287334597
-0.819534971644608
0.523867674858226
-1.32665973534971
-0.481964083175801
-0.400504725897916
0.397790170132328
-0.568776937618144
-0.84077882797731
-0.514761814744799
-0.480935727788278
0.123682419659734
-0.132045368620037
0.0343686200378115
-0.920733459357273
-0.676451795841207
0.422192816635162
-0.740848771266537
0.296398865784506
0.293041587901703
-0.0325500945179584
-1.07742344045369
0.440837429111534
0.341325141776939
0.505404536862008
-0.355999999999999
-1.0484461247637
0.417151228733466
0.459858223062383
0.706446124763708
0.473026465028359
0.0180680529300566
-0.210563327032134
-0.870037807183362
0.383081285444237
0.448404536862006
-0.610241965973533
-0.223803402646503
-0.239221172022686
0.170400756143669
-0.227750472589793
-0.65370888468809
-0.987682419659735
-0.026476370510397
0.126654064272212
0.0728260869565215
-0.966368620037808
-0.592629489603024
-0.860890359168241
0.82377504725898
-0.622519848771266
-0.513663516068052
-0.400882797731568
0.138192816635161
0.860446124763706
0.536534971644613
-0.388971644612476
-0.813731568998109
-0.722950850661626
0.926493383742912
-0.28967674858223
-0.966485822306238
0.0204593572778828
-0.526431001890358
0.222041587901702
0.587007561436673
-0.462122873345935
-0.0578487712665407
0.87907561436673
-0.433410207939508
-0.984451795841209
-0.248143667296786
0.585328922495275
-0.702034026465028
-0.340321361058601
-0.334890359168242
-0.898814744801512
-0.329
-0.543362948960302
-0.460671077504726
-0.194979206049149
0.733637051039698
0.546
0.92152741020794
0.581328922495274
0.161493383742911
-0.378362948960302
0.80152741020794
-0.645890359168242
-0.975814744801512
0.067
-0.680308128544423
-0.377088846880907
-0.00645179584120983
-0.462
-0.18145179584121
0.430219281663516
0.609637051039698
0.837493383742911
0.634637051039698
-0.329
0.114164461247637
-0.462253308128544
0.538493383742911
0.828020793950851
0.63454820415879
-0.0862325141776938
-0.68
-0.505
0.227
0.45
0.975
0.775
0.775
0.121
0.022
-0.495
0.115
-0.096
-0.931
-0.012
-0.249
-0.395
0.852
0.526
0.701
-0.872
-0.413
0.768
0.852
0.232
-0.5
-0.176
-0.179
0.873
0.696
0.194
0.999
-0.916
0.942
-0.757
-0.697
0.307
0.129
-0.414
0.091
-0.452
-0.146
0.882
0.515
-0.677
-0.682
-0.293
0.776
-0.352
0.92
-0.488
-0.311
-0.98
-0.865
0.516
-0.661
-0.448
-0.357
0.994
-0.051
0.15
-0.047
0.902
0.425
0.828
-0.494
0.03
-0.038
0.826
-0.316
0.444
0.476
0.266
-0.565
0.153
0.273
-0.295
-0.748
0.528
-0.087
0.793
0.048
-0.828
0.953
0.183
-0.496
0.978
0.948
-0.574
0.904
0.751
-0.336
0.134
0.636
0.94
0.594
-0.048
-0.543
0.687
0.816
0.288
0.745
0.95
0.963
-0.524
0.035
0.423
0.584
-0.018
-0.758
0.633
-0.701
0.114
0.08
0.156
-0.898
-0.22
0.949
-0.759
0.323
-0.473
0.081
-0.464
0.921
-0.067
-0.221
-0.658
0.629
-0.506
0.558
-0.679
-0.752
-0.435
0.712
0.625
-0.953
0.098
-0.792
0.476
-0.853
