-1.10114177693759
-1.27362003780725
-0.575
-1.4500737240077
-0.302005671077501
-0.155073724007556
0.817994328922516
-0.889863894139893
-0.724831758034012
0.00180529300567319
0.1231550094518
-1.31953875236298
-1.31775425330814
0.0434328922495288
-0.880374291115299
0.152100189035916
-0.271771266540641
-0.547153119092626
0.0705727788279798
-0.436680529300565
-0.52000756143667
-0.460538752362947
-0.0097788279773159
-0.359848771266538
0.278722117202271
-0.630510396975422
-0.369540642722111
0.0791153119092646
-0.0595633270321364
-0.821964083175799
-1.11751606805289
0.279733459357283
-1.35485255198488
-0.0381417769376197
-0.961574669187138
-0.63202457466918
-0.92941587901701
-0.681232514177689
-0.556017013232509
-0.348111531190919
0.118124763705106
-0.0590793950850647
-0.841971644612474
-0.0900472589792065
0.238833648393196
-0.839576559546307
-0.201984877126652
0.273463137996223
0.482926275992445
0.556396975425333
-0.738733459357275
0.176317580340266
0.320315689981099
-0.43446313799622
-0.931695652173909
-1.04797542533081
-0.337147448015122
0.135455576559547
-0.823368620037806
-1.10911342155008
-0.596024574669186
-0.848550094517958
0.138508506616258
-0.784720226843099
-0.066406427221172
0.498431001890359
-0.886291115311909
-0.426170132325141
-0.0120604914933838
0.645790170132324
-0.0163648393194706
-0.632654064272212
-1.05640831758033
-0.738270321361058
0.480166351606806
0.232306238185255
-0.64603213610586
-1.00101701323251
0.317141776937617
0.052553875236295
0.345049149338373
0.167905482041588
0.738383742911153
0.531432892249527
0.938453686200379
-0.235705103969754
-0.815211720226843
0.326775047258979
0.30281663516068
-0.797814744801512
0.92109640831758
0.0863024574669185
-0.421245746691872
-0.186979206049149
-0.438759924385633
0.0744253308128544
-0.667342155009452
-1.00148582230624
-0.673034026465028
0.901555765595463
-0.630506616257089
-0.267362948960302
-0.352
-0.953979206049149
-0.379088846880907
0.989856332703214
0.474637051039698
0.197054820415879
0.100911153119093
-0.235890359168242
0.655185255198488
-0.348
0.769637051039698
-0.0526710775047259
-0.397979206049149
0.285637051039698
-0.423
0.61552741020794
-0.576671077504726
-0.687506616257089
0.520637051039698
-0.12847258979206
0.252109640831758
-0.195814744801512
0.796
-0.962308128544423
0.876911153119093
0.20854820415879
0.821
-0.55645179584121
0.0622192816635161
-0.587362948960302
0.783493383742911
0.552637051039698
-0.109
-0.349835538752363
-0.434253308128544
0.681493383742911
-0.0549792060491493
-1.00845179584121
0.287767485822306
0.009
-0.743
-0.407
-0.454
0.287
0.354
0.656
-0.789
0.285
-0.479
-0.273
0.587
-0.986
-0.587
0.505
0.481
0.832
-0.742
-0.414
-0.889
-0.742
0.376
-0.345
0.699
0.252
-0.14
-0.784
-0.939
0.957
-0.282
-0.113
-0.338
-0.573
0.02
-0.486
-0.385
-0.34
-0.731
-0.491
-0.314
-0.772
0.007
-0.464
0.931
-0.661
-0.172
0.778
0.142
0.385
0.172
-0.263
0.431
-0.633
0.89
0.042
0.632
0.601
-0.106
0.294
-0.573
0.138
0.594
-0.747
-0.433
0.634
-0.935
0.16
-0.006
0.898
-0.11
-0.179
0.562
0.748
0.899
0.883
0.251
-0.16
-0.276
0.36
-0.576
0.081
0.074
-0.324
-0.215
0.98
0.456
-0.706
-0.463
0.977
-0.119
0.014
0.766
-0.025
-0.918
0.548
-0.366
-0.247
0.968
-0.703
-0.727
0.668
-0.216
0.243
-0.505
-0.65
0.175
0.682
-0.533
-0.993
0.79
-0.208
-0.124
0.533
-0.13
0.345
-0.937
-0.082
0.468
-0.414
-0.822
0.771
-0.378
0.016
0.017
0.876
0.055
-0.413
0.666
-0.649
0.248
-0.503
-0.129
-0.573
0.086
-0.245
-0.703
0.831
-0.82
-0.566
