-0.750126654064264
-1.53260491493391
0.559911153119094
-0.91036105860112
-0.354998109640838
0.144844990548219
-0.495128544423436
0.0230170132325119
-1.53561058601127
-1.17373345935725
-0.512228733459355
-0.576342155009446
-0.568137996219275
-0.825032136105854
0.613544423440461
0.0344366729678695
-1.20695274102078
-0.813945179584117
-1.14485255198485
-0.227975425330809
-0.877803402646495
0.122765595463142
-0.382527410207938
0.145778827977318
0.0828506616257114
-0.906655954631376
-1.22652551984878
-1.13550472589787
-0.786941398865773
0.320570888468813
-1.01928544423439
-0.133427221172022
-0.196973534971644
-0.943495274102075
-0.856899810964079
-0.629591682419658
-0.920465028355383
-0.848028355387522
-0.294977315689982
-0.788100189035913
-0.0964990548204146
-0.860775047258979
-0.560251417769373
-1.14011909262757
-0.852742911153113
0.225525519848771
-0.793052930056708
0.224325141776941
0.491020793950854
0.230920604914936
0.0866994328922514
-0.628088846880904
-0.7404461247637
-0.476950850661626
-1.07713799621926
0.391703213610588
-0.206843100189035
0.598914933837434
-0.205931947069943
-0.941253308128541
0.412958412098298
-0.925368620037804
-0.23073913043478
-0.709733459357275
0.659769376181477
0.31348771266541
0.462313799621929
-0.728194706994327
0.667446124763706
-0.155729678638942
-0.122603024574667
0.291304347826089
0.42101323251418
0.270374291115316
0.570264650283555
0.487697542533086
-0.580215500945178
-0.528379962192816
-0.355030245746691
0.51044423440454
0.732750472589794
-0.609223062381851
-0.560835538752362
-0.0216427221172023
-0.756204158790169
0.384741020793951
-0.253094517958412
-0.61558034026465
-0.733141776937617
-0.297807183364839
0.653756143667297
-0.738243856332703
0.453366729678639
-0.292342155009452
-0.135423440453685
-0.190979206049149
0.531534971644613
-0.796697542533081
-0.735198487712665
-0.125115311909263
0.72115122873346
-0.925026465028355
0.614952741020794
-0.50075236294896
-0.549177693761814
0.708856332703214
0.212712665406428
-0.228211720226843
-0.210786389413988
-0.814890359168242
-0.00681474480151229
-0.834
-0.0493629489603025
0.0473289224952741
-0.570979206049149
0.142637051039698
0.927
-0.97847258979206
-0.778671077504726
-0.448506616257089
-0.185362948960302
0.46252741020794
-0.928890359168242
0.198185255198488
0.457
-0.247308128544423
-0.946088846880907
-0.0744517958412098
-0.228
0.15254820415879
-0.613780718336484
-0.442362948960302
-0.425506616257089
-0.877362948960302
-0.767
0.762164461247637
-0.145253308128544
0.895493383742911
-0.455979206049149
-0.43345179584121
-0.806232514177694
-0.997
0.616
-0.846
0.735
0.586
0.408
-0.465
-0.719
0.763
-0.11
0.535
-0.984
0.71
-0.902
-0.723
-0.964
-0.571
0.08
0.709
0.654
-0.711
-0.979
0.673
0.797
-0.555
0.583
-0.173
-0.181
-0.328
-0.714
-0.977
0.469
0.65
-0.648
-0.186
0.847
0.918
0.475
0.871
0.347
0.525
-0.346
0.008
-0.729
-0.146
-0.457
-0.128
-0.974
0.955
0.729
-0.571
-0.177
-0.157
-0.078
0.917
0.981
0.942
-0.643
0.29
-0.998
-0.42
0.716
0.608
0.477
-0.133
-0.934
-0.635
0.357
0.283
-0.57
-0.882
-0.046
0.209
-0.639
-0.872
0.635
0.013
0.401
-0.057
0.901
-0.29
-0.2
-0.137
-0.057
0.857
0.2
-0.375
-0.272
-0.565
-0.167
0.904
0.561
-0.816
0.868
-0.233
0.809
0.045
0.531
0.404
-0.213
-0.823
0.515
-0.257
0.525
0.61
0.474
0.613
-0.519
-0.207
-0.718
-0.032
-0.46
0.413
0.389
0.291
0.779
-0.148
-0.335
0.62
0.666
0.441
0.637
-0.078
-0.55
-0.475
-0.443
-0.231
0.34
0.594
-0.681
-0.41
0.482
0.997
-0.844
0.723
0.195
-0.943
0.338
0.332
