-1.24838752362943
-0.914183364839299
-0.94984877126654
-0.113185255198477
0.759001890359197
0.071567107750491
-0.476669187145554
-1.21719659735344
-1.2659829867674
-0.740907372400744
0.0374896030245765
-0.85252362948959
0.155032136105871
-1.02247826086955
-0.200504725897915
0.0949810964083241
-0.0592249527410214
-0.295950850661622
-1.40660491493383
-0.424981096408313
0.0992495274102126
-1.19429867674854
-1.50163516068053
-0.21137618147448
-0.132824196597347
-0.0533591682419649
-0.680945179584115
-0.436650283553874
-0.169608695652172
-1.70299432892249
-1.76054631379957
-1.09864272211716
-0.845020793950843
-0.86036483931946
0.121073724007567
-1.16943856332702
-0.459977315689978
-0.863499054820412
0.0124083175803444
-1.22961436672969
-0.142986767485822
-0.391359168241966
-1.09006805293002
0.669245746691876
0.363198487712672
-1.26652551984873
-0.437389413988657
-0.161814744801511
-0.851809073724002
-0.718446124763701
-0.939657844990543
0.00287712665406538
-0.628474480151225
-0.579026465028353
0.372018903591685
-0.302725897920604
-0.710752362948958
-0.613763705103968
-0.883534971644611
-0.953706994328918
-0.166729678638941
0.562005671077505
-0.896359168241963
-0.76058601134215
-0.0758790170132326
-0.164907372400755
-0.500886578449907
0.142941398865784
-0.627011342155006
-0.0608941398865783
-1.05090170132322
0.192215500945182
-1.01629867674857
0.775750472589793
0.288839319470704
-0.617196597353495
0.35176370510397
-0.62551228733459
0.115406427221173
0.156858223062382
-0.571128544423438
0.135879017013234
-0.576334593572776
0.306871455576561
0.39545368620038
-0.261533081285444
0.579871455576561
0.640850661625709
-0.271608695652174
-0.174499054820414
0.70624763705104
-0.665739130434782
-0.944047258979204
0.113035916824197
0.101994328922495
0.757672967863895
-0.0323345935727788
-0.726457466918714
-0.230355387523627
-0.138773156899809
0.375610586011342
0.800103969754254
0.121568998109643
0.242584120982987
-0.5772797731569
0.205500945179584
0.136378071833649
-0.399971644612474
0.21241965973535
0.312884688090738
0.431466918714556
-0.893423440453685
0.773137996219281
0.0687202268431007
0.694926275992439
0.673289224952743
0.282007561436673
-0.132342155009451
-0.145170132325142
-0.692
0.296754253308128
-0.0888620037807183
-0.538718336483931
0.577260869565218
0.285788279773158
0.648336483931947
0.227
-0.110013232514177
-0.252102079395084
0.581733459357279
0.44254820415879
0.142493383742912
0.606206049149339
-0.699088846880907
0.792062381852552
-0.370342155009452
-0.925725897920604
0.12715122873346
-0.121102079395085
-0.810574669187145
0.58413043478261
-0.0320264650283554
-0.595725897920604
0.394657844990548
0.362370510396976
0.593
-0.460671077504726
-0.027945179584121
0.40009640831758
0.389480151228734
-0.488
-0.874
0.431
-0.511
0.563
-0.536
0.352
0.541
-0.995
-0.22
-0.988
-0.722
0.862
0.677
0.902
-0.678
-0.477
0.501
0.288
0.113
0.65
-0.84
0.975
-0.32
-0.287
-0.675
-0.461
0.086
-0.787
0.714
0.135
-0.746
0.487
0.357
0.09
0.325
0.719
0.138
-0.255
0.355
0.288
-0.462
0.142
-0.877
-0.799
0.317
0.139
-0.268
0.504
0.063
0.07
0.044
0.685
-0.694
0.764
-0.648
-0.849
-0.249
0.776
0.238
0.924
-0.734
0.328
-0.71
0.645
0.758
-0.21
-0.495
-0.414
-0.424
-0.397
0.385
-0.244
0.932
0.824
0.112
0.018
0.851
-0.522
0.396
0.185
0.807
0.581
0.15
-0.356
-0.909
-0.432
0.181
0.593
-0.262
0.174
-0.032
0.362
0.506
0.43
0.021
0.21
-0.148
-0.522
-0.558
-0.474
-0.366
-0.854
-0.073
-0.541
0.684
-0.713
0.752
-0.518
-0.348
0.334
-0.701
-0.728
-0.621
-0.947
-0.883
-0.316
-0.822
0.645
0.554
0.19
0.609
-0.089
0.847
0.401
0.634
-0.977
0.25
-0.499
-0.198
