-1.60293005693287
-1.94641398865875
0.754669187119515
-0.45357277974615
-0.571173913960285
-0.160502835685835
-0.290427221890251
-0.233332703495288
-0.7217334597741
-0.873349716484084
-0.314729678384711
-0.805901701865435
-0.645646503477737
-0.807784498491389
-0.687287335205554
-1.54507183653275
-0.190565216794147
-0.446410209240124
-0.255126653309349
-0.44284310156094
-1.87888846837571
-1.47388657817781
-0.853285445316056
-0.934196595255493
-0.376158793107381
-0.287931948363555
-0.7039508542446
-0.290187145525904
-0.21973345567836
-1.35089792003553
-0.825536863181217
-0.276453690351031
0.274483935371006
-0.263415877745173
-1.52023062076864
-1.40412854844776
-0.793947068030557
-0.33689414406681
-1.30637429368053
-0.741899810749244
-0.991045365023742
-1.16759735189466
0.139068055862404
-0.661064273258133
0.108867676241316
-0.572066161687065
1.26782041897363
-0.15134593320036
-0.0574839331568858
-0.276725897229824
-0.472412095532522
0.316805290755035
-1.02775047033012
1.09303780872027
-0.338474481537071
-0.817283552223165
0.142922494196665
-1.04516824354775
0.105667296406844
-0.665567105810298
1.3542230602452
-0.940843099785447
0.0373856344153967
-0.43710019167748
0.593956521921584
0.385629489691809
-0.363143667531923
-0.704638937686951
-0.923809075958438
0.937020791778079
-0.608882797661746
-0.0807032152795611
-0.285499055356955
-0.413463138927254
0.442145559410879
-0.580289227866789
-0.329826087059316
-0.155406430926014
-0.838810962247227
-0.282786390156224
0.085032140428348
0.360194707620368
0.479253308486271
0.716444233979975
-0.43355009392929
0.8994347830932
0.470956521849009
0.306871454249205
0.710786392284332
-0.440950854619315
0.99802646525438
-0.0097032127634151
0.137873343770328
-0.335277881363239
0.337754255999738
0.239731567490345
-0.423090736025255
0.902066164050502
0.638449909701669
-0.308149338969308
-0.48571833436986
-0.660858224518711
0.334317579609362
0.222130435924842
0.531298680774639
1.42199621826428
0.894310020492297
0.325882793600713
-0.0442948970302217
1.19257088995979
0.0108884690956883
0.0218166328719917
0.193737240415076
1.17044801535714
-0.0480075632007206
0.399550096312317
0.557975426197709
1.0585595423188
0.729145557809449
1.04107183703163
0.439956519848386
-0.261846883393946
-0.147325142729041
1.68108317764648
1.79764272187873
2.32874291121777
4.40481663720697
0.923313799449335
0.164795841759119
0.704020798547282
0.871905482720458
0.796786388682291
0.917431005572684
-0.106803401067653
-1.13970321735373
0.778727787534706
0.139298677098546
0.802396973231016
0.667037807745335
-0.314005669043073
-0.34818335955345
-0.717780718270277
0.349748582191902
0.169105861213415
-0.090591682618951
-0.0669848757907591
0.728979206120271
0.82163137975657
-0.0147353509699462
0.271899812530967
-0.791833648549531
0.414325141500893
-0.15
-0.919729678550216
-0.364788279758363
0.236234404832636
-0.622
-0.427247636858783
0.933175803624474
-0.924247636858784
0.0357523631412103
-0.894788279758366
0.935
-0.197
-0.543
0.339
-0.796
-0.216
0.004
0.407
0.962
-0.956
0.66
-0.962
-0.096
-0.409
0.504
-0.149
0.628
-0.104
-0.75
-0.206
0.356
-0.028
0.157
0.539
-0.325
-0.223
0.48
0.026
0.015
-0.644
0.416
0.634
0.881
-1
0.201
-0.256
-0.125
-0.852
-0.294
-0.04
-0.188
0.987
0.777
-0.814
0.822
-0.188
0.193
-0.954
0.788
0.527
-0.02
0.079
0.862
-0.723
-0.248
-0.038
0.645
-0.082
-0.336
0.426
0.304
0.977
-0.608
0.605
-0.373
-0.975
-0.844
-0.097
0.39
-0.241
0.975
0.479
-0.81
0.289
0.982
0.368
0.194
-0.029
0.716
0.863
0.583
0.433
0.237
0.487
0.376
-0.663
0.771
0.603
0.248
-0.761
0.098
0.957
0.484
0.279
0.656
-0.166
0.594
-0.828
0.558
0.797
-0.345
-0.711
-0.344
0.028
0.551
0.5
-0.112
-0.428
-0.705
0.383
0.767
-0.326
0.201
-0.2
0.842
0.87
-0.26
-0.095
