-1.51208884688083
-0.758582230623805
-0.815088846880906
-1.49794139886591
0.145803402646513
-0.362735349716434
0.883672967863915
-0.284899810964085
-0.899784499054808
-0.413258979206042
-0.194982986767485
-0.385277882797723
0.201274102079402
-0.956735349716444
-0.512109640831753
-0.407200378071829
-0.382965973534973
-0.672629489603019
0.313353497164464
-0.303427221172022
-1.14512476370505
-0.864536862003775
0.0561285444234409
-0.536436672967862
0.147166351606808
-0.433642722117198
-0.605100189035909
-0.96228922495274
-0.423646502835538
0.209678638941406
-1.03106616257089
-1.28105860113421
-1.12703402646504
-0.716672967863884
-1.03541587901701
-1.13345557655952
-0.116676748582229
0.236516068052938
0.342801512287336
0.410916824196602
-1.18369187145553
-1.47051984877124
0.065826086956519
-0.782805293005666
-0.0569603024574657
0.0159470699432914
0.0770302457466935
0.389264650283557
0.507759924385638
-0.51870888468809
-1.00029678638941
-1.17783553875236
-0.930735349716447
-0.00881852551984879
-0.52977126654064
-0.968913043478261
0.0893534971644637
0.0313119092627604
-0.866752362948959
-0.995695652173912
-0.54875047258979
0.284943289224952
-0.911402646502834
-0.187440453686201
-0.534839319470698
-0.338837429111528
-0.0461058601134216
-0.071710775047259
0.798907372400759
-0.374400756143667
0.417833648393195
0.357306238185255
-0.0882098298676748
0.716654064272213
0.204406427221172
-0.885434782608695
-0.0239357277882798
-0.187058601134214
0.461449905482043
-0.785187145557655
0.386247637051039
-0.0752325141776937
-0.267308128544423
-0.655937618147448
0.546877126654064
-0.536177693761814
-0.921684310018903
0.239534971644613
-0.62782797731569
-0.935650283553875
-0.0428071833648393
-0.760937618147448
0.596124763705104
0.722657844990548
0.29609640831758
-0.41145179584121
0.895931947069943
-0.544992438563327
-0.757
-0.471013232514178
-0.519232514177694
-0.319650283553875
0.86062381852552
-0.0209584120982987
-0.00648582230623819
-0.369
0.0653837429111531
-0.626177693761815
0.798534971644612
-0.677
0.133
-0.682
0.532
0.788
-0.313
0.62
-0.271
0.77
0.423
-0.899
-0.256
0.823
-0.416
0.838
0.752
0.33
0.885
0.268
-0.476
-0.309
-0.667
-0.41
-0.32
0.087
0.889
-0.27
0.057
0.739
0.36
-0.07
0.406
0.712
0.44
-0.922
-0.054
-0.323
-0.267
0.862
0.047
0.695
0.869
-0.858
0.058
-0.859
0.801
-0.33
-0.889
-0.958
0.244
0.68
-0.254
0.803
0.863
0.134
0.99
-0.457
0.637
-0.555
0.898
0.957
-0.438
-0.01
-0.591
-0.508
-0.305
0.032
-0.617
-0.495
-0.108
0.074
-0.403
-0.977
-0.779
-0.171
-0.178
-0.81
0.531
-0.462
0.285
0.218
-0.382
0.015
-0.506
0.68
-0.816
0.602
0.848
-0.694
-0.912
-0.597
0.04
-0.713
0.963
0.09
0.132
-0.122
0.732
-0.435
0.446
-0.231
-0.713
0.605
0.149
-0.831
0.083
-0.277
0.582
0.034
-0.688
0.799
0.011
0.098
0.16
-0.32
0.338
0.547
-0.505
-0.271
-0.692
0.092
0.183
-0.923
-0.583
-0.511
-0.966
-0.691
-0.94
0.13
0.697
0.943
-0.542
-0.035
0.092
-0.485
-0.069
0.013
0.865
-0.675
-0.404
0.461
-0.981
-0.186
0.994
-0.712
0.392
0.941
0.127
0.283
0.752
0.585
-0.617
0.002
-0.743
-0.647
0.586
-0.79
0.188
-0.34
-0.865
-0.227
-0.337
-0.549
0.336
-0.632
0.34
-0.955
-0.994
-0.355
0.748
-0.676
