-1.97383365366107
-0.377589794760365
-0.241601135511957
-0.130618146284009
-1.48484310042679
-1.26973156862453
-0.352699437320861
-1.14796786279191
0.139005672631984
-0.678519856296441
-0.00118336670968281
-1.3286748592839
-1.81347448226092
-0.936686199564056
-0.212400751068755
-0.725115313762192
-0.825862002226033
-1.15130813152687
0.106251421185634
-0.0342627609645601
-0.601342158866764
-1.3970094573999
-0.962109640313194
-1.19877315884499
-0.229776938989448
-0.472389410348825
0.125521737049622
-0.224574669982339
-0.347398859460472
-0.0721890336552328
0.353474484859804
-0.477406430143335
-0.259480152807434
-0.0502400685820262
-0.859209827179079
-0.603081279715955
-0.449601130059583
-0.0331663439820869
-1.06220037740061
0.295948959025125
0.573578454308511
-0.344654067028604
-0.560795838435601
-0.3797542553426
0.0623138022219016
-0.126793948259765
-0.849500942192875
-0.307950847726111
-0.0883213565957727
-0.496903592516175
0.332370513020434
-0.305170129380019
0.190519851506476
0.470525518639852
0.323706996284738
0.0973175747087912
0.485079388519317
-0.693355385366904
0.25331757867911
0.299030242870098
0.526241971128901
-0.0662703147067797
0.0514158801254979
0.00131002366849903
0.122164462487382
0.0354858244879024
0.00174102183478701
-0.518345937503806
0.00404536772855412
-0.83314556018513
0.649194711505332
-0.0808809099694519
0.627952739690121
-0.440500950504697
-0.321735354959316
-0.254758031288284
-0.971570891415018
-0.570406424953541
0.678508511133316
-0.130920609497088
-0.0986918747096518
0.5584725940892
-0.661827977326645
0.540612478131789
0.136650282285021
0.846451794593466
1.35659357472038
0.189323246064724
0.215695654326978
-0.000627600122682425
0.699504726485893
-0.174164455397654
0.726693761262948
0.768826078737077
0.114603016809991
0.390550099320037
0.97973345616791
1.27659924063534
7.70016068618433
0.583207939471271
0.69622872941913
0.703241967517193
0.535546318298262
1.13026843301211
-0.492939509356589
0.118206046614913
0.248155007268042
0.144395082347057
-0.36667863328939
0.475062383895602
0.525741015705263
0.0538714514661077
-0.164633265016596
0.0396257096424256
-0.844582233475873
-0.0306238193128278
-0.715311912053596
0.00186389682649056
-0.487805292997936
-0.0963100211782029
-0.235576559875216
-0.409423444490867
0.742517965105638
0.366480151713992
0.278928159243318
0.255298675931002
-0.474595459157114
-0.0812873393793984
0.319415876150866
0.431232510469323
0.614846879453893
-0.00700755959233165
-0.415604914149301
-0.663158792741916
-0.518224953608626
-0.87164838969265
0.894610584419872
0.724727786332613
-0.434689983814647
1.03025141473297
-0.295992439818967
-0.170126653334006
1.12362192955646
-0.187013232051526
0.590975427584997
0.150871455473739
-0.671109639384596
-0.595068051556836
-0.0698223017086882
0.356750470617301
-0.100092626885182
0.0440245762888784
-0.246
-0.318092627645726
-0.941848771274283
-0.587975425485739
-0.688
0.874965973434276
0.322268430885694
-0.276034026565724
-0.635034026565724
0.105151228725716
0.54
-0.755
-0.4
-0.269
-0.168
0.054
-0.444
0.117
0.319
-0.339
-0.222
-0.264
-0.067
0.913
0.636
-0.233
-0.852
-0.753
0.43
0.945
0.065
-0.475
-0.101
-0.015
-0.813
0.953
0.188
-0.588
0.725
-0.878
-0.582
0.973
0.359
0.055
0.091
0.678
0.904
-0.512
-0.773
0.148
0.864
0.599
0.905
-0.793
-0.838
-0.983
0.718
-0.861
-0.328
0.544
0.66
-0.003
0.227
-0.647
-0.966
0.015
0.346
0.615
-0.457
-0.122
0.866
-0.856
0.391
0.196
-0.758
-0.195
0.377
0.878
-0.179
0.957
-0.138
0.66
-0.98
-0.719
-0.92
0.466
-0.381
-0.309
-0.177
-0.831
-0.765
0.048
0.739
-0.819
-0.538
0.42
-0.255
0.006
0.02
-0.924
-0.668
-0.711
0.944
0.349
0.281
0.719
-0.793
-0.291
0.965
0.356
-0.36
0.84
0.318
-0.285
-0.319
0.999
-0.023
-0.055
-0.728
-0.433
-0.605
-0.345
-0.208
-0.627
-0.357
-0.183
-0.595
0.21
