-1.98488279773142
0.181270321361078
0.414680529300569
0.367194706994345
0.745098298676773
-0.893245746691854
-0.315862003780719
-0.946758034026466
-0.611952741020775
-0.396090737240072
0.50123062381853
-0.737567107750467
-0.277321361058596
-1.13558412098294
0.520854442344057
-1.26006049149331
-1.33576559546318
0.228844990548205
-1.16347258979198
-0.581001890359164
-0.917457466918711
-0.55312665406427
-1.3288506616257
-0.966958412098297
0.128899810964087
-0.0867958412098286
-0.781786389413979
-1.04540075614367
-1.07487145557655
-0.975353497164452
-0.995037807183358
-0.717429111531184
-0.0290604914933802
-0.768298676748575
-0.821896030245741
-0.452826086956518
0.524221172022689
-0.585039697542529
0.263255198487716
-0.930508506616249
-0.480727788279771
0.595742911153124
0.0958979206049191
-0.965586011342151
-0.535773156899805
-0.833395085066162
-1.2416710775047
0.516302457466924
-0.61833081285444
-0.0136105860113429
-0.891810964083172
-1.15361058601132
0.382805293005674
-1.11133081285446
0.26405860113422
-0.0489584120982985
0.47178638941399
-0.0116105860113421
-0.867620037807181
-0.678502835538751
-0.979134215500944
-0.745886578449901
-0.841168241965971
-0.617750472589789
-0.220523629489601
-0.05686011342155
0.364744801512291
-0.430155009451796
0.432003780718339
-0.125563327032136
-0.916661625708881
0.302676748582232
-0.835032136105858
0.712160680529304
-0.936340264650281
-0.687113421550093
0.307024574669189
0.591366729678642
0.414277882797735
0.0945652173913053
0.237996219281665
-0.376593572778828
0.710926275992441
-0.162395085066161
-0.955943289224951
-0.738875236294895
0.013187145557656
0.355844990548204
0.105166351606809
0.162317580340266
0.0678260869565219
-0.431141776937618
-0.651311909262757
0.076446124763705
-0.94239508506616
-0.73956710775047
0.61602268431002
-0.200867674858222
0.406166351606807
0.584886578449906
-0.114546313799622
0.274913043478261
-0.815039697542531
0.439179584120986
-0.0312589792060493
-0.291841209829866
0.75036483931947
0.623803402646505
0.808886578449906
-0.080491493383743
0.726665406427221
0.8893988657845
0.583090737240077
-0.0316559546313799
0.0796654064272216
0.360069943289226
-0.424204158790169
0.325897920604916
-0.640540642722116
-0.428245746691872
0.915302457466919
-0.913177693761815
0.443884688090739
-0.69586956521739
0.809863894139888
0.51017202268431
0.0135349716446124
0.105480151228735
0.650720226843101
0.831109640831758
-0.279561436672968
-0.438759924385633
-0.770431001890359
0.849240075614367
-0.722417769376181
0.996637051039698
-0.538396975425331
-0.739177693761814
0.887294896030246
0.340568998109641
-0.507253308128544
0.388383742911153
0.525691871455577
-0.803
0.488527410207939
0.271
-0.00478071833648393
0.430911153119093
0.98354820415879
-0.278362948960303
0.681328922495274
-0.670232514177694
-0.497
-0.125
0.74
-0.156
0.865
0.92
0.651
0.476
0.714
-0.314
-0.992
-0.914
-0.749
0.19
0.699
0.783
-0.254
0.117
-0.06
-0.652
0.449
0.016
-0.895
-0.441
-0.428
0.288
-0.174
-0.429
-0.46
0.601
0.138
-0.035
-0.854
-0.616
-0.929
0.373
-0.878
0.435
-0.867
-0.448
-0.376
-0.576
0.645
0.81
0.386
0.442
0.945
-0.701
0.572
0.216
-0.308
-0.125
0.783
0.338
-0.107
0.486
-0.23
0.18
-0.729
-0.424
0.094
0.08
-0.065
-0.888
0.547
0.043
0.94
0.866
0.118
-0.674
0.66
0.31
-0.016
-0.612
0.724
0.024
0.371
-0.706
0.173
0.129
0.343
-0.474
-0.002
0.324
-0.091
-0.738
0.181
-0.193
0.491
-0.415
-0.398
-0.059
0.164
0.556
0.458
0.543
0.489
0.532
-0.737
-0.658
0.502
-0.921
0.181
0.245
0.555
0.381
0.891
0.395
0.614
0.868
-0.885
-0.525
-0.993
0.141
0.233
-0.433
-0.919
0.61
0.203
0.284
0.861
0.132
-0.625
-0.467
0.723
-0.282
-0.854
0.427
