-2.14913232557991
-1.06674669213707
-0.753287334593571
-0.578988658175848
0.046374291071651
-1.38474291135446
-0.031597353642239
-0.328816635919831
-0.789085066672335
-1.37340642715188
-0.82470699474369
-0.133559546665176
-0.216173913035707
-1.11851417787952
-0.487661625127206
0.65168241990134
-0.281308128688051
-0.802270320628657
-1.10227221322467
-0.545680528443505
-1.10994139878284
0.287871453965346
-1.37874291038269
-0.688493385211179
-0.382678638035041
-0.60722684298185
-0.301858224657432
0.238187147538614
0.21488468703235
-0.697510396232434
-0.552771266768091
-0.367342155653092
-0.169247636781998
-0.751017013036697
-1.07731758233549
-1.10656143727635
-0.880669188060999
-0.416633269809385
-0.785119092196523
-0.0931115320296445
0.0611436660045602
-0.712281664900557
0.121425330406498
-1.20357466877787
0.447105859685223
-0.160550095070784
-0.631026466753677
-0.716548205335505
0.658330813112191
0.291722117252967
-1.00358412126742
0.446742911648184
-0.666829867908638
0.256521738322007
-0.777438564057277
-0.234877125926591
-0.587444233406631
0.00491304405572217
-0.473822305771973
-0.781323251877584
-0.335349716524982
-0.115822307428307
0.123257088353265
-0.680421550988141
-0.536797730105654
-0.885160682308132
-0.247582231261098
-0.628113422644433
0.45643289088338
-0.198971643261762
0.161793950436571
-0.620298676002088
0.108415879816302
0.661869566121616
-0.35683175975019
1.17312665521454
-0.969376182456859
-0.876451795929255
0.36633081325938
0.370499054378167
0.450540641045383
0.112846880871464
0.849792061223935
0.704778828128043
-0.566051040510176
0.257236295535482
0.104347826678523
1.04147258989652
-0.271310017470494
0.570366728762494
0.49765973534335
0.333746690076414
-0.335816634295176
0.731073722349863
-0.290275992718134
-0.575357277920101
0.216824195543172
0.453209828717023
-0.343391303392252
-0.212164460734261
-0.322096408716162
-0.375132324311512
0.549790169888723
0.396567106806809
-0.400703213566224
0.574134214321427
-0.425621929966323
-0.0617807161942545
0.117079395668864
0.422402648285919
-0.542446126193962
0.0571550097377076
-0.690678638392779
0.155442343985507
-0.223459355934947
-0.582703213311988
0.535945178248202
0.623440452955243
0.754194706033063
0.429973535492777
0.634120982789585
0.229699432290178
0.258461247827177
1.15879016951472
-0.0981436677467805
1.1822060491811
-0.482402645324679
-0.131313799743724
0.366315689182485
-0.437200378070433
0.326096408082348
0.258219282386036
1.67019281816381
0.0318979205063324
-0.304434782980541
1.32183742825928
0.615230623810778
-0.289166350662455
1.31431190988331
0.204703214286644
-0.384918713921278
0.625525520919167
1.06125519979403
0.800285444161163
1.67467485857454
0.793947070390454
0.627914934290245
0.983166352961717
1.71582797915236
0.186701322394392
0.243045369917197
0.87263705418048
0.776
-0.103468808959637
0.220255198506725
1.08010397013458
0.176
0.798317580587441
-0.184172022399102
-0.18768241941256
0.835317580587441
0.894255198506726
0.952
-0.809
0.673
0.486
-0.344
0.458
-0.701
-0.453
0.092
0.195
-0.725
0.113
0.107
-0.008
0.633
0.474
-0.957
0.446
-0.521
-0.26
0.453
-0.821
0.35
0.87
-0.114
0.123
0.345
-0.249
-0.289
0.342
0.751
-0.205
-0.08
-0.777
-0.395
0.059
0.695
-0.705
-0.419
0.89
0.106
-0.161
0.518
0.753
-0.15
-0.338
0.728
-0.782
-0.759
0.701
0.622
0.216
-0.801
-0.038
-0.57
0.773
-0.16
0.803
-0.4
0.533
-0.888
0.547
0.835
0.749
0.443
0.479
-0.807
-0.117
-0.613
-0.427
0.779
0.748
-0.136
-0.411
0.633
-0.386
-0.339
0.596
0.02
-0.776
0.395
0.127
-0.49
0.01
0.72
-0.465
-0.405
0.958
0.792
-0.169
-0.781
0.892
0.695
0.047
0.777
0.558
0.004
0.768
-0.69
0.37
-0.532
-0.156
0.831
0.667
0.922
0.873
-0.649
0.61
0.328
0.816
0.112
0.244
-0.217
-0.624
-0.862
-0.015
0.037
-0.175
