-1.01203402646502
-0.464862003780705
0.0792003780718354
-0.146858223062373
0.124202268431005
-1.8796805293007
0.856920604914958
-0.711623818525522
-0.338739130434774
-1.57963327032137
-0.889631379962185
-0.654177693761803
-1.55134782608698
-0.158587901701322
-0.94560869565216
-0.30652551984877
-0.165151228733457
-1.44671644612474
-0.941606805292996
-0.177156899810961
0.00373913043478705
0.194706994328926
0.0589640831758014
-0.760533081285436
-0.379534971644606
-1.35747448015124
-0.143597353497161
-0.62453686200377
0.0357296786389518
-0.0852362948960287
-0.0886767485822288
-0.137956521739129
0.0423856332703287
-0.0963553875236269
-1.14058979206046
0.057856332703217
-0.53348393194707
-1.5705633270321
-1.16138374291112
-0.492754253308127
-0.484349716446119
-0.476888468809074
-0.254648393194703
-0.0142438563326994
-0.208850661625707
-1.25850283553877
-1.53002457466919
-1.16436672967862
0.608797731569001
0.639761814744806
-0.439625708884686
-0.135841209829866
0.352642722117206
-0.908177693761813
0.147899810964086
0.576812854442345
0.288500945179584
-1.03550283553874
-0.931839319470697
-0.271631379962188
-0.485610586011342
-0.358389413988658
-0.0744404536862005
-1.18266918714555
-0.919595463137994
-0.204888468809071
0.293930056710776
-0.788695652173912
-0.0430453686200377
-0.38159168241966
-1.09203969754253
0.433240075614367
0.552041587901702
0.237765595463138
-0.596926275992439
-0.886574669187145
-0.732646502835538
-1.0236729678639
0.23234404536862
-0.176797731568997
-0.862476370510397
-0.0463931947069943
0.0312608695652174
0.918652173913044
-0.478786389413988
-0.726937618147448
0.834960302457468
0.394325141776939
-0.663914933837429
-0.715094517958412
-0.813347826086957
-0.182818525519847
0.838536862003781
0.332837429111532
-0.633325141776937
-0.932253308128544
-0.802313799621929
0.113275992438563
0.447884688090738
-0.74976370510397
-0.184285444234405
0.695816635160681
0.111665406427221
0.0999754253308127
0.659913043478262
0.201748582230625
0.551665406427221
-0.647410207939508
0.668372400756144
0.0670831758034027
0.452599243856333
0.377863894139887
-0.464916824196596
-0.100504725897921
-0.402120982986768
0.569234404536863
0.861294896030246
0.121746691871456
0.521960302457467
-1.0315595463138
0.207733459357278
0.974746691871456
0.860986767485822
-0.391332703213611
-0.469
0.237226843100189
0.698200378071834
-0.665066162570888
-0.068
-0.563066162570888
-0.891026465028355
0.211733459357278
-0.4035595463138
0.142733459357278
-0.692
-0.528519848771267
0.9137202268431
0.7734404536862
-0.844812854442344
0.207933837429112
-0.409092627599244
0.506
0.751
0.337
-0.24
-0.17
-0.63
-0.043
-0.284
-0.126
-0.803
0.117
0.613
0.443
0.146
-0.083
0.874
-0.566
-0.329
-0.532
0.513
0.168
0.447
0.238
-0.041
-0.658
-0.264
0.407
-0.332
-0.815
0.672
-0.976
-0.11
-0.721
0.335
0.723
-0.772
-0.46
0.955
0.701
-0.103
-0.196
0.704
-0.942
-0.676
0.025
0.619
0.23
-0.982
0.391
-0.378
0.518
0.178
0.768
0.78
0.541
-0.941
-0.488
-0.622
-0.582
-0.907
-0.038
-0.711
-0.469
0.201
-0.828
-0.773
0.334
-0.892
0.423
-0.311
0.333
-0.522
-0.03
0.57
-0.292
0.464
0.388
-0.086
0.933
-0.278
0.506
0.389
0.277
0.562
-0.847
-0.154
0.121
-0.501
0.794
0.663
0.716
-0.838
0.536
0.607
0.935
-0.485
0.172
-0.144
-0.849
-0.202
-0.715
0.121
-0.406
-0.299
0.288
0.039
-0.792
-0.803
0.071
-0.924
-0.33
0.597
-0.556
0.695
-0.414
0.573
0.011
-0.032
0.047
0.326
0.105
-0.166
-0.686
0.759
-0.027
0.171
-0.058
0.362
0.635
-0.807
-0.709
-0.469
-0.238
0.135
-0.564
-0.616
-0.206
-0.425
-0.726
