-1.80579017423349
-0.613115313192007
0.495595461812729
-1.89351795998884
-1.00132514891674
-0.446327035078624
-0.959744805178179
-0.802695652203476
-0.925136107002952
-1.56361437029686
0.100017008066589
-1.34984120975126
-1.0747372365695
-0.973412098694473
-0.0957618124288596
-0.33606994425277
-0.433752363549694
0.306739134783469
0.304962199511472
-0.121930053748534
-0.602788282076832
-0.653894144838997
-0.385688090747379
-0.714007557638982
-0.530720223870715
0.000253314101236632
0.152306234693067
-0.18246692244805
-0.224784494626598
-0.0929981024018981
-0.370888470633424
-0.838807185002098
-0.357054818924254
-0.461440452585861
-0.0504877094140617
0.0388374275074288
-0.413134208681747
-0.0968052877261914
-0.291913040140519
0.257862002159785
-0.363064271326153
-0.0882230646501121
-0.104637049924158
-0.0397731542244961
-0.0137240078388517
-0.34342532807972
-0.205574667335657
0.277015124280856
-0.161224949185472
-0.372884681983014
-0.107017018137122
0.145385638238637
0.049705105378249
0.246744804065231
0.0416805271558195
0.23424952648874
0.221344052072359
-0.0879395078093301
-0.350132328913301
-0.591086953447941
-0.0186710798496364
0.365247630600696
0.0611172011305946
0.352597355057818
-0.0594083168176371
-0.0557958400232179
-0.0736540645250288
0.0669886611851504
0.188795838859492
-0.126565217808737
-0.0678865781385413
0.0527901754759408
-0.480136100739249
-0.0959130396239009
0.187534971838629
0.0879395057871164
0.291102074912432
0.438056710054201
0.276228732507981
0.164776933802317
0.0640907318838314
0.148582225733983
0.209240074147758
0.228960298278363
0.0294253294256116
0.897896030287896
0.00283931691093581
0.621570890224639
8.00310963670083
0.789215498587406
1.00770320501065
0.941913043742444
0.155784501610325
0.849977312295482
-0.0923308135487234
-0.25038941242477
0.279716447353775
0.134778825164962
-0.0657618200200013
0.706998108987242
0.00687523888927099
0.0519168277754145
0.162132327831887
-0.0675595456892426
-0.184062381528685
-0.335752359530599
0.542960307603159
-0.16105292478985
0.78254820629049
-0.951977313942135
0.151559543614631
-0.0643497139836094
0.0417315711396238
0.183956521029455
-0.990913046754968
-0.173491492600709
-0.700710774993841
-0.597710779375904
0.0544971652788235
0.0994064301112665
0.386638944689034
-0.295697544630153
-0.217642724979812
0.202266544653919
-0.065892245227493
0.448754256385555
0.0721474527157498
-0.527277879798491
0.898544418241857
0.192603028964026
0.431986763966871
0.0782911170992129
0.275739131844601
-0.386353492180106
0.0666918712344608
0.360189033280234
0.541877129893463
0.0761776909703214
-0.416710775421213
0.861018904104357
-0.554334591605909
-0.249725899233955
-0.96854631388485
-0.136650287462265
0.315767483213225
0.671060490991279
-0.121470703132123
0.409769375980763
-0.319553878477069
0.0133440470425363
0.783584121101305
0.646236295290393
0.735
0.741873346054043
0.667145557675669
0.00191115351345348
0.368
-1.00610775021632
0.224183365135089
-0.357107750216265
0.0558922497837435
-0.0488544423243269
-0.088
-0.811
-0.373
0.346
0.041
-0.142
-0.824
0.948
0.129
0.294
0.168
-0.525
0.975
-0.623
-0.773
0.569
-0.624
-0.538
0.605
0.961
-0.11
0.474
-0.027
-0.998
0.919
0.235
-0.519
0.96
-0.958
0.146
-0.955
0.805
-0.723
0.594
0.718
-0.623
-0.249
-0.392
-0.237
-0.736
0.191
0.215
0.366
-0.49
-0.398
0.259
0.843
0.302
0.032
0.798
0.785
-0.045
0.204
0.261
-0.927
0.438
0.215
-0.376
0.426
0.805
-0.623
-0.784
0.905
0.983
0.248
0.362
-0.802
-0.62
-0.341
0.849
-0.182
0.767
0.698
0.34
-0.23
0.674
-0.893
-0.538
0.4
-0.34
0.391
0.179
-0.072
-0.757
0.361
0.09
-0.399
0.015
0.521
-0.721
0.161
-0.874
0.182
-0.043
0.887
-0.026
0.31
0.382
0.261
0.239
0.06
0.463
-0.358
0.182
-0.02
-0.983
0.256
0.863
-0.509
-0.602
0.33
-0.247
0.224
-0.234
-0.586
0.198
0.287
0.662
