-2.59821172057042
-1.06957277910113
0.232400758169026
-0.768837424364293
-0.825933841403201
-1.69362004009643
-2.01106239395755
0.173892247650849
-2.34280151367248
-0.843468808761835
-0.945756140270756
-0.0156143626996825
-0.077275989369657
0.374449909793484
0.833321359103975
-0.109676749353661
6.79700377883691
0.123637050812382
0.0204650279526584
0.825449908740094
0.204453690588913
-0.0822967825111802
-0.488319474903276
0.0981342163567509
0.116170132485191
0.279236292684343
-0.0565236290819157
-0.119311911129855
-0.0282136113063492
0.00447447967166758
-0.0381417770073786
-0.0483761825272606
-0.0736880888921422
-0.0620964087197154
0.0189357239094852
0.0686049145337937
0.0468468817411734
-0.0547901683048519
-0.102391306334393
-0.0524064276740525
-0.000139887107966959
-0.0426805273084175
-0.0525179590804018
-0.0438449931650397
-0.0755444195285206
-0.105911150271985
-0.0518449873792818
0.0173175782191436
0.0427485812355772
-0.00141209619803085
0.0387977334598051
-0.00133837510093355
-0.0374026449938324
-0.0257561440757304
0.0352892236499823
0.00870699145998089
-0.0437844988217656
-0.0483024576366505
0.0366294865073617
-0.0504045334642055
0.0911644611195822
0.0052646520765007
0.0543194727367616
-0.0266710773948596
-0.020402648009193
0.000871452302665102
-0.0330964047303253
0.0159168267155839
-0.0172646509701656
-0.0202627570575276
0.0782117232584664
0.00448771230061521
-0.0692060471557583
-0.0806729684751616
-0.00460869718808535
-0.0889716455138114
0.0428979204401259
0.0321323238749136
-0.00633081367061317
-0.043332703784758
-0.0696351595452635
-0.0505425354375608
0.0318903615026813
0.0356275988107445
-0.102620039694438
-0.0980037815732316
0.0472495263989909
-0.0295482042862613
0.0551115333718851
0.050958416724264
0.00922306159173543
0.0160850627554939
-0.0791871460287406
0.141720225043186
0.0274045390577424
-0.0800812846463964
0.0632948990224665
0.0409300578713158
-0.10463327175446
-0.0141285442037332
-0.184967862691994
0.0441001866204588
0.147381853010458
-0.0366654039920802
0.0622476376073791
0.000567110101870982
-0.0320453714890341
-0.245300568666831
0.0473780715597278
0.0792230604009044
-0.0549848766055299
0.191521738798788
-0.0137655964941194
-0.0855463131278072
0.0427655932033388
-0.100306235880465
-0.119914929064977
0.369211720631709
-0.126327033124138
0.382988659821794
-0.143400758711219
-0.909266537382359
0.566185259973769
-0.320066163382814
0.548160680068773
0.195680529497035
-0.302194705807065
0.109103968937367
0.172207941308518
0.502497163104261
0.130051040589046
-0.368786391861821
-0.131814745911362
-0.657750471198235
-0.455103968800002
0.331483929830241
0.274232514491033
0.458584122011156
0.552531192694547
-0.327903591445817
-0.644841207067953
0.0142816653266018
-0.344655954283519
0.632126654526229
-0.0277996223302727
-0.826485824525922
-0.73239697439156
-0.646578449066049
0.128727789880447
0.146472592892005
0.771158790263086
0.538317580557159
0.576
-0.0560529300567107
-0.497342155009453
-0.926843100189036
-0.152
-0.477448015122872
-0.357132325141776
-0.0564480151228734
0.535551984877128
-0.70434215500945
-0.479
0.647
-0.498
-0.282
-0.521
0.592
0.949
0.416
0.66
0.131
-0.245
-0.48
-0.308
0.008
0.049
-0.053
-0.322
0.171
-0.219
-0.549
0.636
-0.784
-0.893
0.563
-0.798
-0.532
0.585
0.824
-0.503
-0.284
-0.535
-0.875
0.407
0.893
-0.702
0.415
0.402
-0.208
-0.838
-0.365
-0.659
0.851
0.035
-0.265
0.074
0.055
-0.681
0.506
0.251
0.9
0.991
0.641
-0.691
0.232
-0.329
-0.695
0.54
-0.061
-0.485
-0.99
-0.994
-0.876
-0.081
-0.057
-0.335
-0.37
0.113
-0.201
-0.291
0.633
0.545
0.885
0.009
-0.854
-0.891
0.785
0.18
0.371
-0.511
0.147
-0.852
-0.921
-0.427
-0.404
-0.275
-0.176
0.815
-0.825
0.222
0.993
0.875
-0.537
-0.723
-0.849
-0.372
-0.784
-0.069
-0.908
-0.93
-0.557
0.942
0.52
-0.204
0.617
-0.645
-0.895
-0.368
-0.837
0.122
-0.115
0.124
-0.832
-0.551
0.368
0.861
0.927
0.551
-0.677
