-1.33375992438557
0.034975425330823
-0.742835538752362
-0.889519848771251
0.681871455576583
-1.24366351606816
-0.320533081285444
-0.881035916824201
-1.17842911153112
-1.1221606805293
-0.424442344045368
-0.990875236294888
-1.36436483931945
0.597947069943296
-0.946293005671068
-0.0022362948960284
-0.140629489603022
-0.814990548204156
-0.766132325141771
0.225621928166354
0.0346124763705106
-0.131085066162571
-1.12316068052924
-1.04756332703212
0.175361058601135
0.542429111531197
-0.558534971644604
0.242039697542536
-0.139241965973536
-0.472582230623814
-0.402438563327032
-0.998491493383737
-0.164965973534969
-0.768536862003778
-0.356173913043472
-1.22623251417767
-1.01713043478259
0.443582230623822
-0.394826086956524
-1.14066918714555
-0.710582230623812
-1.38155009451791
-0.483689981096406
-0.672483931947066
-0.719638941398859
0.122601134215505
-0.409024574669186
-1.01040264650283
0.500243856332704
-0.514992438563321
-1.12551417769372
0.226616257088851
0.389228733459361
-1.06423440453686
0.301170132325147
0.0203875236294931
0.169005671077509
0.38648582230624
-0.298812854442343
0.372429111531194
0.249126654064272
-0.313572778827976
0.0899640831758058
0.35086389413989
-0.069965973534971
-0.699162570888466
-0.00549338374291168
0.270374291115312
-0.300604914933833
-0.877905482041585
-0.0994725897920606
0.169568998109645
0.325109640831761
-0.682228733459355
-0.0156465028355388
0.141587901701325
-0.747584120982985
0.373937618147449
0.508977315689982
-1.18920604914935
-0.0320604914933837
-0.66769754253308
0.773459357277884
-0.520334593572778
-0.375423440453687
0.343062381852553
-0.458608695652173
0.169062381852553
0.0772136105860115
0.603589792060492
-0.373499054820416
-0.680553875236295
-0.139930056710775
0.159020793950851
-0.477224952741021
0.491877126654064
-0.257431001890358
0.163028355387525
0.463644612476371
-0.930739130434782
-0.694739130434782
0.494041587901702
0.399370510396976
0.543500945179584
0.598185255198489
-0.338143667296786
-0.867924385633269
0.250986767485823
-0.0283213610586012
-0.841362948960302
-0.0288147448015123
0.767130434782609
-0.815835538752362
-0.0203421550094518
-0.243485822306238
0.237712665406428
0.230020793950851
-0.252705103969754
-0.0416710775047259
0.792493383742911
-0.960362948960302
-0.96147258979206
-0.693890359168242
0.226185255198488
0.661
-0.206308128544423
-0.482088846880907
-0.60145179584121
0.907
0.62054820415879
-0.414780718336484
0.230637051039698
-0.903506616257089
0.586637051039698
0.712
0.495164461247637
-0.0552533081285444
-0.796506616257089
-0.102979206049149
-1.00945179584121
0.213767485822306
0.305
-0.797
-0.037
-0.353
-0.118
-0.834
0.921
-0.607
0.311
-0.733
0.999
-0.766
0.69
-0.951
-0.712
0.203
-0.816
0.917
-0.188
-0.857
0.734
0.361
0.362
0.572
0.75
0.673
-0.403
0.279
0.276
-0.699
0.027
0.854
-0.037
-0.427
-0.264
0.836
0.345
-0.41
-0.222
-0.369
-0.396
-0.985
-0.405
0.362
-0.411
-0.001
-0.586
0.54
0.423
-0.706
-0.236
-0.706
-0.906
0.857
0.493
0.944
-0.159
0.391
-0.103
0.208
0.568
-0.359
0.117
0.01
0.24
-0.856
0.27
0.117
0.312
-0.548
0.858
0.593
0.139
-0.819
0.538
0.718
-0.235
0.999
-0.018
-0.25
0.259
0.056
0.855
-0.019
0.536
-0.267
0.76
0.106
0.079
-0.208
-0.006
0.954
0.692
0.569
0.062
0.962
-0.103
0.584
-0.878
-0.555
0.728
0.296
-0.772
-0.029
-0.564
0.17
0.155
0.913
-0.682
0.775
0.178
-0.159
-0.592
-0.854
0.949
-0.488
-0.214
-0.864
0.474
-0.493
-0.616
-0.837
-0.963
-0.481
0.457
0.904
0.9
0.569
0.118
0.575
-0.18
0.181
0.877
-0.463
0.022
0.962
-0.173
-0.116
-0.455
