-2.91993194705942
-1.63133648395422
-1.24806238185229
-1.21622117204576
-1.98296597353482
-2.3358223062683
-1.30917580340214
-0.574296786387997
-1.75161814742923
-1.89749338374294
-1.09663894139822
0.138608695654066
-0.0266918714545244
0.399034026465604
-0.249710775045945
0.414990548205419
0.215570888469338
-0.729508506615574
0.0300226843105048
0.269603024574903
0.0532646502841405
0.145913043478507
0.0333289224953355
0.310784499055887
-0.11442344045327
0.029130434783184
0.0292911153125004
-0.0987448015120676
0.0387296786395316
-0.448534971643714
0.173514177694598
-0.31981096408204
-0.368958412097143
-0.163485822305351
-0.0138317580334486
-0.0541758034018776
-0.284950850660809
-0.240578449904425
-0.0582778827971238
0.202591682420749
0.045160680529997
0.054281663516805
0.0848090737246928
-0.244175803402049
-0.117905482040962
0.212449905482647
-0.231272211719176
0.147306238185745
0.594362948962067
-0.28059924385572
-0.163374291114363
-0.112206049148745
-0.205069943288447
0.0297353497169077
-0.0097599243849648
0.204003780719132
0.0654858223068237
0.0507391304354983
0.0777863894145376
0.0332722117208877
-0.261616257088195
0.153408317580786
0.572646502836952
-0.199113421549281
-0.317699432891294
-0.000417769375455757
-0.134682419658701
-0.30182419659681
0.00880151228795376
-0.00135538752273329
-0.0543667296781805
0.235922495274876
-0.0204744801504525
-0.535990548203212
0.151663516068525
0.226771266541957
-0.0977410207934426
0.300134215501726
0.656896030246745
12.4599886579142
0.582654064272794
0.550226843100714
0.348952741021172
0.508782608696048
0.217620037807731
0.309822306238645
-0.193663516067686
0.272328922495776
-0.226032136105742
0.806739130435167
0.2215482041589
-0.0871077504724209
-0.0721455576559862
0.207544423440683
-0.285374291115227
-0.789304347825856
-0.115773156899662
-0.0043572778827734
0.230896030245954
-0.131720226843042
0.469533081285598
0.509060491493467
0.0779584120984072
0.0366446124764645
0.687701323251596
0.377168241966141
0.456000000000138
-0.576451795841194
-0.0987712665406034
-0.340500945179489
0.0408204158789932
-0.00455198487706878
0.0275311909262431
-0.00229489603012632
-0.610873345935677
0.466512287334675
-1.07597920604912
-0.387514177693786
-0.59070132325139
0.00574858223062278
0.00184688090737523
-0.43353119092628
0.761637051039711
-0.28848582230623
-0.231410207939445
-0.0102646502835927
0.00891871455577064
-0.222402646502849
-0.524300567107773
-0.241034026464992
0.432754253308199
0.326275992438601
-0.355202268431004
-0.154672967863889
0.174293005671088
0.685124763705163
0.23261058601135
0.232385633270352
1.16601701323238
0.379676748582269
-0.142924385633281
-0.167361058601119
-0.788217391304339
-0.918667296786384
-0.172172022684309
1.0091266540643
-0.165733459357274
-0.362438563327042
-0.640939508506598
-0.891773156899823
1.2866200378072
1.70646880907371
-0.857
0.63535538752363
-0.578274102079398
1.0925179584121
-0.048
-0.607563327032138
-0.66111153119093
0.267436672967862
-0.462563327032138
-0.120274102079398
0.678
-0.768
-0.089
0.835
-0.915
0.384
0.365
0.523
-0.855
-0.376
-0.193
0.48
-0.789
-0.492
-0.6
0.288
0.179
0.663
0.016
-0.589
-0.736
0.366
0.349
0.144
0.257
0.155
-0.386
-0.13
0.036
-0.563
-0.21
-0.419
0.104
0.492
-0.524
0.794
0.314
0.213
0.796
0.429
0.014
-0.207
-0.507
0.294
0.011
-0.337
0.396
0.908
0.597
0.664
0.151
-0.396
-0.811
-0.936
-0.39
-0.689
-0.117
0.767
-0.423
-0.07
-0.231
-0.505
-0.513
0.708
0.834
-0.774
-0.625
-0.282
-0.968
-0.394
0.974
0.965
0.867
0.587
0.396
0.47
-0.127
-0.946
-0.867
-0.406
0.759
-0.294
0.272
0.371
0.285
-0.815
-0.609
0.04
-0.119
-0.835
-0.089
0.546
-0.364
-0.134
-0.34
-0.481
-0.695
-0.216
0.459
-0.216
-0.713
-0.323
0.876
-0.009
0.689
0.185
-0.263
-0.398
-0.332
0.14
0.437
-0.171
0.633
0.983
0.17
-0.937
0.223
0.115
