-0.868413988657835
-1.29801890359176
-0.958725897920605
-0.863665406427207
-0.159614366729673
0.0531568998109748
0.23283742911154
-0.212657844990549
-1.5764858223062
-0.969873345935725
0.43959924385634
-1.14476559546314
-1.3606862003781
-0.56656899810964
-0.60232325141776
0.521852551984879
-0.0588544423440453
0.136253308128549
-1.21179773156895
-0.039803402646503
0.105238185255197
-0.989463137996209
-0.960956521739127
-0.194170132325143
-1.02528733459357
-0.144153119092627
-0.918480151228731
-1.1887240075614
-0.924930056710769
-0.945317580340257
-0.0403100189035908
-0.270960302457463
-0.766648393194703
-1.24819281663516
-0.894551984877118
-0.426689981096406
-0.912139886578443
0.187998109640835
-0.440724007561433
-0.529415879017007
-0.499115311909261
-1.43213232514177
-0.199022684310017
0.296192816635166
0.125759924385638
-0.594799621928165
-1.42720415879018
-0.000111531190925051
-1.12308695652173
0.0650737240075657
-0.703323251417768
-0.320245746691871
0.64824763705104
0.0825992438563347
0.283975425330816
-0.139820415879017
0.25934593572779
-0.713988657844988
-0.629965973534972
0.0227637051039704
0.067100189035918
-0.0978695652173919
-0.824117202268429
0.0133894139886579
-0.514684310018903
-0.625034026465027
-1.08274858223061
0.758907372400757
-0.906476370510396
0.538395085066164
-0.261241965973533
-1.052618147448
-0.319998109640832
0.20750472589792
-0.990175803402645
0.430037807183365
-0.429436672967863
0.168126654064274
0.292964083175803
0.366243856332705
0.257948960302458
-0.439635160680529
0.771792060491494
0.438580340264651
-0.857306238185255
-0.137888468809073
0.110510396975426
0.0651587901701326
-0.686759924385633
0.421489603024575
0.440090737240076
-1.0133686200378
-0.0223005671077505
0.643262759924386
0.457831758034027
-0.928183364839319
0.748790170132326
-0.573470699432892
-0.175945179584121
-0.0474102079395085
-0.449669187145558
-0.819436672967864
0.68419281663516
-0.602463137996219
-0.406671077504726
-0.421971644612477
-0.794725897920605
-0.457177693761815
0.310015122873346
-0.674
-0.49535538752363
-0.726888468809074
0.381933837429112
0.094
-1.05943667296786
-0.474888468809074
0.145933837429112
-0.247629489603025
-0.115599243856333
0.824
0.392
-0.018
0.551
-0.336
-0.794
-0.126
0.127
0.015
0.812
0.964
0.72
-0.864
-0.534
-0.498
-0.109
0.153
-0.095
0.439
0.022
0.601
-0.278
-0.317
0.749
-1
0.009
0.158
-0.435
0.912
0.731
-0.03
-0.103
0.064
0.483
0
0.587
0.643
-0.31
0.058
-0.714
0.724
0.485
0.195
-0.256
0.397
-0.394
-0.604
0.878
-0.036
-0.797
-0.151
0.691
0.792
0.753
0.41
0.102
-0.291
0.232
0.551
0.654
0.048
-0.691
0.215
0.284
-0.159
0.066
-0.344
-0.348
0.465
-0.086
0.248
-0.538
0.847
0.152
0.297
-0.884
0.527
0.938
-0.649
0.393
-0.388
0.279
0.6
0.709
-0.119
0.279
0.105
0.31
-0.927
0.898
-0.122
-0.59
0.138
0.403
0.237
0.415
-0.73
0.911
0.903
-0.669
0.95
0.744
-0.587
-0.951
-0.046
-0.614
0.843
-0.361
-0.545
0.294
0.574
-0.229
-0.119
-0.842
0.041
0.768
-0.292
0.505
-0.598
0.562
0.96
0.345
-0.422
0.566
-0.964
-0.162
0.323
-0.557
0.914
0.882
0.846
0.616
-0.965
-0.98
0.443
-0.132
-0.134
0.551
-0.246
-0.506
0.435
-0.535
-0.146
-0.221
-0.677
-0.893
0.529
-0.02
-0.638
0.469
-0.294
-0.236
0.508
-0.66
-0.63
-0.396
0.165
-0.154
-0.987
-0.884
0.062
