-1.62706805292999
-0.906737240075604
0.712370510396978
-1.44320604914944
-0.501661625708881
0.184308128544435
-0.285202268430997
-0.209565217391304
-1.18550094517953
0.196905482041596
-0.763425330812853
-0.801886578449895
-1.28213610586015
-0.987378071833648
-0.846544423440447
0.283327032136107
0.287880907372405
0.317189035916826
-0.927536862003775
-0.976750472589793
-0.669568998109634
-0.242143667296788
-0.654888468809073
0.306986767485826
-0.926081285444231
-1.27380529300565
-0.46586578449905
-0.694175803402642
0.439306238185264
-0.685189035916819
-0.211837429111531
-0.0420510396975429
-0.537916824196591
0.0126654064272226
-0.967905482041582
-0.560009451795839
-0.00798109640831485
-0.257041587901698
-0.33234971644612
-0.8653686200378
0.0315633270321375
-0.335788279773154
-0.00911342155009149
0.332907372400761
-1.0709092627599
-0.79471644612476
-1.16686389413988
0.327258979206051
-0.403992438563327
-0.972062381852547
-1.05904158790168
0.134017013232515
-0.586158790170127
0.287720226843103
-0.587069943289222
-0.20208695652174
-1.1933024574669
0.579241965973537
0.272100189035919
-0.703754253308126
-0.481206049149339
-0.965844990548202
0.130901701323254
0.451901701323253
-0.69995274102079
-0.175115311909258
0.542213610586012
-0.53445935727788
0.518279773156902
0.347207939508509
-0.920884688090734
-0.546759924385632
-0.653446124763702
-1.13163894139886
-0.124625708884687
0.133555765595467
0.698916824196598
-0.421160680529299
0.291412098298677
-1.13236483931944
0.471981096408318
0.0163667296786388
0.67957088846881
0.440141776937622
-0.681913043478259
0.550120982986769
-0.432317580340265
0.235799621928167
-0.281644612476371
0.23229111531191
-0.372905482041588
0.205255198487713
0.533712665406428
-0.41120415879017
0.379015122873347
-0.0541039697542534
0.752591682419661
0.482219281663518
0.246415879017014
-0.177984877126655
-0.505644612476372
0.339657844990548
-1.01001890359168
0.0209565217391305
0.898255198487714
0.31044234404537
-0.090663516068053
-0.476258979206049
-0.5768393194707
0.18054820415879
0.151926275992439
0.302
-0.683814744801512
0.348644612476371
-0.310896030245747
0.584185255198488
-0.575
0.674637051039698
0.0936446124763705
-0.234533081285444
-0.622814744801512
-0.585362948960302
0.74954820415879
-0.687073724007561
-0.141
-0.249540642722117
-0.115444234404537
0.878741020793951
-0.635
0.838741020793951
0.55109640831758
-0.835814744801512
0.244466918714556
-0.552814744801512
0.335
-0.834177693761815
0.0807334593572779
-0.460533081285444
0.607103969754253
-0.0112589792060492
-0.291162570888469
-0.845
-0.117
0.749
-0.854
0.524
0.192
-0.582
0.902
-0.915
-0.275
-0.829
-0.386
-0.382
-0.266
-0.702
0.841
0.677
-0.675
0.196
-0.464
0.015
-0.794
-0.348
0.62
0.034
-0.985
0.869
-0.958
-0.447
-0.507
0.842
-0.976
-0.915
-0.967
-0.766
0.534
-0.991
-0.775
0.335
0.574
-0.499
-0.977
-0.721
0.16
0.398
0.561
-0.331
0.724
0.036
-0.662
0.425
-0.743
-0.544
-0.501
0.759
0.948
-0.77
-0.871
0.111
0.509
0.323
-0.624
0.348
0.592
-0.117
-0.854
-0.471
-0.416
-0.501
-0.236
0.832
0.451
-0.011
0.621
-0.966
-0.009
0.927
0.492
-0.779
0.473
0.345
-0.856
0.005
-0.785
0.068
0.585
0.568
0.586
-0.727
-0.714
0.303
0.88
0.114
0.825
-0.749
-0.876
-0.325
-0.313
-0.723
0.251
0.032
-0.916
0.224
-0.729
-0.494
0.973
0.267
-0.166
-0.535
-0.233
-0.979
-0.262
0.907
0.638
-0.836
0.178
0.37
0.133
-0.477
0.297
-0.422
-0.058
-0.69
-0.787
0.461
0.951
-0.663
0.164
0.37
0.909
-0.684
0.239
0.215
-0.031
-0.56
0.26
-0.081
-0.266
0.708
