-2.81767863893732
-0.95207372400696
0.423584120982993
-1.45829678639299
-1.42010586011336
-0.999351606804629
-1.13419470699434
-0.862328922494576
-0.861185255197869
-2.43385066162562
-0.711094517958298
-0.634298676748627
-0.764576559546888
-0.726561436672858
0.0458431001892349
-0.381856332703147
-0.0254234404536191
0.210032136105877
-0.0599527410206017
-0.078659735349677
-0.458606805292973
-0.443926275992521
-0.333149338374256
-0.187909262759843
-0.252160680529253
0.062349716446264
-0.293689981096284
-0.107557655954497
0.428935727788538
-0.0158260869563563
-0.0290699432891454
-0.342684310018743
-0.463215500944952
-0.607209829867542
-0.0836729678637633
-0.374642722117103
-0.053109640831627
-0.000553875236189012
-0.159654064272055
-0.217846880907258
0.0523497164462886
0.362706994329042
-0.15280907372387
0.342930056710882
0.065446124763816
0.122576559546395
-0.195069943289065
0.048215500945266
0.753595463138153
0.227196597353607
0.0250510396976326
-0.0402608695650953
-0.171701323251316
0.140332703213707
0.000750472589953034
0.310975425330924
-0.0424196597352793
0.207374291115416
-0.160767485822247
-0.269372400756073
-0.225510396975307
0.532909262760024
0.187886578449986
-0.0188544423439741
0.287981096408395
0.0436332703214815
0.324663516068117
-0.228310018903527
0.509285444234477
7.95682041587916
0.882500945179648
0.596113421550272
0.561085066162676
0.35260113421554
0.196967863894168
0.610633270321434
0.419603024574677
0.0115387523629667
0.280616257088872
-0.10966918714557
0.48615311909264
0.313576559546333
0.247542533081305
0.0571266540642888
-0.20633837429111
-0.349867674858221
0.0553327032136289
-0.0785009451795647
-0.11741209829867
0.0367712665406532
-0.136153119092625
0.22150283553876
-0.189085066162563
-0.214533081285437
0.0903667296786434
-0.0940359168242032
-0.14895841209829
-0.234616257088828
-0.0301720226843154
0.318071833648408
0.336665406427236
-0.161049149338368
0.311086956521745
-0.291654064272219
-0.283903591682459
0.477614366729677
-0.461986767485823
0.352351606805296
0.0141984877126691
0.290345935727788
0.297799621928154
0.120427221172013
-0.155054820415873
-0.335652173913044
0.498727788279781
-0.546230623818538
-0.156086956521747
-0.270941398865781
-0.400945179584104
-0.0644196597353492
-0.418599243856324
-0.336911153119088
0.701011342155017
0.695521739130439
0.246982986767486
-0.927848771266543
0.610285444234409
-0.520750472589795
-1.23025897920606
0.53716824196597
1.17783364839319
0.0497769376181471
0.797327032136115
1.27303591682421
0.112739130434783
0.581457466918718
-0.154937618147447
-0.730179584120987
0.499293005671078
0.428996219281667
-0.184722117202267
-0.557943289224957
-0.106931947069944
0.248141776937618
0.137364839319473
0.80910964083176
0.206843100189038
-0.204567107750471
-0.465151228733459
-0.396538752362949
-0.780631379962194
0.345517958412098
0.921
0.0606578449905477
0.229109640831757
-0.32080718336484
-0.82
0.470425330812855
0.929644612476369
0.618425330812855
-0.652574669187145
0.931109640831757
0.118
0.58
0.061
0.326
0.979
-0.49
-0.731
0.533
0.664
0.705
-0.077
-0.441
-0.841
-0.554
-0.972
-0.559
-0.715
0.815
0.361
-0.567
0.572
0.128
0.503
-0.896
-0.014
-0.089
-0.647
-0.127
0.599
-0.374
-0.744
-0.949
0.418
-0.226
0.643
0.297
-0.638
-0.873
0.581
-0.281
-0.673
-0.018
0.274
-0.532
-0.672
0.362
-0.087
-0.216
-0.311
0.738
0.209
-0.858
-0.719
0.939
-0.639
0.99
-0.924
-0.044
-0.66
0.067
-0.843
0.395
0.933
0.037
0.449
-0.128
0.14
0.385
-0.197
-0.27
-0.921
-0.842
-0.767
-0.358
-0.894
-0.411
0.854
0.035
0.776
0.623
0.998
0.569
-0.816
0.861
0.416
-0.886
0.769
0.479
-0.587
0.653
0.221
0.405
0.787
-0.486
-0.438
-0.069
0.048
-0.763
0.019
0.456
-0.778
0.527
0.98
0.958
0.659
0.051
0.909
0.639
0.833
0.771
-0.865
0.041
0.18
-0.284
0.068
-0.413
0.211
-0.928
