-2.14657278033327
-1.06310775035589
0.653776938531563
-0.891805293691898
-0.653576559388099
-1.32337618124215
-0.963425336735875
-0.00741776832061295
-0.816625708031135
-0.752257088802405
-0.154650280065741
-0.624945173449369
-0.488882797472945
-0.23834971509907
0.161686202445525
-0.975043481460015
0.0409054793891893
0.200886576102718
-0.270907368643135
0.82608506873045
7.25265406623307
-1.68534215501207
0.08944423700768
0.272489605689034
-0.0589584131038435
0.38717769124011
-0.0417542552581315
-0.085444234739549
0.117644614397983
0.135920607056149
-0.111756141868569
-0.196839320470747
-0.120147448815437
-0.159540643377659
0.0336219252347634
0.0385066183275361
0.0476540663991036
-0.0333534961425378
-0.109160679118948
-0.107275995092304
0.0134612472300451
-0.0772986769308079
-0.146788281786551
-0.0467939490612513
-0.036412100111288
-0.0877826092082975
-0.0862722112336761
-0.107060491629055
0.0167637031047781
0.00852740965091145
0.0171644607245183
0.0329300557340798
0.0656446092039606
-0.0994763684807431
0.0147240052896887
-0.0104347858255027
0.101654064482281
0.00798865826682544
-0.155255198298283
-0.15612098418179
-0.0112533067102105
-0.00997542396454533
0.0854291109220277
-0.0069413962700405
-0.017344042745374
-0.0725557648939595
-0.0182741034694351
0.163277881229554
0.08619659873802
-0.0101852532949953
0.19880529275285
-0.08746124841659
-0.123750474149515
0.0108015121472438
-0.057272208856133
-0.0687788298864375
0.0609262756685223
0.0255973538880277
-0.0890264667226379
-0.00766729818209867
0.107232512994941
-0.159882795894283
0.0156086965226113
-0.0504366766551257
-0.0140018909605836
0.132298678221887
0.00226087119761698
-0.15280718429075
-0.153139884964254
0.155060492876889
0.105134214482734
-0.135712662730353
0.00714933851163498
-0.0338128560190588
0.207616255126341
-0.176894141799885
0.0121776978159956
0.099756140374435
-0.209223060429862
-0.360879011499777
-0.0957448031726858
-0.0194461256108724
0.227103967998848
0.258132324022598
0.139826085176974
0.177877124332988
-0.22021738913273
0.0988336492340296
-0.51045368525816
0.137795840326069
0.324432895395276
0.0779395096784322
0.398330811243272
0.310249522508868
-0.635194705454825
0.113468806912474
0.328945183145327
-0.288858222903993
-0.402446122914449
-0.278896033155547
-0.584646502462303
-0.359748584313589
0.499735349941855
-0.0758185257346329
0.167234404367085
0.307809075390849
0.337139888934029
0.4238147453755
0.272892250011239
0.375994328422564
0.0603950871457075
-0.374517958662799
0.137041586277745
-0.633345934044052
0.322285447271703
0.33277504638856
-0.341483932189342
-0.570831756676263
0.500797733424578
-0.208616257702173
-0.22641398898953
0.136831759466411
0.0872230628508567
0.308584121436525
-0.512047257917955
0.123508505664174
-0.604175803244885
-0.52663516110656
0.520892250029549
-0.0127126653838912
0.62510775044302
0.719561436692693
0.584
0.517310018992325
-0.282281663501282
-0.733633270025592
0.031
-0.402661625516639
0.500775047480808
0.426338374483362
0.0493383744833655
-0.0862816635012793
0.862
0.46
-0.745
-0.271
0.964
0.757
-0.648
0.186
-0.146
0.983
0.017
0.191
-0.673
0.972
-0.263
-0.64
-0.515
-0.437
0.435
0.902
-0.627
-0.761
-0.839
0.643
0.236
0.771
0.303
0.414
-0.81
-0.628
0.104
-0.609
-0.952
0.73
0.483
0.418
-0.026
0.708
0.169
-0.429
-0.937
-0.773
-0.58
0.525
-0.606
-0.607
0.156
-0.26
0.414
-0.329
-0.963
-0.149
0.917
0.072
-0.466
0.623
0.299
-0.389
0.493
-0.807
-0.546
-0.063
-0.005
-0.518
-0.122
-0.374
0.142
-0.404
-0.512
0.319
0.385
-0.223
0.394
-0.136
0.839
-0.854
0.818
-0.364
0.248
-0.157
-0.385
-0.437
0.999
0.519
-0.666
-0.747
-0.526
-0.025
0.196
0.859
-0.881
-0.637
-0.786
-0.024
-0.884
0.125
0.231
0.938
-0.354
0.768
0.25
-0.441
-0.749
-0.905
0.285
0.26
0.457
0.052
0.232
-0.612
0.804
-0.337
0.362
-0.35
0.577
0.891
-0.062
0.476
