-4.33707372398394
-2.55623629495654
-0.924833648393165
-1.85095085072347
-1.59397542533069
-2.47858601139791
-1.9387240075602
-0.28088657845118
0.795000000005989
-0.695132325140162
-0.195068052928628
0.643470699437209
0.0654517958439568
0.331177693762881
0.273512287336146
-0.0363383742903535
-0.133079395084002
-0.469586011341455
-0.109143667295876
0.419207939509838
0.451415879017811
-0.0803686200375831
0.289066162571708
0.087684310019766
0.100865784501123
0.0175803402657154
0.0694971644623343
0.202400756144639
-0.238429111529116
-0.0837731568987797
0.330206049151346
0.082325141777992
0.145633270323089
-0.245444234403239
0.0762438563336521
-0.311584120981759
-0.212213610584574
-0.276958412096997
-0.190659735348754
-0.410073724006277
0.314474480152506
0.0924517958422088
-0.2451115311901
-0.0205311909254234
0.110020793952855
0.310351606807218
0.102056710776843
0.0155406427229214
0.13062003780832
0.266000000001493
-0.0824669187137503
0.0176805293013491
0.137890359169879
0.110765595464104
-0.100094517957673
0.0844499054836718
0.655587901704204
0.258748582232523
0.821812854445091
12.2418865785972
0.146096408318561
0.0389319470719202
0.170680529301241
0.00820793950873035
0.285570888469936
0.0699054820423609
-0.219081285443572
0.0806899810968041
0.161361058601564
0.167799621928699
-0.0670359168238352
-0.0186918714551941
-0.146128544423196
0.0868468809076852
0.108931947070359
-0.00640264650238909
0.041396975425604
-0.0415368620035096
0.321654064272513
0.229022684310258
0.164105860113654
-0.0533761814742908
0.277357277882988
0.560733459357776
-0.265956521739031
0.0932438563329163
-0.158589792060262
-0.372086956521453
0.2445368620039
-0.25164461247624
0.0800321361059556
0.038434782608861
-0.176330812854347
0.402465028355723
-0.208398865784263
0.137546313799713
0.171771266540919
0.292049149338589
-0.024965973534897
0.35013421550115
0.137655954631512
-0.400238185255081
0.0937826086957252
-0.625081285444101
0.297064272211856
-0.195209829867651
-0.514829867674653
-0.214079395084953
0.0882627599244968
-0.306412098298589
-0.0864366729678434
0.213610586011367
0.169136105860182
-1.12323818525504
0.851410207939612
-0.0968412098297985
1.48038374291225
0.871706994329023
-0.0226219281663271
0.428567107750512
-0.846646502835548
-0.802625708884696
0.468005671077549
0.371835538752385
0.374102079395175
-1.10547069943303
-0.27430812854438
-0.503752362948995
0.36418903591684
0.605128544423442
1.50897164461249
-0.732275992438566
0.644109640831749
0.234224952741059
-0.429427221172063
0.0156124763704974
-0.311202268430993
-0.26580340264649
0.278264650283578
-0.459270321361049
-0.514854442344065
0.334262759924397
-0.859215500945159
0.457321361058625
-0.337230623818526
0.153283553875244
-0.576880907372396
0.359950850661632
-0.603954631379967
1.72114555765609
-0.568317580340273
-1.12479395085067
0.558
-0.480052930056712
-0.568342155009443
-0.75684310018904
-0.77
0.642551984877133
-0.363132325141771
0.281551984877133
0.519551984877133
-0.351342155009452
0.874
0.632
0.428
-0.47
0.854
-0.809
-0.294
0.452
0.892
-0.173
-0.762
-0.898
0.58
0.38
-0.666
0.488
0.873
-0.903
-0.057
-0.837
-0.268
-0.77
-0.044
-0.673
0.386
-0.693
-0.748
0.756
0.39
-0.234
-0.898
0.259
-0.243
-0.112
-0.199
-0.107
0.759
-0.786
0.648
-0.921
-0.391
-0.151
-0.609
-0.987
-0.343
0.456
0.008
0.062
-0.864
-0.258
0.916
-0.29
-0.515
0.504
0.927
0.644
-0.325
0.1
0.144
0.547
0.939
-0.05
-0.938
0.126
-0.276
-0.022
0.344
-0.308
-0.421
0.44
0.728
0.659
-0.552
-0.136
0.553
0.883
0.838
-0.058
0.67
0.929
0.298
0.189
0.619
-0.353
-0.151
0.391
-0.226
0.253
-0.04
0.156
-0.783
-0.342
0.069
-0.899
-0.861
0.658
-0.213
0.265
0.289
0.679
-0.889
-0.685
-0.517
-0.305
0.014
-0.743
-0.738
0.621
0.95
-0.956
0.806
0.732
0.43
0.215
-0.752
-0.251
0.33
0.414
