-1.19404536861999
-0.922954631379947
0.197998109640836
-0.894890359168234
0.657682419659752
-1.38851228733476
-0.45304536862004
-0.751835538752365
-0.303487712665395
-0.72197164461247
-0.380771266540639
-1.52420415879022
-0.758952741020784
-0.243599243856331
-0.399224952741016
-1.10811720226842
-0.642003780718343
-1.00099621928166
-0.985177693761808
-0.0215954631379955
0.00817013232514601
-0.792574669187134
-0.939536862003781
0.490306238185259
-0.264455576559541
-0.48865595463137
-0.322945179584116
-0.527763705103963
-1.28526843100185
-0.220591682419655
-1.23788846880905
-1.03246313799621
-0.43592627599243
-0.279523629489595
0.371973534971653
-0.196092627599239
-1.36792627599243
-0.899268431001885
-0.696873345935726
-0.83452551984877
-1.02120982986766
0.138147448015125
-0.67000756143667
-0.882536862003775
-0.763117202268428
0.00702268431002086
-0.477517958412095
-0.0762268431001889
0.147035916824203
-0.473629489603023
-0.825981096408314
-0.850370510396971
0.148616257088851
0.045215500945182
0.376686200378072
-0.846705103969752
-1.15780340264649
0.387693761814751
0.0935179584121016
-0.617421550094514
0.033204158790171
0.474001890359171
-0.916054820415874
0.329147448015126
-0.275671077504722
-0.742975425330808
-0.00657466918714526
0.366506616257091
-0.238500945179581
0.382824196597356
-1.14572778827975
-0.601431001890357
0.579092627599244
0.487761814744809
-0.0694385633270317
0.503710775047261
0.35900189035917
-0.689325141776934
0.0908525519848778
-1.06406616257089
-0.881175803402644
0.426249527410212
0.273633270321362
0.277207939508508
-0.297784499054817
0.602557655954634
-0.234536862003779
0.490975425330814
0.340427221172024
0.383612476370513
0.328440453686201
-0.685676748582229
-0.253238185255195
0.825085066162572
0.200795841209831
-0.53307372400756
0.372200378071834
-0.0077164461247638
0.197482041587903
-1.01305293005672
-0.965608695652173
0.215939508506616
-0.601013232514174
0.642701323251417
-0.290621928166351
0.900213610586012
-0.64265595463138
0.580041587901703
-0.853209829867676
0.891351606805294
-0.321491493383744
0.520179584120983
-0.503253308128544
0.433049149338376
-0.492916824196597
0.649487712665408
-0.59547258979206
-0.0448695652173913
-0.111253308128544
0.261603024574669
0.405022684310019
0.583262759924385
-0.892162570888468
0.435542533081286
-0.74807372400756
0.61981663516068
0.862054820415879
-1.00780718336484
-0.500368620037806
-0.401676748582229
-0.750814744801512
-0.438629489603023
0.0966521739130437
0.145911153119093
0.901069943289225
-0.0787391304347827
0.107548204158791
0.593124763705105
-0.449238185255199
-0.194272211720226
0.268370510396977
0.256782608695652
0.344185255198489
0.42964461247637
-0.310073724007561
0.829
0.846822306238185
0.323637051039699
0.338741020793951
0.483200378071834
-0.879
-0.53
-0.801
-0.981
-0.429
-0.608
0.084
-0.072
0.43
0.082
-0.917
-0.616
0.053
0.591
0.714
-0.847
-0.576
0.347
0.523
0.6
-0.416
-0.243
-0.641
-0.978
0.98
-0.839
-0.682
-0.284
-0.262
-0.519
0.815
-0.463
-0.356
-0.003
-0.475
0.79
-0.615
0.131
-0.418
0.561
0.859
-0.812
-0.783
0.524
-0.214
-0.093
-0.731
0.765
0.743
-0.404
0.405
-0.487
0.803
0.786
-0.037
0.364
-0.889
-0.824
-0.962
-0.59
-0.926
-0.632
-0.81
-0.052
0.266
0.546
0.74
-0.945
0.065
0.924
0.767
0.292
-0.235
0.961
0.741
-0.605
-0.46
-0.166
0.235
0.072
0.892
-0.447
-0.028
-0.858
0.076
0.302
-0.266
-0.143
-0.966
0.161
0.679
-0.791
0.092
-0.829
0.486
0.49
0.997
0.268
-0.742
0.24
0.167
-0.787
-0.301
0.819
-0.172
-0.888
0.748
0.841
-0.955
-0.433
-0.177
0.276
-0.06
-0.034
-0.483
0.521
0.395
-0.952
0.872
0.964
-0.188
-0.118
-0.98
0.904
-0.756
0.558
-0.801
-0.407
-0.526
-0.75
