-1.13726086812067
-0.413765594594812
-0.0689584120982989
-1.07842722038136
0.119158790237824
-1.77528733385208
-0.838130434676874
-0.169304346372603
0.101207940268436
-1.19009640889735
-0.541981094976636
-1.2849206044232
-1.13306427242417
0.443285447086438
0.0201890370942937
-0.888289227650564
-0.766429107167855
-0.830792060475987
-0.679487710132958
-0.924491490628735
-0.739716445165552
-0.884671078151169
-0.40202079386353
-1.03985443980134
-1.07983553924759
-0.631718333121308
-0.611385633123836
-1.16418903547468
-0.126773158523754
-0.954349713865157
-0.342994327216889
-1.02182041235722
-1.41586011276287
-0.156886577487211
-1.04137240475637
-0.474710773396595
-0.451873343154774
0.0111020800218448
-0.529141774781281
-0.616706993716213
-1.5567807203805
0.719396979014709
-0.246642722822036
-0.648017013245811
-0.814752362836291
0.168737239614363
-0.111744800754543
-0.250869565518112
0.496956521551141
-0.325901699700014
-0.605419655531878
-0.00470132073243336
-0.845258981924974
-0.54113799871223
-0.318684308173846
0.214179582401299
-0.879474479088563
-0.335720223961481
-1.35879962310916
0.418166353664497
0.0162419696833469
0.447648398502408
-1.39276748396335
0.0534782580738637
-0.877308125102886
0.805587900304117
-0.616413987919109
-1.57504347972631
-0.123234403665013
-0.426137992761601
-0.274175800132978
0.0407977356978175
-0.213417770864206
0.00602835610019803
-0.490206052407737
-0.318289221885129
-0.387224951973424
-0.131933833565797
0.315060492001191
-0.215775049388511
-0.519453689115832
1.18650661558829
0.0841758083638315
0.905453686035607
0.272045369258782
-0.240136104886882
-0.184359166863761
-0.103179584464639
0.782402648713373
-0.0750775004646766
-0.444818526083937
1.15538941385076
-0.368850657798289
0.953109642264204
-0.214714553700117
0.376990555466052
0.234376179244942
0.108945178391142
1.3737542596962
-0.0630151173755359
-0.0301134199832094
0.942977316913227
-0.172066161644137
-0.51798109708366
0.934427218262945
0.241258979765905
0.661551986892598
-0.0684423391003764
1.03668620729406
0.640618146461448
-0.152187146859058
0.595370510248391
-0.0258279788614459
0.337591684171732
0.361296787042275
0.889328924649467
0.0966956538900846
-0.673937614595417
-0.555909264861256
0.82719470667112
0.833850662693311
0.704243858903096
1.30110775411685
0.404064271723014
1.08776559583234
0.815897924783036
1.15543478122107
0.911158793915145
3.365733463179
0.488986767809086
0.534858226558078
0.939361060813063
1.97662948948441
1.12330245348298
-0.121483932475928
1.7273062382622
0.799066161131513
-0.188249526298225
0.38846502750333
-0.249601134476744
-0.276215503019104
0.18601323174308
-0.486793951632319
-0.431332702400936
1.34936105892595
1.29142722202187
-0.0985557642722568
0.720400755769745
-0.350814744751535
0.980833643139758
-0.23317391268434
0.85825897990462
-0.399
0.0139981095013971
0.52916635158357
0.663327031671326
-0.069
-0.795837429413634
0.111495273753491
0.128162570586366
0.0841625705863611
0.954166351583569
-0.226
0.626
-0.283
-0.577
0.866
0.889
-0.306
-0.511
0.255
0.983
0.841
0.622
-0.274
-0.262
0.07
-0.167
-0.404
-0.928
0.824
-0.798
-0.279
0.902
-0.439
-0.151
0.792
-0.768
0.712
-0.411
-0.801
0.201
0.114
0.274
0.49
-0.719
0.519
-0.343
0.307
0.38
0.944
-0.299
-0.122
0.697
-0.597
-0.314
0.77
-0.021
-0.731
-0.213
-0.471
-0.903
0.566
-0.008
0.263
-0.159
0.23
-0.129
0.065
0.868
-0.369
0.633
-0.823
-0.896
-0.71
-0.947
-0.131
-0.434
-0.868
-0.556
0.218
-0.588
0.525
0.216
-0.873
0.122
0.323
0.023
0.499
0.875
0.079
-0.187
0.963
-0.076
-0.94
-0.899
0.635
-0.878
-0.99
-0.352
0.05
-0.352
0.592
0.439
-0.252
-0.689
-0.476
-0.227
0.407
-0.65
0.816
0.203
-0.154
0.824
0.569
-0.884
-0.429
-0.65
-0.136
-0.859
0.517
-0.794
0.372
0.19
-0.212
0.818
0.669
0.253
-0.956
-0.812
