-1.12718714555749
-1.33082608695705
0.842440453686208
-0.588633270321233
0.0173383742911409
-1.35616824196668
0.318281663516102
-0.953175803402506
-1.5301965973523
-1.96636672967886
-0.273459357277868
-0.526064272211613
-1.05601512287346
-0.659778827977301
-0.799797731568917
-0.82016257088838
-0.823098298676783
-0.15860680529301
-0.911814744801014
-0.198230623818524
-0.95101512287325
-0.704361058601158
-1.2143553875236
-0.263204158790178
-0.326100189035891
0.20939319470703
0.425179584121029
-0.623056710775015
-0.891240075614284
-0.28489224952739
-0.473181474480058
-0.108586011342115
0.290654064272239
0.163066162570916
-0.565153119092589
0.0679130434782944
0.153000000000024
-0.435081285444173
-0.288364839319451
-0.362907372400718
-0.0395671077504232
-0.359952741020744
-0.351336483931912
-0.791706994328709
-0.571162570888386
-0.248022684309948
-0.148516068052913
0.643710775047298
0.416139886578478
-0.8131342155009
0.0249508506617342
0.709650283553951
-0.232697542533082
-0.420563327032037
0.148930056710762
0.359727788279828
-0.584862003780663
-0.550364839319443
-1.06310018903578
-0.219465028355361
0.324039697542589
-0.232102079395033
-0.16354253308126
-0.0973837429111331
0.591408317580362
-0.254192816635124
-0.254336483931938
0.0365349716446387
-0.0516200378071587
0.343009451795879
0.516385633270372
0.226294896030271
-0.291319470699411
0.0214536862004033
0.0804669187145845
0.00245557655956407
0.298676748582242
0.28712665406429
0.33253308128545
0.181319470699458
-0.31931190926276
0.270599243856417
0.765568998109673
0.651572778828015
0.127247637051075
-0.047725897920613
0.184603024574676
0.615226843100216
0.510773156899826
0.262209829867625
0.310565217391369
1.22977504725911
8.68420226843125
1.56862381852572
1.07528544423428
0.612667296786451
0.532323251417773
1.15809073723999
0.902801512287336
0.29408884688093
0.793175803402656
0.774251417769376
-0.729109640831756
-0.140534971644613
0.082996219281663
0.056162570888463
-0.0434536862003806
-0.722069943289213
0.593960302457472
1.12095463138007
-0.0647126654064392
-1.0889073724008
0.453586011342168
-0.0681984877126699
-0.484328922495272
1.0420982986767
-1.17825519848768
-0.0580812854442325
0.346674858223064
0.337094517958417
-0.333880907372403
-0.552037807183368
0.077691871455575
0.102994328922499
-0.518177693761817
-0.386829867674861
0.553434782608695
0.150926275992443
-0.455533081285448
0.671485822306247
-0.611153119092626
0.0323629489603043
-1.25603402646501
-0.56747069943289
0.562001890359164
0.471654064272211
0.745400756143672
0.567202268430983
0.486763705103969
0.713752362948955
-0.383761814744801
0.53421739130435
-0.239185255198488
-0.920200378071845
0.178474480151228
-0.849109640831762
0.821502835538752
-0.166368620037807
-0.388028355387521
-0.397342155009453
-0.0758620037807184
0.534166351606806
-0.76
-0.365822306238185
0.776362948960299
-0.060741020793951
0.119
0.653718336483929
0.622444234404534
-0.597281663516071
-0.902281663516071
-0.0606370510396975
0.388
0.741
0.414
-0.607
-0.711
-0.159
0.806
0.915
0.507
0.056
0.862
0.553
0.477
0.793
0.819
-0.685
0.148
0.847
-0.353
-0.957
-0.368
0.723
-0.308
-0.056
-0.211
0.382
-0.772
-0.261
0.975
0.999
-0.637
-0.01
0.608
0.123
-0.669
0.008
-0.149
0.103
-0.891
0.084
0.073
-0.088
0.356
0.905
0.743
-0.313
0.143
0.98
0.072
-0.196
-0.525
0.739
0.724
-0.976
-0.696
0.665
0.048
-0.53
0.604
-0.093
-0.388
0.066
0.939
0.508
-0.308
-0.128
0.945
-0.647
0.462
-0.19
0.463
-0.955
0.737
0.563
-0.031
0.719
-0.634
-0.214
0.2
-0.898
-0.762
-0.752
0.666
0.171
0.524
-0.376
0.265
0.584
-0.182
-0.334
0.959
-0.62
0.499
0.202
-0.529
-0.993
-0.027
0.848
0.213
-0.13
-0.259
-0.211
-0.482
-0.738
0.34
-0.571
-0.998
-0.839
0.054
-0.416
0.298
-0.738
0.27
0.502
-0.332
-0.636
0.399
-0.232
