-1.67282230623808
-1.58071266540652
-0.668725897920604
-1.29679773156914
0.262782608695661
-0.0333591682419562
0.535672967863918
-0.152020793950852
-0.249735349716438
-0.473829867674851
-0.714206049149332
-0.965786389413978
-0.0201512287334539
-0.634948960302455
-0.85077504725897
-0.465258979206049
-1.05406616257088
-0.424924385633268
-0.55101512287334
-0.937266540642713
-0.24553686200378
-1.33924385633265
-1.37078449905478
-0.654744801512284
-0.71287523629489
-0.666177693761811
-0.165884688090737
-1.21383553875234
-0.414243856332698
-1.58537996219283
-1.24226275992436
-0.760009451795835
0.487933837429115
0.0574310018903619
-0.361431001890355
-0.648270321361053
-0.759801512287328
-0.796478260869557
0.227499054820419
-1.12795841209831
-0.00960491493383575
0.223427221172028
-0.269177693761811
0.229943289224959
-0.0583931947069916
-0.498935727788277
-0.192493383742907
-0.372672967863895
-0.425580340264647
-0.819582230623816
-0.725809073724004
-0.474888468809074
-0.889344045368616
-0.635249527410204
-0.261741020793945
-0.73197164461247
0.443663516068061
0.0455652173913052
0.381578449905486
-0.807862003780711
-0.808873345935724
0.263631379962196
0.57129678638942
0.161204158790171
-0.505251417769372
0.592117202268434
-0.286950850661625
0.690376181474486
0.36731379962193
0.645793950850669
0.631499054820418
-1.13660491493382
0.422190926275995
-0.481240075614368
-0.444257088846878
0.3613213610586
-0.647570888468805
-0.343693761814741
0.159792060491494
0.538841209829871
0.38164839319471
0.801724007561438
-0.0411455576559537
-0.10086011342155
0.153189035916828
0.407483931947072
-0.741230623818522
-0.0809754253308131
-0.690334593572778
-0.479230623818524
-0.261175803402647
0.243727788279775
-0.338737240075613
0.173829867674859
0.75652930056711
-0.960381852551984
0.843529300567108
-0.959264650283552
-0.494066162570887
0.435973534971644
0.761077504725898
0.304748582230625
0.691487712665409
-0.0283686200378072
-0.4562797731569
-0.35154631379962
0.17517202268431
0.521007561436674
-0.92586956521739
0.560302457466919
-1.00642344045369
0.0543156899810964
-0.680389413988657
-1.00656143667296
-0.119621928166352
-0.676342155009451
-0.610211720226843
-0.104835538752362
-0.973608695652174
0.230459357277883
0.498699432892249
0.928240075614367
0.570164461247637
-0.0585198487712665
0.0449111531190926
-0.463417769376182
0.252644612476371
-0.584342155009452
-0.07
-0.451266540642722
0.658151228733459
-0.621253308128544
-0.764088846880907
0.8117202268431
0.903
-0.83
-0.765
-0.871
-0.578
-0.406
-0.634
-0.206
-0.02
-0.253
-0.435
0.745
-0.048
-0.249
-0.717
0.491
0.689
0.015
-0.929
0.344
0.941
0.899
0.805
-0.225
0.964
-0.956
0.426
-0.224
-0.384
0.514
0.922
0.654
-0.166
-0.494
-0.903
-0.24
-0.9
-0.717
-0.525
0.465
-0.12
-0.266
-0.04
-0.174
-0.598
0.307
0.585
-0.47
-0.856
0.438
-0.12
-0.337
-0.688
-0.102
0.908
-0.996
-0.636
0.459
-0.835
-0.622
0.167
0.589
-0.823
0.465
-0.175
-0.09
-0.089
-0.554
-0.347
0.523
0.39
0.406
-0.461
-0.394
-0.537
0.207
-0.062
-0.022
-0.628
-0.344
-0.541
-0.104
-0.368
0.177
-0.366
0.258
0.341
0.935
-0.403
-0.907
-0.605
-0.36
-0.882
-0.903
-0.703
0.29
-0.444
0.494
-0.999
0.491
-0.604
0.138
0.877
-0.38
-0.952
0.474
-0.877
0.706
-0.565
-0.299
0.065
0.385
0.086
0.508
0.919
-0.729
-0.043
-0.001
-0.169
0.566
0.568
-0.025
0.849
-0.44
0.128
-0.25
0.288
-0.558
-0.691
0.172
-0.35
0.444
-0.023
-0.119
-0.74
0.32
0.018
-0.988
0.129
0.159
0.135
0.635
0.5
0.895
0.027
0.009
