-1.10736294896026
-0.182359168241957
-0.0671776937618147
-0.811396975425295
-0.75211342155005
-0.835115311909227
0.756119092627645
-0.913846880907356
0.0948544423440787
-0.852122873345916
-0.559635160680522
-0.110882797731556
-1.35020037807193
0.0830699432892299
0.0181682419659862
-0.0611890359168184
-1.82599621928164
-1.18324007561437
-0.694542533081282
-0.829638941398855
-0.855334593572769
-1.4042117202268
-0.927164461247626
-0.405198487712661
-0.762470699432888
-1.05619659735344
-0.0158714555765528
0.16930623818526
-0.960287334593534
-0.402202268430996
-1.07283175803398
-0.0904820415878994
-0.29453308128544
-0.0691096408317542
-0.14950850661625
-0.480542533081285
-0.503712665406421
0.000395085066170539
0.273066162570903
0.153725897920616
-0.503587901701318
-1.47167863894138
-0.00312476370510037
-1.01625708884682
-0.869321361058586
-0.237846880907367
-0.570291115311898
0.215903591682428
-0.950243856332662
-0.457888468809066
-0.622837429111513
0.49357277882798
-0.889300567107696
0.0994952741020795
-0.215168241965965
-0.195117202268423
-0.222586011342154
0.316699432892252
0.697238185255208
0.381533081285454
0.22328922495275
-1.22845935727789
0.862130434782616
-0.398973534971641
-0.195642722117196
-0.3113629489603
-0.57727410207939
-0.198860113421549
-1.05050283553874
-0.0414593572778826
-0.899158790170129
-0.941758034026463
-0.739387523629486
0.472147448015126
0.608258979206052
-0.708852551984866
-0.389744801512286
-0.875935727788276
-0.290130434782605
0.516491493383744
0.419103969754254
0.734198487712668
0.881364839319475
0.574578449905483
-0.212784499054817
-0.365136105860112
0.243943289224958
0.99627599243857
-0.0760586011342147
-0.790930056710772
0.957544423440457
0.550043478260869
-1.04992249527408
-0.893493383742912
-0.574344045368618
-0.0346351606805294
-0.316795841209826
0.360822306238188
0.531882797731572
0.88811153119093
0.224060491493384
-0.936230623818526
1.0569943289225
0.367680529300567
-0.727916824196596
-0.353156899810962
0.750918714555768
0.0231852551984875
0.81590548204159
0.0271833648393194
-0.528017013232514
0.253956521739133
-0.537782608695651
-0.6032797731569
-0.331103969754253
0.679544423440454
-0.640542533081284
-0.750782608695651
1.20978638941399
-0.595629489603023
0.752349716446126
-0.0707693761814742
-0.925258979206049
0.935606805293008
0.17910775047259
-0.0253440453686195
-0.428224952741021
-0.749540642722116
0.117797731568999
0.121572778827977
1.32108128544423
0.872251417769376
-0.315663516068052
0.276334593572781
-0.470328922495275
0.502782608695653
1.08782986767486
-0.438638941398873
0.434347826086957
-0.786431001890359
0.654684310018903
0.274105860113421
-0.115943289224952
-0.456793950850662
1.56264650283553
0.575461247637052
0.237164461247637
0.665361058601135
1.03679962192817
-0.177801512287335
-0.167249527410208
-0.440831758034028
0.212
0.182750472589792
-0.790041587901703
-0.556831758034028
-0.976
-0.750540642722117
-0.63662381852552
0.873459357277883
-0.457540642722117
0.284958412098273
0.8
-0.163
-0.069
-0.198
-0.799
0.157
0.911
0.056
0.672
0.816
-0.196
0.68
0.546
-0.122
-0.357
-0.943
0.923
-0.799
0.427
-0.483
-0.457
-0.832
-0.947
0.587
-0.664
0.64
0.047
-0.561
0.293
0.862
-0.604
0.739
0.923
0.615
-0.162
0.366
0.133
0.108
-0.291
-0.917
0.683
-0.334
0.145
-0.092
0.395
0.531
0.529
0.314
0.441
0.967
-0.907
0.893
-0.787
0.792
-0.277
0.631
-0.216
0.343
-0.535
-0.439
-0.891
0.471
0.763
0.809
0.42
0.065
0.757
0.93
-0.961
0.276
-0.076
-0.186
0.491
0.343
-0.167
0.877
0.022
0.145
-0.808
-0.195
-0.89
0.733
-0.002
0.326
0.769
-0.498
0.526
-0.87
-0.108
0.206
-0.418
0.789
-0.358
-0.852
0.973
-0.789
-0.097
0.335
0.487
-0.67
0.774
0.599
0.274
-0.836
0.042
0.278
-0.599
-0.131
-0.042
-0.154
-0.391
0.638
0.151
0.66
-0.549
-0.624
-0.528
-0.564
