-2.24179206744763
-1.74421360911768
-0.215134211696118
-1.26808128465269
-0.536856329904183
-1.02329489442549
-0.947623831747747
-0.116495266073075
-0.572699432972117
-0.531086955146506
-0.0855595469004371
-0.393291111284149
-0.110650284409067
-0.133894140348326
0.177559547111862
-0.0741001938761352
0.0495047227758745
0.176748587035574
-0.0335595456377893
-0.0792400733974317
0.40791115567045
-0.0845311890817079
0.0842986773492203
-0.120767485651425
-0.0795425340080786
0.0137750495787784
6.63029300847521
-0.497517959609284
0.0164158793931684
-0.197207938566703
-0.0514272196524111
-0.11601512244992
-0.0411172020691069
-0.11103402188512
0.0856181463691625
-0.0386351627403371
-0.0293289204623107
-0.108888467333139
-0.0542967838691572
-0.0589905498183075
0.0876483924123301
-0.12743856299718
-0.0454139888240754
0.0398733454505106
0.0391285469994481
-0.0549603062968285
-0.0208733445153393
0.0886086963183396
0.0456446161671484
-0.0422967817986862
0.017822308604423
-0.0521531177110423
-0.0581020787916208
0.0470245749853443
0.115686202963041
0.0558298652459024
0.0512608696102578
-0.0404045385429709
0.0459054807099285
-0.0417466892222697
-0.00779395121258134
0.0381190941494559
-0.025349721204503
-0.00399621750562037
0.0690170163134921
0.00024952488700448
0.0346408319918258
0.0214612452765529
0.0646559544968846
-0.00233081561921036
0.0703516080207511
0.062221171667699
-0.0867712661195726
0.0411682426807094
-0.0567750482596431
0.00274102246577758
0.046366733014539
-0.110119090976946
0.0499262796937461
-0.0349792057843484
-0.119376180609322
0.219708881149258
0.114769377837024
-0.142759923566425
-0.0423931957400609
-0.00570888215923897
0.241843100427689
0.0837315685065329
-0.0316351594826482
-0.104151232026404
0.10503969734324
-0.154716447232644
-0.0574007526162454
0.129597354325332
-0.134379961838461
-0.0657901704710371
0.0946899787802395
-0.158147450893988
0.0514328936234375
0.114013233726785
-0.413143664303092
0.0450472568158715
0.0716767430104198
-0.0443213619149129
-0.0563156935620255
0.162446125553854
0.113816636147271
-0.274655958404652
0.423782606514111
-0.255580338293694
0.064181473186506
-0.0431568994433424
-0.3241682413964
-0.597139884306628
0.345533080808598
-0.0345916834175296
-0.447255196651127
0.713298679585928
-0.0440699446032837
0.258603024085977
-0.0688620046236695
-0.355383741453303
0.489958408753976
-0.0881947085590851
-0.195799620078184
-0.228098296817674
-0.223620038057914
0.159001889807055
0.146287333138733
-0.284179580342115
0.412060493048959
0.106404536410617
0.425451799942554
-0.157005670704955
-0.484461248092611
0.647155009180013
0.0432041572409098
-0.10740264941968
0.200984876591498
-0.0974272198093772
-0.182616259226126
0.491916823793776
0.0758204148656523
0.411610584252958
-1.01067675089417
0.147251415751821
0.0937826077928571
-0.325714555737438
-0.0683931957738796
-0.0462911128668555
-0.533327032879761
-1.25613232702096
-0.494
0.61796408303213
0.589160680505369
-0.567786389892846
-0.527
-0.72491115343034
-0.440589792419641
-0.83091115343034
-0.191911153430342
0.803160680505369
0.349
-0.272
0.441
-0.085
-0.487
0.149
0.442
0.472
0.698
-0.709
-0.81
-0.431
-0.78
0.636
-0.409
0.974
-0.208
-0.406
0.324
0.402
-0.328
-0.395
0.431
0.38
-0.409
-0.442
0.256
-0.975
0.431
-0.224
0.113
-0.463
0.432
0.63
-0.943
-0.182
-0.669
0.547
0.186
0.96
0.151
0.482
-0.571
-0.662
-0.976
0.937
0.487
0.968
-0.862
-0.501
0.675
-0.812
0.037
0.599
0.145
-0.257
0.297
-0.94
-0.676
0.954
0.892
0.416
-0.959
-0.078
0.178
0.653
0.136
-0.411
0.578
0.773
0.642
0.245
0.408
0.363
-0.75
0.19
-0.825
0.092
0.356
-0.347
0.071
0.287
0.887
-0.068
0.101
-0.076
0.499
0.832
-0.515
0.313
0.52
-0.73
0.222
0.231
-0.933
0.734
0.441
0.507
0.159
-0.63
-0.199
-0.103
-0.611
-0.636
-0.144
-0.57
-0.22
0.674
0.348
0.955
-0.433
-0.796
-0.296
0.671
-0.117
-0.396
0.529
0.108
