-1.337986765475
-1.15712098177743
-0.979015122886013
-0.146559547562975
0.677275991595088
-0.933586009825192
-0.747525522466957
-1.82131380081198
-0.677336485083928
-1.01355765383407
-0.623689981310478
-1.2698166351776
-0.810262759717285
0.295431001443188
0.160313802282535
-1.12844612697277
-0.859737239653783
-0.960240072270422
0.0469565216074565
-0.577835538571413
-1.12840264777094
-1.00266540814349
-1.02450850496943
-1.28210775051486
-0.463262759782079
-0.269404538998556
-0.447958414231247
-1.09376748542947
-1.19309451641761
-0.488351606541893
-0.368589789115413
0.172098296427512
-0.39795273825317
-0.80254064303475
-1.11786578377007
0.026958408709632
-1.00343477968481
-0.396725897880464
-0.134103969900061
0.208281664596354
-0.876928165360703
-0.414780716501962
-1.04790925857287
-1.27016446449727
-0.456907373159888
0.0616597400708054
0.0515897914020602
-0.889792061220881
0.873304347494423
0.0953062453485419
0.25126653774428
-0.170593573855544
0.252336484929869
-0.195357272045638
0.0623062393085068
-0.179799621579559
0.338417765795266
-0.379098296445735
-0.218410205678195
0.134007562303625
-1.04025897995383
-0.884720225984609
0.366865783188567
0.0271701351455279
-0.26198865589781
0.203077505976621
0.812398865626809
-0.107398865446473
-0.379519850268419
0.206512289107833
-0.58290359021611
-0.821572782450482
-0.0350207925114326
0.220054818809574
-0.394669187237095
0.614355385618068
-0.230606803383863
0.462330815529796
-0.437582226919556
0.64515500933076
-0.196183363753438
-0.238412095705095
-0.162069940540714
-0.108493383543608
1.2481417814522
1.70379962293108
-0.368572780546927
0.213937622496705
-0.335026468921216
-0.0458714543723407
0.0885878991436682
-0.45194328875097
-0.650102082195643
-0.23168241947388
0.731614369250827
-1.12884120845124
0.287729684782505
-0.286137999314891
1.58223062688465
-0.0228468812319995
-0.429480149702698
0.245992444694231
-0.735374293722245
-0.0299943292767093
0.634637054326997
0.809984879511184
0.545098298021832
0.866308125365645
0.968971642433096
1.26099432794708
0.448255200751075
-0.128315690830382
0.75588468597464
0.151172024766029
-0.194856336422185
1.83643289465793
0.789400755679605
0.827674857963315
1.49929489521741
0.314551988379938
0.184733454766531
1.23574858350815
-0.154374295639138
1.23477505169062
3.51352174325788
0.545544423908734
2.07682041732185
-0.370122873565654
0.393773158130107
-0.113850659041932
0.702752364336283
-0.428502838435888
1.22835160720301
1.15416068298713
-0.439691872498497
0.605453688063072
0.991378072120972
0.426525517500895
0.444015123728996
-0.206786386556295
-1.109406430685
0.853729678426274
-0.499221173005778
-0.0378922510224561
-0.21326654308704
-0.628606805396522
-0.370115312730375
0.244654064687686
-0.237156900877143
0.603357279660943
-0.884829868439628
0.34690926080222
0.364
-0.536487712838648
0.801918714526896
0.124374290537859
-0.715
0.598943288849614
0.623780717903392
-0.310056711150386
-0.670056711150386
0.278918714526896
-0.777
0.496
-0.236
-0.755
-0.239
-0.848
-0.202
-0.517
-0.604
-0.567
-0.886
0.623
-0.02
0.293
-0.595
-0.236
0.815
-0.192
0.77
-0.647
0.409
0.77
-0.863
0.629
0.254
0.175
0.459
0.245
0.254
0.786
0.763
-0.675
0.604
0.043
0.463
0.282
-0.445
0.038
0.787
-0.381
-0.68
-0.548
-0.377
0.741
0.421
0.74
0.532
-0.484
-0.119
0.521
0.889
-0.064
0.024
-0.919
0.878
-0.547
0.358
0.135
-0.01
0.586
-0.308
0.552
0.229
-0.391
-0.33
0.788
-0.982
0.936
0.83
0.123
-0.792
-0.224
0.021
0.15
-0.967
-0.044
0.146
-0.604
-0.793
0.513
0.642
-0.057
-0.636
0.733
0.897
-0.173
0.301
0.522
0.165
0.009
0.923
0.42
-0.953
-0.8
0.926
-0.232
0.223
-0.987
0.07
0.633
0.722
0.595
-0.314
0.757
0.312
0.112
0.914
0.874
-0.952
-0.079
0.306
-0.038
-0.072
0.477
0.943
0.749
0.187
0.495
