-1.25144990579895
-1.09917958431106
-0.834362948960302
-0.171879017177999
0.116843100176378
-1.18496786405893
0.293568998096974
-0.874260869565218
-1.37915122884733
-0.509187145798485
0.264659735349719
-0.828525520102275
-0.0565160683444626
-1.10479017024633
-0.753620037845207
-1.18652173919375
-1.41166162570891
-0.405852552238389
0.2255708883674
-0.37270888475146
-0.593293005671069
-0.385820416043793
-0.974162570901133
-0.39686578467652
-0.941676748582225
-1.02417580371959
-1.2511512289235
-0.643043478527053
-0.580139886578439
-0.112504725910586
-0.0796597355778757
-0.756555765658832
-0.0549224956163496
-0.801559546313794
-1.61283175803399
-0.629381852551978
-0.84911153119092
-0.18263516068053
-0.703557655954625
0.299977315689984
-0.998844990548199
0.166652173913049
-0.761873345935719
0.0899262759924442
0.418782608695656
-1.2454574669187
-0.215903591682417
-1.1229451795841
0.578393194706998
0.242741020793952
-0.924548204158785
-0.48679206049149
-0.946090737240072
-0.74162192816635
0.125472589792062
-1.18912476370509
-1.06584877126653
-0.628100189035915
0.0908204158790192
-0.806145557655953
-0.663361058601132
-0.588489603024572
-0.157542533081285
-0.551011342155006
0.391739130434785
-0.485928166351604
0.628287334593575
-0.101648393194707
-0.836854442344043
0.716160680529303
-0.149374291115311
-0.0570586011342157
-0.511423440453686
-0.799224952741019
-0.689081285444233
-0.0596219281663516
-0.829807183364838
0.190069943289226
0.192007561436673
-0.724156899810963
0.220973534971645
0.577370510396975
-0.12086956521739
0.75315122873346
0.167336483931948
0.120459357277883
-0.541088846880907
-0.197759924385633
0.131986767485823
-0.981890359168242
-0.273362948960303
-0.899232514177694
-0.903
-0.689
0.313
-0.883
-0.069
-0.425
0.779
0.347
-0.809
-0.429
-0.599
-0.902
-0.4
0.511
-0.681
-0.999
-0.786
-0.365
0.799
-0.04
0.747
-0.013
0.125
-0.193
0.651
0.266
0.336
-0.517
-0.831
0.05
0.832
-0.794
0.101
-0.175
-0.044
-0.778
-0.074
-0.774
-0.942
0.632
0.464
0.87
-0.893
-0.316
0.199
-0.209
0.172
0.687
-0.183
-0.535
-0.4
-0.486
-0.78
0.768
-0.633
0.11
0.185
-0.494
-0.535
0.665
0.239
0.295
0.177
0.14
-0.262
-0.805
-0.004
0.775
-0.445
-0.903
0.074
0.987
-0.423
-0.834
0.496
0.876
-0.121
-0.559
0.607
-0.141
-0.907
0.648
0.665
0.704
-0.551
0.318
0.985
0.333
-0.542
0.845
0.037
-0.581
0.76
-0.607
-0.608
-0.832
-0.307
-0.033
0.945
0.004
0.795
0.397
0.132
-0.28
0.39
-0.388
0.937
-0.947
-0.728
-0.51
-0.769
-0.257
-0.101
0.606
0.571
0.591
0.63
0.472
-0.31
0.42
-0.79
0.663
0.317
-0.291
0.06
-0.345
-0.773
-0.817
0.774
0.328
0.183
0.912
-0.505
-0.397
0.064
-0.304
-0.485
-0.055
-0.686
0.837
0.38
0.931
0.06
0.967
0.614
-0.707
0.52
-0.846
-0.179
-0.199
-0.462
0.22
-0.724
-0.475
-0.206
-0.869
-0.92
-0.577
0.66
-0.266
-0.615
0.753
-0.721
-0.056
0.307
-0.681
-0.752
-0.704
-0.459
-0.125
0.075
-0.316
0.158
-0.147
-0.961
-0.722
-0.398
0.35
0.095
-0.234
0.134
-0.928
0.361
-0.028
-0.211
0.963
0.636
0.97
