-0.615916824196585
-0.712482041587881
0.604638941398869
-1.11130623818526
0.444277882797744
-0.514710775047242
-1.06106616257087
-1.27538185255194
-0.863669187145536
-1.32541965973536
-0.205612476370506
-1.18465973534971
-0.999937618147439
0.232729678638948
-1.15587523629484
0.445595463138
-0.469347826086955
-0.644514177693762
-0.0286124763705103
-0.795446124763695
-0.703249527410198
-1.01443856332702
-0.372502835538748
0.301504725897924
-0.124792060491489
-0.49590737240075
-0.708466918714551
-0.504200378071827
-1.71243100189031
-0.338058601134215
-0.100094517958411
0.0215141776937676
-0.983570888468801
-1.09575992438562
-0.777674858223051
0.0491947069943351
-1.7001587901701
0.201669187145561
-0.00996219281663304
0.265871455576565
-1.2554574669187
-0.853742911153117
-1.65399432892248
-0.500850661625706
-0.853374291115308
-0.0989810964083154
-0.798151228733452
-0.447425330812854
-0.219714555765592
-0.332306238185255
-0.64565217391304
-0.458451795841205
-1.07235727788279
0.682124763705107
-0.609440453686197
0.119638941398866
0.323482041587906
0.41791871455577
-0.149612476370511
-1.09106049149339
-0.573311909262758
-0.176485822306237
-0.82907372400756
0.178548204158791
-0.617102079395083
0.200094517958414
-0.900576559546315
-0.925916824196595
-0.401275992438563
-0.454652173913044
0.78989413988658
0.507149338374292
0.298758034026466
0.582587901701324
-0.694998109640831
-0.989393194706994
-0.609499054820415
-0.298873345935727
0.136865784499055
-0.987058601134214
-0.434523629489602
0.412344045368621
0.658748582230626
-0.0214839319470699
-0.320533081285444
-0.133136105860112
0.597124763705104
-0.608984877126654
0.579843100189037
0.313879017013233
0.963370510396975
-0.978245746691871
-0.631232514177693
0.354727788279774
0.213474480151229
0.144035916824196
-0.733608695652174
-0.433676748582231
-0.981629489603024
0.0438846880907373
-0.0296899810964083
-0.452574669187146
-0.515958412098298
-0.585533081285444
0.037062381852552
0.0687882797731569
0.302281663516068
-0.674321361058601
0.542001890359168
-0.354979206049149
0.000404536862003787
-0.220744801512287
-0.334731568998109
0.112911153119093
0.464446124763705
0.0114536862003781
0.320665406427222
0.390425330812855
-0.350689981096408
0.757
0.740911153119093
0.838315689981096
-0.515266540642722
0.350534971644612
-0.255451795841209
0.820542533081285
0.312240075614367
-0.966177693761815
-0.525026465028355
0.132610586011342
0.817466918714555
0.801020793950851
-0.227506616257089
-0.869684310018903
0.0577542533081285
-0.895519848771267
-0.0433421550094518
0.272637051039698
-1.02315689981096
0.611151228733459
0.537117202268431
0.248289224952741
-0.185958412098299
-0.0647599243856333
-0.635485822306238
0.125514177693762
0.339
0.259109640831758
0.911493383742911
-0.79047258979206
0.843164461247637
-0.12645179584121
0.899
-0.718835538752363
0.33552741020794
0.16454820415879
-0.935
0.118856332703214
0.695911153119093
0.184856332703214
0.759856332703214
0.284527410207939
0.837
-0.558
-0.207
0.206
-0.938
-0.441
-0.968
0.367
-0.897
-0.917
0.415
0.084
-0.808
-0.557
0.029
0.558
-0.006
0.61
-0.466
-0.937
-0.873
-0.702
0.323
-0.023
0.91
-0.504
-0.183
0.914
-0.935
0.842
0.571
-0.191
0.865
-0.72
0.468
-0.61
-0.845
0.176
0.081
-0.221
0.229
-0.447
-0.893
0.762
0.467
-0.185
-0.908
-0.108
-0.856
-0.493
-0.87
-0.907
-0.344
0.702
0.157
0.538
0.118
0.815
0.295
0.565
0.742
-0.882
0.301
-0.739
-0.488
-0.394
0.219
0.911
-0.025
-0.361
0.402
0.818
-0.471
0.755
-0.166
0.574
-0.809
0.56
0.509
0.095
-0.596
0.924
0.769
0.558
0.711
0.478
-0.848
-0.837
0.122
0.929
0.271
-0.661
0.88
0.516
0.036
0.111
0.251
0.846
0.249
-0.139
0.596
-0.82
0.917
0.505
0.104
-0.688
0.563
-0.099
-0.133
0.583
0.347
0.558
-0.695
-0.801
0.161
0.818
-0.652
0.743
