-1.23433081285439
-1.79330812854454
0.612166351606808
-0.811495274102064
-0.125277882797731
-1.42256521739149
-1.04316257088845
-0.208948960302456
-0.510739130434767
-0.778659735349709
-1.12839319470698
-0.464068052930054
-1.43357088846883
0.376051039697549
-1.21485822306229
-0.794724007561432
-0.393759924385631
-0.466077504725893
-0.0568922495274099
-0.028255198487712
0.225510396975435
-0.255616257088843
-0.756400756143666
-1.54006616257087
0.0441663516068137
-0.542030245746683
-0.119385633270318
-1.1433402646503
-1.42339697542531
0.140410207939511
-0.0737637051039667
-0.615846880907366
0.0833119092627644
-0.811512287334587
-0.434877126654054
-0.360236294896026
-0.891638941398863
-1.35595652173909
-1.19799810964079
-0.38013421550094
-0.382914933837424
0.0642911153119114
-0.710969754253302
-0.356589792060493
-0.162115311909262
-1.37852173913043
-0.305574669187141
0.118627599243857
0.339026465028361
0.238899810964088
0.314393194706997
-1.28313610586011
-1.23137051039694
0.390977315689986
0.121565217391309
0.361967863894142
0.0235293005671086
0.25142155009452
-0.0428071833648385
0.57743289224953
-0.27676937618147
0.141765595463139
-0.123926275992436
0.278907372400761
-0.088221172022684
0.116415879017017
0.423737240075615
0.0088487712665402
-0.399429111531189
-0.361710775047256
-1.05956710775047
0.0808166351606814
-0.813448015122872
-0.757098298676746
-0.635943289224951
0.561448015122874
-0.390109640831757
0.29584120982987
-0.982865784499055
0.39291493383743
0.35611720226843
0.148565217391304
-0.382705103969753
-0.309799621928166
0.816565217391304
0.211262759924386
-0.314060491493383
0.603960302457467
0.185960302457467
0.263591682419661
0.780640831758034
-0.422361058601133
-0.246986767485822
-0.569381852551985
-1.17194517958412
0.372240075614367
-0.449306238185255
-0.106189035916824
-1.05144990548204
-1.14148015122873
-0.934638941398866
-0.821512287334594
0.0799111531190926
-0.340432892249527
0.185517958412098
-0.601017013232514
0.604926275992438
0.815370510396975
-0.0232287334593573
0.547302457466919
-0.169
0.834493383742911
0.171905482041588
0.330345935727788
-0.946926275992438
0.553398865784499
-0.0597051039697543
-0.44692438563327
0.581907372400756
-1.14263894139887
-0.232621928166352
0.91707561436673
0.711302457466919
0.079890359168242
0.023
0.272529300567108
-0.746865784499055
-1.10748771266541
-0.675
0.0995122873345936
0.211604914933837
0.813378071833648
0.294361058601134
-0.717621928166352
0.543
0.343453686200378
-0.648319470699433
0.593361058601134
0.224436672967864
0.219512287334594
0.359117202268431
-0.112
-0.224
0.9
-0.721
-0.922
0.677
0.529
-0.752
-0.533
-0.569
-0.941
0.293
0.99
0.265
-0.684
-0.521
0.759
0.836
0.998
-0.874
0.573
0.514
0.83
-0.704
0.217
-0.631
-0.111
0.913
-0.16
0.17
0.182
0.15
-0.718
-0.602
0.928
0.15
0.851
0.048
-0.055
0.664
-0.127
0.842
0.858
-0.133
0.231
-0.431
0.482
0.067
0.226
-0.076
-0.318
0.935
0.414
0.292
-0.936
0.374
-0.054
0.603
0.061
0.708
-0.212
0.615
0.408
0.296
0.248
-0.091
0.011
0.591
0.337
0.166
-0.373
-0.29
-0.11
-0.666
0.253
0.73
0.655
-0.038
0.064
-0.352
-0.113
0.822
-0.314
0.916
-0.512
0.246
0.735
-0.011
-0.667
-0.446
-0.797
-0.753
0.987
0.236
-0.124
0.257
-0.566
-0.439
0.618
-0.679
0.558
0.891
0.729
-0.94
-0.704
0.971
0.045
0.08
-0.961
-0.666
0.718
0.984
-0.461
-0.587
-0.179
-0.034
-0.072
0.492
-0.192
-0.999
0.174
-0.979
0.257
-0.218
-0.038
-0.62
-0.277
0.654
0.457
0.995
0.295
0.093
0.343
-0.257
0.089
-0.005
-0.908
-0.374
0.619
