-2.09356710775035
-1.95558790170142
-0.528013232514176
-0.542584120982972
-0.233134215500932
-0.494871455576544
0.515406427221199
-0.284614366729683
-0.233372400756134
-1.01782986767485
-0.434408317580334
-0.888258979206037
0.0237485822306325
0.0647202268431028
-0.325472589792055
0.0938714555765611
-0.616771266540638
0.022262759924388
-0.660353497164452
-0.627933837429101
0.0781474480151264
-0.960623818525511
-0.22081474480151
-0.52358601134215
-0.27635160680529
-1.51464083175804
-0.362960302457461
-0.269899810964079
0.0619073724007609
-0.195444234404533
-0.30659924385633
-0.071485822306236
0.1060302457467
-0.0161172022684275
-0.184752362948956
-0.107875236294896
0.159714555765601
-0.12933270321361
-0.84899432892249
0.31942155009452
-1.19764083175801
-1.06360113421549
-1.19319470699431
-1.64833837429111
-1.3628733459357
-1.19523629489601
-1.48680151228732
-0.454706994328922
0.0947202268431031
-1.06756899810963
-0.0352741020793944
-0.347185255198483
-0.132892249527408
-0.886166351606805
0.630843100189039
-1.08521172022683
-0.876550094517956
-0.128718336483931
0.490383742911156
-0.393879017013231
-0.855446124763704
-1.09890926275992
0.700737240075617
-0.768606805293005
-0.347809073724006
0.320860113421551
-0.0382948960302455
0.791283553875237
-0.859277882797729
0.473274102079395
-1.21801701323249
0.25210964083176
-0.0413137996219288
-0.240172022684309
-0.317871455576559
-0.112559546313799
-0.89266540642722
0.470001890359168
-0.205190926275993
-0.176578449905481
-0.967347826086957
-0.969744801512287
-0.99647258979206
0.733391304347826
-0.890321361058601
-0.593684310018903
-0.628156899810963
0.627829867674859
-0.984862003780718
0.151877126654065
0.140603024574669
-0.460621928166351
0.936994328922495
0.825548204158791
0.531200378071833
0.931986767485822
-0.13437618147448
0.58669943289225
0.0945557655954635
-0.492334593572779
0.203117202268431
-0.897177693761814
-0.266561436672968
0.621391304347826
-1.02062948960302
0.686568998109641
0.87460302457467
-0.69092438563327
0.382500945179584
-0.316671077504726
0.831555765595463
-0.495
-0.932088846880907
-0.481013232514178
-0.341937618147448
-0.742088846880907
-0.792
-0.908417769376181
-0.564013232514178
-0.584519848771267
0.311911153119093
0.528582230623819
0.832328922495274
0.0455557655954631
-0.423
0.56107561436673
0.502733459357278
0.391644612476371
0.386
-0.104355387523629
-0.682342155009452
-0.304088846880907
-0.366519848771267
-0.476088846880907
0.979
0.960493383742911
0.341240075614367
-0.676519848771267
0.736062381852552
-0.604355387523629
-0.495697542533081
-0.924
-0.75
0.362
0.3
-0.355
-0.486
0.443
0.149
0.329
0.74
-0.209
0.162
-0.311
0.225
0.7
-0.722
0.66
0.076
-0.568
-0.819
-0.535
-0.067
-0.507
-0.641
0.163
0.846
0.544
-0.443
-0.285
-0.089
0.858
-0.67
-0.972
0.897
0.243
0.28
-0.525
0.781
0.931
0.057
-0.919
-0.73
-0.944
0.183
0.537
0.54
0.97
0.305
-0.722
0.69
0.693
0.273
0.33
-0.757
-0.921
0.143
0.757
0.002
-0.863
-0.201
-0.031
-0.115
-0.567
-0.583
0.882
-0.539
0.134
-0.209
0.982
-0.58
0.802
0.878
0.144
0.374
-0.9
-0.806
-0.124
0.309
-0.178
0.622
0.876
-0.762
-0.722
0.025
0.217
-0.415
-0.001
0.785
0.817
-0.901
0.522
0.473
0.644
0.132
-0.913
0.195
0.836
0.638
0.301
0.075
-0.594
0.178
0.323
0.858
0.888
0.814
-0.872
0.955
-0.857
0.884
-0.734
-0.552
-0.82
-0.485
-0.078
-0.27
-0.393
0.408
0.199
0.296
0.462
0.348
-0.026
0.882
-0.103
-0.671
-0.766
-0.988
0.287
-0.096
-0.642
0.237
-0.993
0.746
0.215
-0.302
-0.085
-0.58
0.136
