-0.941109640831744
-0.485742911153102
0.337788279773158
0.110829867674878
-0.683340264650255
-1.70724574669207
0.572727788279802
-0.129831758034032
-0.666578449905465
-1.09476937618145
-0.292667296786382
-0.716521739130421
-0.84268241965973
-0.327455576559538
-0.195060491493382
0.318903591682424
-1.53960491493388
-1.23615311909258
-0.0828714555765555
-0.65880529300566
-0.342930056710771
-1.21876370510389
-0.772073724007557
-0.799117202268428
-0.496939508506609
0.00681663516068258
-0.836446124763699
-1.29576370510394
-0.604149338374281
-1.60359924385636
-0.787442344045361
-0.0720718336483927
-0.546614366729673
-0.666285444234401
-0.400013232514169
-0.793194706994325
-0.563209829867668
-0.503637051039695
-1.23119470699429
0.152722117202274
-0.221192816635155
-0.141956521739129
-0.95288846880907
-0.89646691871455
0.291546313799625
-0.691674858223059
-1.14896219281663
0.12978827977316
-0.451799621928165
0.0302684310018905
-0.438230623818522
0.0695727788279792
-0.441351606805293
-0.183189035916822
-0.88194328922495
0.0200926275992446
-0.929697542533077
-0.761015122873343
-0.381833648393194
-0.728491493383741
0.318708884688092
0.329211720226846
-0.733676748582228
-0.0667599243856319
0.387797731569
0.379538752362952
-0.830115311909263
0.72713988657845
0.715279773156901
-0.382071833648392
-0.557449905482041
0.00981852551984914
-0.654296786389414
-0.944005671077503
0.0391758034026466
-1.17267296786388
0.312047258979207
-0.398763705103969
-0.0953894139886579
-0.847379962192816
0.498351606805293
-0.350032136105859
0.160289224952741
0.744544423440454
0.0539130434782612
0.515330812854443
-0.280058601134216
0.46738752362949
-0.525890359168242
0.689062381852553
-0.781739130434782
-0.427903591682419
-0.966321361058601
0.568130434782609
-0.949540642722117
0.917931947069944
-0.146937618147448
0.409240075614367
-0.456342155009452
-0.821034026465028
-0.803431001890359
-0.61292438563327
0.963185255198489
-0.896814744801512
-0.197725897920605
0.739041587901702
-0.290308128544423
-0.378253308128544
0.952438563327033
-0.585506616257089
0.857801512287335
0.620294896030246
0.73507561436673
-0.347362948960302
-0.0189035916824197
-0.292088846880907
-0.669506616257089
-0.304362948960302
-0.947759924385633
-0.835
-0.287
-0.152
0.357
-0.789
-0.494
0.93
0.082
-0.067
-0.969
0.272
0.134
-0.885
-0.83
-0.247
-0.931
0.184
-0.248
0.102
0.059
0.372
-0.124
-0.795
0.652
-0.948
0.852
-0.394
-0.155
0.398
-0.421
0.351
0.595
-0.819
0.356
-0.61
0.474
0.366
0.04
0.764
0.608
-0.124
-0.325
0.779
-0.406
-0.313
0.289
0.748
0.463
-0.009
-0.414
0.815
0.962
0.236
0.639
-0.307
0.288
-0.493
0.196
0.304
-0.642
0.9
0.085
0.683
-0.646
-0.321
0.677
-0.047
-0.242
0.779
0.279
-0.298
-0.856
-0.012
0.494
-0.817
-0.303
0.097
0.611
-0.036
-0.237
-0.897
0.142
0.853
-0.188
-0.237
0.389
-0.642
-0.458
-0.337
0.102
-0.034
-0.83
0.735
0.405
0.707
0.791
-0.008
0.425
0.914
0.01
-0.664
-0.01
0.683
0.712
0.884
0.67
-0.026
0.742
0.455
0.995
-0.809
-0.104
-0.768
-0.459
-0.745
-0.242
0.231
-0.129
0.59
0.29
0.319
-0.59
-0.906
-0.323
-0.688
-0.469
-0.592
0.583
0.786
-0.608
0.705
0.671
0.696
0.953
-0.574
0.113
0.458
-0.859
-0.073
0.092
-0.586
-0.385
0.086
-0.333
-0.089
-0.93
0.938
0.194
0.15
-0.051
-0.441
-0.879
0.835
-0.376
0.691
0.925
-0.105
0.006
0.4
0.352
0.262
