-3.34489981096288
-0.807502835538547
2.36006049149332
-0.746056710774897
1.49287334593611
-1.71486200378345
-0.131289224952736
6.8594593572782
-0.295009451795584
-2.28031379962238
0.155871455576601
-0.748644612476219
-0.53935349716445
0.0588204158790811
-0.17025141776913
-0.242816635160615
-0.071894139886634
-0.0470170132325165
-0.180782608695613
-0.150015122873291
0.0306124763705252
-0.0441550094517831
-0.147156899810945
-0.214941398865759
-0.132646502835529
0.0696408317581389
-0.0406597353496865
-0.0957126654064245
-0.122466918714522
-0.10979962192814
-0.348992438563252
-0.172410207939468
0.0314310018903795
-0.295158790170075
-0.0841776937617876
0.0708525519849466
-0.24998109640828
-0.14976937618145
-0.421879017013193
-0.138724007561395
-0.297039697542524
-0.053499054820391
-0.00714933837425438
-0.268608695652164
-0.064241965973512
0.0234102079395567
0.104277882797749
0.172894139886593
-0.153090737240039
-0.192706994328906
0.132722117202289
0.00662381852556355
-0.0433969754252903
0.0147088846881355
-0.0501644612476129
-0.218568998109602
0.00973156899814152
-0.0483988657844861
-0.0335425330812443
0.0744612476370568
-0.038151228733422
-0.0440831758033715
0.0192608695652377
-0.0514669187145302
-0.0362911153118828
0.0881512287334853
-0.0126446124763586
-0.0330018903591585
0.140580340264676
-0.242994328922475
0.138544423440464
0.226268431001903
-0.0958374291115246
-0.0543459357277627
-0.0259981096408182
0.0160586011342281
-0.234075614366712
0.2377088846881
0.0557674858223166
0.042376181474491
0.389275992438624
-0.121453686200369
-0.208744801512291
-0.146260869565212
0.194568998109661
-0.0120982986767402
-0.070466918714551
-0.293296786389405
0.0447032136105968
0.185903591682436
0.00577315689981438
-0.0716200378071632
-0.0718582230623754
0.109519848771275
0.103058601134228
-0.517134215500928
0.232005671077505
-0.615890359168228
0.0204631379962212
0.0744499054820508
0.0303289224952895
0.526166351606827
0.167419659735354
0.193345935727792
0.0241361058601197
-0.0788960302457381
-0.638086956521736
0.0454480151228775
-0.742429111531176
0.130319470699441
0.348209829867678
-0.123117202268433
-0.36981663516068
-0.0390567107750477
-0.211372400756145
0.459901701323256
-0.417151228733463
0.161686200378072
0.528011342155012
-0.00109073724007383
0.29614177693762
-0.112542533081285
0.364638941398867
-0.45931190926276
-0.782848771266543
0.0764215500945192
0.633192816635161
0.19770699432893
0.117587901701326
-0.0920396975425337
-0.0387807183364839
0.831247637051045
-0.874436672967865
-0.028606805293002
0.20291871455577
0.676854442344043
-0.742559546313795
0.579005671077509
0.0956710775047275
-0.00678071833648429
0.0584083175803392
-0.180659735349716
-0.575914933837429
0.19741020793951
-0.48655765595463
0.00696219281663508
-0.480213610586011
0.283361058601135
-0.611109640831758
0.239092627599245
0.826710775047259
-0.329964083175805
0.443
-0.706289224952741
-0.466548204158792
0.890035916824196
-0.838
-0.548126654064271
-0.0262230623818523
-0.848126654064271
-0.333126654064271
0.193451795841209
-0.678
0.635
-0.174
-0.863
0.662
0.499
0.404
0.832
0.538
0.277
-0.133
-0.556
0.975
0.982
0.306
-0.235
-0.754
0.86
-0.011
-0.541
0.116
0.956
0.188
-0.516
-0.824
0.949
-0.202
-0.965
0.702
0.754
-0.297
0.061
-0.548
0.277
-0.334
-0.607
-0.906
-0.978
-0.036
-0.026
0.807
-0.695
0.831
-0.507
0.613
-0.001
-0.739
-0.458
-0.605
0.396
-0.918
-0.028
0.039
-0.915
-0.932
-0.635
-0.554
-0.659
0.96
0.712
-0.299
0.368
-0.871
0.783
-0.427
0.806
0.991
-0.302
0.315
-0.088
-0.329
-0.776
-0.105
-0.985
-0.349
-0.19
-0.875
-0.305
-0.13
0.176
0.688
-0.745
0.64
-0.695
0.672
0.731
-0.979
-0.633
0.208
-0.7
0.946
0.752
-0.939
0.252
-0.728
-0.562
-0.825
-0.953
0.919
0.807
0.007
0.562
0.227
0.482
-0.275
0.858
-0.924
0.024
0.434
0.257
-0.76
0.751
0.471
-0.217
-0.976
-0.555
0.728
0.824
