-1.45125141815669
-0.196060491725771
0.928637051039698
-1.37117580360411
0.00405103968204939
-0.315264650484938
0.23177693760267
-1.04859546321405
-0.845907372590871
-1.00022873377624
-0.139476370510396
-1.12213232546719
-0.65851417792333
-0.14741209835783
0.279262759717347
-1.11937051056592
-1.09251984882195
-0.726187145611173
-0.381756143923626
-0.718593572905581
-1.04804536864395
0.194829867345291
-0.216544423440453
-0.174879017254073
-1.26807183374968
-1.39466351613136
-0.81295463137996
-0.94195652184053
-0.975043478273532
-0.67742722141286
-0.820086956521733
-1.32393761816013
-1.20002646507903
-1.16600567109016
-0.847103969919025
-1.44216446124764
-0.109215500945179
-0.24823251417769
0.531039697479163
0.00304725870033884
-0.900525519912141
-0.222882798111845
0.0154839317062284
0.445383742911156
-0.214143667309451
0.269491493117544
0.18874291089961
-0.429546313989757
-0.628665406515952
0.0565463135714586
-0.503939508519285
0.369124763502296
-0.337799622029568
-0.279508506857097
0.248187145215413
-0.222073724007561
-1.02541209829867
-0.976918714555763
-0.878584120982985
-0.404120982986764
-0.398056710775046
-0.294224952741018
0.054519848771267
0.353109640831757
0.672410207939511
-0.230905482041588
-0.481652173913042
-0.36931190926276
-0.741289224952741
0.464054820415879
-0.815030245746687
0.386431001890359
-0.391158790170131
0.643930056710777
0.734862003780719
-0.267317580340262
0.713128544423444
0.511512287334595
-0.990374291115312
-0.812799621928163
-0.75879206049149
0.127406427221174
0.468750472589794
0.472325141776942
-0.877930056710774
0.223926275992441
0.0206124763705101
-0.177606805293005
-0.793587901701321
0.576482041587902
0.816652173913045
-0.0869281663516067
-0.338984877126652
-0.012436672967864
-0.53108695652174
0.579427221172024
-0.76422495274102
-0.788854442344046
0.761631379962193
-0.925258979206047
-0.0178544423440453
-0.00149149338374278
-0.104663516068052
-0.0943270321361061
0.0489319470699432
0.312693761814747
-0.133060491493383
-0.0306899810964082
0.144986767485822
0.035109640831758
0.146973534971644
-0.551102079395085
-0.37837618147448
-0.959451795841208
-0.413287334593573
0.518432892249527
0.357480151228733
0.640268431001892
0.378432892249527
-0.391308128544423
0.810863894139888
0.755973534971644
-0.51245179584121
-0.230869565217391
0.808973534971644
0.28465784499055
-0.10639697542533
0.74273345935728
0.255775047258981
-0.76569754253308
-0.423752362948961
0.589412098298678
0.843871455576561
0.968911153119093
0.203109640831758
0.259240075614367
-0.715
-0.359
-0.476
-0.211
-0.627
-0.91
0.762
0.211
-0.511
0.397
-0.606
-0.337
-0.551
-0.024
-0.711
-0.413
-0.156
0.195
-0.721
0.255
-0.439
-0.854
0.126
0.769
-0.519
0.145
0.739
-0.113
-0.579
0.55
-0.429
-0.336
-0.156
0.327
0.284
-0.258
0.163
-0.361
-0.761
0.752
-0.973
0.286
-0.709
-0.555
-0.099
-0.76
0.314
-0.681
0.984
-0.972
-0.214
-0.294
0.696
0.95
-0.29
-0.862
0.515
-0.245
-0.692
0.227
-0.649
-0.126
-0.211
-0.061
-0.174
0.729
0.819
0.121
0.691
0.547
0.423
-0.796
-0.044
-0.474
0.227
0.275
0.855
-0.32
-0.133
-0.759
0.83
0.42
-0.097
-0.607
-0.237
0.864
-0.032
-0.106
-0.383
0.146
0.226
-0.592
-0.669
0.011
0.401
0.153
-0.503
0.351
0.619
0.172
-0.579
-0.807
-0.373
-0.564
-0.396
-0.418
0.75
0.17
-0.278
0.435
-0.718
-0.166
0.887
-0.933
0.396
-0.07
0.971
-0.605
-0.824
-0.039
-0.239
-0.076
-0.496
-0.455
-0.679
0.015
0.872
0.944
0.125
-0.926
-0.223
-0.496
0.061
0.694
0.819
0.637
-0.207
-0.534
0.789
-0.82
-0.887
0.797
-0.829
0.181
