-3.69448393194262
-0.463251417768867
-0.0303119092627539
-0.162533081284967
-0.627945179583885
-2.08196786389964
-1.23661625708828
-1.36183931946949
-0.513965973534313
-1.97113799621904
0.356009451795921
-0.132724007560985
-0.902907372400269
-0.631389413988586
0.167548204159007
-0.0313308128543775
-0.373521739130333
-0.110189035916794
-0.0370472589791403
-0.361398865784491
-0.441616257088352
-0.221085066162647
0.26316446124763
-0.200746691871346
-0.0919243856332112
-0.301663516067901
-0.454018903591531
-0.41693761814737
-0.00857277882781506
-0.229824196597242
0.0527429111531834
0.195249527410328
-0.193926275992352
-0.464826086956399
0.286266540642814
-0.588283553875024
-0.015914933837338
-0.167085066162434
-0.116627599243746
-0.22016068052921
0.0304253308130069
0.0495803402647375
0.259470699433005
0.0255028355389265
0.00594896030251742
0.19824763705117
0.0463742911153945
0.204017013232671
0.579839319470799
0.213268431002019
0.153720226843223
-0.33050283553864
0.331158790170246
0.479187145557749
0.251499054820526
-0.0858752362948014
-0.0671531190925519
-0.305517958412017
-0.0404177693761146
-0.0332759924385118
0.294073724007688
0.41567107750483
0.192992438563443
-0.283251417769294
0.426914933837509
0.305317580340312
0.0796332703213558
-0.255189035916769
7.84930245746702
1.06348771266544
0.577684310018997
0.547344045368652
0.299389413988647
0.654758034026483
0.436625708884739
0.513056710775058
-0.168228733459373
0.172862003780755
0.341453686200395
0.0056143667297069
0.439296786389454
0.301321361058608
-0.0956030245746239
-0.200574669187139
-0.1505576559546
-0.121952741020791
-0.213886578449906
-0.0648903591682083
-0.105793950850655
0.0257334593572943
-0.118066162570874
-0.186822306238192
-0.212733459357275
0.126950850661643
-0.675387523629493
0.0107844990548327
0.123546313799647
-0.111396975425321
0.362765595463163
-0.0172873345935673
0.0652117202268456
-0.584124763705097
0.544640831758042
-0.0568998109640841
-0.373395085066159
0.620971644612493
-0.158302457466919
-0.0155255198487752
0.424359168241974
-0.80083742911153
-0.580272211720208
0.19618525519849
0.120986767485823
0.0654990548204145
-0.437183364839313
0.35186578449906
-0.653714555765588
-0.494429111531192
-0.00651228733458814
0.270457466918724
-0.239302457466917
0.782992438563342
0.438979206049148
0.260714555765604
-0.232017013232521
-0.333792060491483
-0.286291115311913
0.282024574669194
0.0158733459357282
-0.0302079395085076
0.540739130434785
-0.0733724007561442
-0.291092627599248
0.245737240075615
-0.31863137996219
0.282400756143666
0.433429111531199
-0.132803402646503
-0.141451795841211
0.0927826086956507
-0.463177693761813
-0.888396975425302
-0.896204158790173
0.514459357277884
-0.33970132325142
0.849737240075615
-0.609321361058599
0.270916824196599
-0.22036483931947
-0.0429035916824188
-0.0954801512287323
1.01636862003781
0.354
0.574822306238186
-0.728362948960305
-1.01125897920605
0.182
-0.938718336483934
-0.832444234404539
-0.0817183364839328
-0.533718336483934
0.619637051039695
0.66
-0.847
0.864
0.15
-0.121
0.482
0.144
0.96
-0.643
0.472
-0.275
0.136
-0.334
-0.152
0.604
0.898
0.03
-0.363
-0.406
0.853
-0.284
-0.584
-0.499
0.797
0.729
0.489
0.13
-0.4
0.978
0.503
-0.16
-0.332
0.41
0.428
-0.538
0.998
0.666
0.411
-0.12
-0.072
-0.909
-0.247
-0.631
0.406
0.246
-0.783
-0.078
0.425
-0.568
0.283
0.062
0.565
-0.645
-0.356
-0.094
0.243
0.652
-0.933
0.42
0.389
-0.649
-0.456
0.981
-0.147
-0.368
-0.943
0.725
0.238
-0.614
0.605
-0.768
0.618
0.757
0.666
0.762
0.962
-0.953
0.094
-0.449
0.512
-0.433
0.705
-0.832
-0.306
-0.559
0.274
-0.687
-0.234
-0.479
0.218
-0.654
0.599
0.991
0.49
-0.424
0.547
-0.229
0.515
-0.226
0.189
-0.508
0.683
0.039
-0.174
0.051
0.443
0.807
-0.312
-0.118
-0.057
0.196
-0.443
0.515
0.908
-0.179
-0.354
-0.625
0.286
