-1.84334404536848
-1.52988657845001
0.203364839319473
-0.904478260869546
-0.464941398865782
-0.22770510396974
0.471262759924404
-0.469185255198489
-0.202361058601119
-0.701266540642714
-0.861009451795832
-0.952081285444222
-0.879506616257081
-0.327285444234401
-0.528905482041584
0.195281663516071
-0.153544423440451
-0.247423440453683
-0.136001890359168
-0.601319470699429
-0.45002835538752
-0.655727788279774
-1.35167674858222
-0.183211720226843
-0.823457466918704
-1.70398298676742
-0.61144801512287
-0.00338374291115035
-0.57629867674857
-1.17135160680532
-0.637253308128538
-0.804846880907368
0.341886578449914
-0.226516068052926
-0.0936049149338365
0.135703213610589
-1.26750661625704
-0.104593572778827
0.0871323251417824
-1.24010018903593
-1.36836672967861
-1.03717202268431
-1.67024952741017
0.0606389413988698
-0.482449905482039
-0.910629489603021
-0.632495274102077
-1.23050283553875
-0.317637051039698
-0.42815879017013
-0.622829867674854
-0.285240075614366
-1.06092816635159
-0.0225841209829857
-0.665328922495272
-1.13279584120981
-1.1947504725898
-0.0326654064272197
-0.580130434782609
-0.887667296786386
-0.408317580340264
-1.14119281663515
0.534334593572781
-0.0608374291115306
0.535703213610587
0.484480151228735
-0.118637051039697
0.283682419659735
0.309325141776938
0.215298676748582
-0.0939773156899811
-0.626510396975424
-0.914950850661624
0.584249527410209
-0.794916824196597
-0.240415879017012
-0.225136105860113
-0.00116257088846881
-0.558512287334593
-0.95352551984877
0.0234480151228734
-0.65882797731569
-0.516141776937619
-0.547060491493382
0.869665406427221
-0.627587901701323
-0.328512287334594
-0.481992438563327
-0.40292438563327
0.707378071833649
0.594631379962193
0.0439867674858223
-0.196013232514177
0.135480151228734
0.319863894139886
-0.593485822306238
-0.347971644612476
0.0606654064272212
0.406315689981097
0.324657844990548
-0.0575879017013231
0.572480151228733
0.216733459357279
0.530863894139886
-0.96745179584121
-0.674485822306237
-0.195958412098299
-0.648540642722117
0.14615122873346
0.971062381852552
0.242623818525521
0.0677542533081286
0.164788279773158
-0.458835538752363
0.336521739130435
-0.63984877126654
0.489315689981096
0.493911153119093
0.1777202268431
0.535637051039698
0.0204045368620038
-0.168835538752363
-0.166945179584121
0.657712665406427
0.721274102079396
0.914020793950851
0.650788279773157
-0.0357807183364839
-0.664253308128544
0.799459357277883
-0.877793950850662
0.69760302457467
0.632637051039698
0.142822306238186
0.12952741020794
0.521328922495274
0.125328922495274
-0.00736294896030246
-0.549890359168242
0.564
0.571206049149338
-0.663013232514178
0.360041587901701
-0.403759924385633
-0.522485822306238
-0.475485822306238
0.874
-0.724890359168242
0.771493383742911
-0.0284725897920605
-0.0908355387523629
0.17554820415879
0.882
0.888164461247637
-0.70147258979206
-0.85945179584121
-0.236
0.561856332703214
0.828911153119093
-0.887143667296786
-0.336143667296786
0.85252741020794
-0.972
0.349
0.854
0.553
0.462
-0.971
0.413
0.852
0.248
-0.484
0.049
0.652
0.945
-0.318
0.455
-0.776
0.174
0.184
-0.952
0.396
0.187
0.367
-0.096
-0.042
0.825
0.744
-0.142
-0.02
-0.237
0.562
0.158
-0.667
-0.107
0.738
-0.675
-0.972
-0.246
-0.059
0.079
0.844
-0.136
0.928
0.723
-0.605
-0.864
-0.77
0.945
0.617
-0.306
-0.461
-0.607
-0.348
-0.93
0.273
-0.335
-0.34
-0.555
-0.104
0.727
0.718
0.171
-0.568
0.089
0.685
0.357
-0.284
-0.242
-0.794
-0.644
0.426
0.47
-0.767
-0.896
-0.796
-0.468
0.259
0.644
-0.492
-0.178
0.595
0.799
0.241
-0.714
-0.777
0.169
-0.494
-0.738
0.619
0.073
0.665
0.583
0.857
0.213
0.361
-0.327
-0.569
-0.161
-0.963
0.037
0.419
0.471
0.738
0.26
0.267
0.069
-0.84
-0.452
0.866
-0.259
0.406
0.016
0.936
-0.926
-0.868
0.918
0.929
-0.855
-0.135
