-2.9493251482894
-0.597943289634866
0.165608693917759
-1.28900000057404
-1.7127750560457
-2.26902646946291
-0.973746694551883
-0.796510398753098
-0.829901699700161
-1.50131947150709
-0.156875233767849
-0.259705100240329
-0.786081289590276
-0.292663514155352
-0.0157807152287516
0.0409432958182988
-0.134217387940061
0.12753496651786
0.119943288112714
0.233285447488347
0.0342986808643977
-0.0696956519082101
-0.487117202323346
-0.205474476755933
0.0250586034513309
-0.0504839307648749
-0.0351134167669055
-0.0581852507794269
0.112884686004681
-0.148364835281093
0.108752364531283
-0.109582229513732
-0.208701320753078
-0.0845009468495156
0.134052929781892
-0.0447996219548226
-0.0348752360455263
-0.0565652202982322
-0.0735822289057206
0.0979962175691786
0.0893553916688173
0.188230620996832
0.0386994318616559
0.0712060461058807
-0.0849792023023751
-0.206525518897304
-0.0769829822975435
0.0137655968061493
0.210531193949373
0.198725894653172
0.0277939479818872
0.0307599240117453
0.319251415323858
0.372731570506249
-0.12328166038678
0.100419658844008
7.53288846514635
0.554258977955148
0.57114178235078
0.437567104262785
0.247553875118322
0.431461247239685
0.228688094133419
0.231073722633245
0.0136994324443643
0.128604917557107
-0.0615973571696513
0.309706990205372
0.00877504356475028
0.174474480312978
0.0196748589836823
0.132926271592048
0.0974234457057441
-0.237741018331423
-0.00488846903091472
-0.287485820500115
0.152230619218128
-0.0786994345245968
0.317257087286338
-0.0862797753801207
0.0713875272927287
0.0336351609629537
0.042192816151374
0.0959168229945069
-0.0620756057323576
-0.374512290347287
0.333170135707051
0.031799622437517
-0.154319473925394
-0.0703913036899468
-0.0793421520808121
0.0628506566940515
0.0467258942144618
-0.0758941413154222
-0.0522041621161944
0.237289224960608
-0.359179587080164
0.23781663178215
0.0718260867220306
-0.30999243243307
-0.298669190663659
-0.107349720843947
0.317183362472505
-0.286580343162603
-0.0775652215531914
-0.27077505065332
0.344198490991625
0.837805298535142
0.0343232496938507
-0.1336294915558
-0.144304348283108
0.100049147298284
0.481701327271171
0.402357273937198
-0.133536855361738
-0.55096786998218
0.0377485818256923
0.123122876744461
-0.0981077542133672
0.159470701357455
-0.321956521577849
0.0168034050513753
0.934017011225466
-0.498905482204993
-0.937676751118202
0.128185258176613
0.32031379702974
0.157580343795594
0.0443232495903421
-0.428378075189968
0.572820415232568
-0.401701321233076
-0.163994329380334
0.269255193639184
-0.287279774237097
-0.462432889798139
-0.660115311905674
0.101693761422537
0.793236293964327
-0.719947071765709
0.478170129847715
-0.721183367213231
-0.829090736703472
0.0227334595840324
0.744982988875896
-0.648396973395086
0.717011341890929
0.802253307679285
-0.582818524493109
-0.194431005141001
0.807047258565136
-1.07999432989715
0.926
-0.814771266549094
-0.157128544424846
0.497429111503022
-0.302
0.478328922476967
-0.302928166372731
0.571328922476967
0.334328922476967
-0.460128544424851
0.562
0.761
-0.004
0.622
0.676
0.32
-0.033
-0.692
0.49
-0.764
-0.335
0.157
0.177
-0.572
-0.694
0.71
-0.074
-0.352
-0.142
0.9
0.949
0.544
0.539
0.791
-0.777
-0.691
0.108
0.24
0.313
-0.328
-0.821
-0.834
-0.179
0.439
0.499
-0.353
-0.652
-0.648
-0.239
-0.564
-0.119
-0.818
-0.817
0.595
0.362
-0.232
0.057
-0.578
0.353
-0.012
-0.343
-0.829
-0.182
0.54
-0.401
-0.983
-0.778
0.205
0.398
0.367
-0.789
0.726
-0.005
-0.183
-0.943
-0.502
-0.665
0.737
-0.072
0.658
0.362
-0.427
0.886
-0.578
0.019
0.766
0.36
0.943
-0.572
0.455
0.252
-0.315
0.886
-0.675
-0.986
-0.992
0.347
0.281
-0.16
0.481
-0.575
0.142
-0.047
0.394
-0.776
0.154
0.187
0.366
0.538
-0.137
-0.567
0.32
0.493
0.694
0.625
-0.916
-0.716
-0.604
-0.479
-0.168
-0.343
-0.722
-0.223
0.943
-0.885
0.526
0.839
-0.331
