-0.670606805292993
-1.63629300567119
-0.875088846880906
-0.841090737240057
-0.00597731568998137
-1.3408846880909
-0.984107750472564
-1.09458979206047
-0.598652173913024
-1.56631758034028
-0.188037807183362
-0.977725897920595
-0.435327032136095
-1.24344234404534
0.0538015122873398
0.00845746691871894
-0.861943289224948
-0.817765595463135
-0.685366729678636
-0.658071833648386
0.26587145557656
-0.329026465028351
-1.26037807183359
-0.0607429111531184
-0.691603024574667
-0.0345519848771202
0.069155009451803
0.0758506616257131
-0.615327032136097
-0.04010586011342
0.162788279773161
-1.01327410207937
-0.134714555765594
-0.240296786389414
0.480086956521745
-1.14658601134214
-0.532228733459354
-0.233194706994326
-0.149111531190924
-0.257480151228731
-1.16175236294892
-0.681075614366727
0.136251417769379
-1.50195085066159
0.036124763705109
0.16671833648394
-0.448739130434779
-0.30713610586011
-0.398939508506611
0.616041587901708
0.0562816635160704
-0.25662948960302
0.289669187145562
-0.1681247637051
-0.694234404536856
-0.810916824196593
0.696391304347827
-0.854043478260865
-1.04510018903589
0.253527410207942
-0.301871455576559
-0.807650283553871
0.045784499054821
0.403119092627601
-0.99942722117202
-0.606710775047255
0.0132665406427218
0.845612476370511
-0.883737240075611
0.167306238185258
-0.664472589792058
0.060232514177695
0.250005671077505
0.500224952741023
-0.562954631379963
-0.504431001890356
0.460052930056711
-1.07742533081284
-1.01043856332703
-0.442442344045368
-0.551841209829867
-0.782499054820415
-0.198705103969753
0.000618147448015114
-1.00139697542533
-0.367026465028355
-0.287402646502834
-0.514321361058599
-0.117478260869565
0.395391304347828
-0.810423440453687
-0.48914933837429
0.308069943289225
0.771274102079396
-0.699047258979206
0.660493383742913
0.855843100189036
0.748727788279775
0.880691871455577
-0.133156899810964
-0.369287334593573
0.105877126654065
0.00376748582230623
0.412905482041589
0.243597353497166
-0.967143667296786
0.777809073724008
-1.02530056710776
-0.59624574669187
0.726020793950852
-0.204334593572779
0.831
-0.954718336483932
0.118986767485822
-0.00706805293005672
-0.365362948960302
0.631075614366731
-0.91424574669187
0.698884688090738
0.480493383742911
0.918877126654066
-0.264472589792061
-0.00482797731568998
-0.239903591682418
0.102911153119094
-0.977308128544423
0.906644612476372
0.651699432892249
0.384
-0.113807183364839
-0.130122873345936
0.795863894139888
-0.771026465028356
0.312699432892251
-0.737671077504726
0.367746691871456
0.19530245746692
0.315555765595464
0.718741020793952
0.922268431001891
-0.194512287334593
-0.239
-0.929
0.191
-0.406
-0.597
-0.517
-0.776
-0.234
0.688
-0.973
0.763
-0.928
-0.606
-0.044
0.906
-0.903
-0.762
-0.647
0.271
-0.897
-0.872
-0.381
0.51
-0.15
0.004
0.568
-0.266
-0.132
0.636
0.402
-0.71
-0.65
0.77
-0.368
0.172
-0.335
0.832
-0.816
-0.293
0.543
0.711
-0.085
0.695
-0.104
0.122
0.756
0.868
-0.614
-0.638
0.275
-0.003
-0.002
-0.506
0.866
-0.271
-0.859
-0.439
-0.659
0.59
-0.165
0.748
0.356
0.129
-0.714
0.737
0.412
-0.698
0.762
0.783
0.24
-0.736
-0.947
0.646
0.728
-0.608
0.212
-0.076
-0.387
0.727
0.248
0.699
-0.652
-0.495
-0.639
-0.595
0.291
0.855
0.903
0.902
0.031
-0.896
0.491
-0.406
0.871
0.794
-0.646
0.785
0.409
0.159
0.709
0.454
-0.895
-0.398
0.121
0.011
-0.057
0.352
-0.234
0.474
0.517
0.217
0.947
-0.387
-0.659
0.135
0.399
-0.149
-0.232
0.88
-0.554
0.556
-0.602
0.86
-0.248
0.136
-0.227
0.459
0.774
0.933
-0.963
0.427
0.514
0.454
-0.982
0.793
0.593
0.746
0.383
0.35
