-2.92769376181204
-0.666909262759619
-0.366155009451792
-1.856327032139
-0.339812854442019
-1.78095085066454
-0.048187145557267
-0.0169546313799795
-0.594746691871063
-0.446413988657607
0.492992438563324
-0.521387523629304
0.252975425330939
-0.354262759924343
0.868540642722167
7.28690359168334
-0.254448015122858
0.298969754253332
0.416175803402641
0.607805293005763
-0.258820415879061
-0.6715387523631
-0.180156899810971
-0.00290926275991265
-0.0437769376181052
0.213370510397057
-0.42532703213609
-0.120107750472521
-0.0479187145556383
0.144487712665484
-0.00336483931939714
-0.172776937618127
-0.366094517958364
-0.157741020793884
-0.205979206049133
-0.140066162570835
-0.0246275992437856
0.0916767485822734
-0.199240075614354
-0.0815538752362372
-0.153107750472553
-0.123627599243843
0.0817599243856569
0.0139111531191528
-0.00474480151226715
0.0600151228733956
0.16108884688093
-0.0924102079394888
0.0949621928166604
-0.0351568998109206
0.0956162570888877
0.138366729678677
0.189986767485871
-0.0402551984876847
-0.0654404536861683
-0.0926389413987987
0.000960302457498151
0.0889678638941816
-0.0946862003780603
-0.107531190926229
0.103260869565246
0.0137372400756465
0.00260869565223009
-0.0124461247636691
0.158085066162607
0.0919905482041966
-0.0527410207939156
-0.0330453686199982
-0.0495671077504573
-0.0547750472589474
0.185349716446139
0.00406427221173313
0.13526086956525
0.0680907372400982
0.148436672967874
-0.00901134215498681
-0.461765595463101
0.0988827977315781
0.0802854442344214
-0.0310132325141606
-0.0507429111531283
0.197328922495272
0.204589792060507
0.0760302457467156
0.00628355387524492
0.0226748582230802
0.00491115311910219
-0.246971644612487
0.0451682419659405
0.00953308128543046
0.108973534971643
0.214327032136121
0.116837429111534
-0.0435047258979474
-0.114398865784492
-0.197618147448019
0.01973913043479
0.089897920604907
0.0500604914933779
-0.100098298676762
-0.02434971644612
0.143039697542527
-0.0410075614366709
0.14731947069943
0.0355822306238216
-0.0133629489603163
-0.11267863894139
-0.142336483931933
-0.296914933837431
-0.0838941398865722
0.272663516068065
0.0145538752362908
-0.0352684310018854
0.20144990548205
-0.0955954631380036
-0.231173913043479
-0.39506616257089
-0.230848771266544
-0.0229829867674873
-0.0238525519848791
-0.703563327032134
0.067994328922488
-0.0877202268430967
0.576060491493381
0.227555765595468
0.310814744801517
0.394733459357285
0.0752684310018952
-0.100119092627597
-0.0878374291115294
0.357355387523626
0.721965973534976
-0.441780718336486
-0.0181039697542524
-0.844147448015126
-0.20234404536862
0.219432892249526
-0.582616257088846
0.00211342155009566
-0.475209829867676
0.331005671077506
0.753998109640824
-0.542684310018906
-0.622827977315689
-0.754678638941407
0.235251417769375
1.10162003780718
-0.607769376181472
0.165457466918714
-0.598308128544425
-0.753875236294898
0.556771266540642
-0.734
0.124480151228732
0.571746691871454
-0.985066162570891
0.217
0.842706994328922
-1.01979962192817
0.182706994328922
-0.482293005671078
-0.761253308128546
0.273
0.462
0.951
-0.489
-0.832
-0.27
0.599
-0.821
0.651
-0.234
0.897
-0.768
0.569
0.299
-0.369
-0.532
-0.442
0.601
0.815
0.355
-0.49
-0.353
-0.205
0.87
0.463
0.412
0.61
-0.827
0.773
0.121
-0.871
0.154
0.542
0.044
-0.338
0.017
-0.546
0.714
0.243
0.252
-0.29
-0.317
-0.247
0.534
0.811
-0.967
0.58
-0.724
0.469
-0.252
0.34
-0.557
0.422
0.218
0.733
-0.375
-0.334
-0.919
0.047
-0.244
0.12
0.426
-0.594
-0.47
-0.364
-0.258
-0.311
-0.475
-0.363
0.613
-0.986
-0.156
-0.643
-0.437
-0.355
0.826
0.894
0.261
-0.942
0.429
0.831
0.333
-0.297
0.024
0.78
0.686
0.732
-0.676
0.311
-0.964
-0.649
-0.627
-0.334
-0.513
-0.868
0.284
-0.724
-0.778
-0.102
0.069
0.344
0.055
0.638
0.856
-0.266
-0.505
-0.915
-0.141
-0.427
0.906
-0.27
0.404
-0.978
0.617
-0.076
0.786
-0.278
0.382
