-1.39248960302437
-1.94454253308156
-0.379574669187146
-0.867758034026406
0.247327032136128
-0.286243856332671
-0.985262759924294
-0.736287334593594
-0.29342344045365
-1.73521361058612
-0.252132325141761
-1.11500000000001
0.051996219281697
0.988039697542539
-0.362192816635151
-0.351754253308123
-0.154786389413982
-0.982676748582241
-0.569408317580328
0.00538563327032396
-0.850489603024576
-1.07575425330806
-1.16586578449901
-1.25574669187138
0.527533081285471
-1.4066710775046
-0.692226843100159
-1.02517958412097
-0.0491701323251129
-0.456678638941388
-0.259192816635145
-0.722741020793929
-0.489886578449892
-1.11954253308126
-0.245406427221146
-0.651011342155002
-0.289701323251398
-1.23340453686198
-0.729013232514158
0.2707561436673
-0.860865784499036
-0.495264650283554
-0.163722117202264
-1.57466918714555
0.585088846880917
0.361803402646521
-0.240311909262748
-1.12024763705101
-0.109396975425324
-0.483599243856327
-0.0604347826086888
-0.930954631379934
-0.484504725897907
0.896319470699441
-0.876258979206027
0.0150226843100297
-0.238979206049154
-1.15879962192809
-0.0394858223062364
-0.1087618147448
-1.03263516068052
-1.06972400756134
-0.14511153119091
-0.471905482041575
0.765890359168252
-0.587047258979202
0.368742911153113
0.0367958412098411
0.0704026465028386
0.66778071833646
-0.570086956521735
-0.593404536861992
0.957529300567123
-0.306610586011336
-0.21556143667296
0.530826086956537
-0.394128544423433
-0.209344045368605
0.736141776937633
-1.05213421550096
-0.410270321361043
-0.184928166351599
0.47499432892251
0.560137996219289
-0.179852551984876
-0.435098298676744
0.0414820415879169
0.640204158790175
0.932047258979204
0.120005671077513
-0.866663516068041
-0.254720226843096
-0.0243137996219245
0.569257088846927
0.481030245746697
-0.41165217391304
-0.268867674858215
0.076614366729682
0.510519848771273
-0.61
0.783703213610597
0.532856332703218
0.0395009451795895
0.217151228733466
0.164410207939509
0.493272211720235
-0.498597353497154
-0.513432892249518
1.06551228733461
0.338661625708893
0.299455576559555
-0.2224517958412
0.0350604914933831
0.277298676748582
-0.551570888468801
0.117739130434786
-0.0712381852551987
0.488039697542552
0.805773156899846
-0.0802570888468757
0.654551984877134
0.237935727788285
1.2441625708885
1.75563516068058
1.08028544423444
0.211043478260868
-1.06583742911151
1.39625141776939
0.200962192816637
1.29817013232517
1.285516068053
0.559502835538757
1.85049716446134
0.365990548204163
-0.175684310018904
1.58092060491491
0.340315689981097
0.372682419659736
1.50058790170136
2.35286767485827
-0.00266351606805319
0.534538752362951
0.869060491493379
-0.264892249527407
0.307735349716447
-0.595534971644611
-0.700461247637049
-0.37964461247637
0.742228733459358
0.437905482041589
-0.378275992438564
-0.477661625708884
0.725
-0.0746843100189035
0.084219281663516
-0.267614366729679
-0.139
-0.91514933837429
0.431289224952742
0.53985066162571
0.26085066162571
-0.379780718336482
-0.635
0.756
0.115
0.014
-0.961
-0.779
-0.918
-0.322
0.733
0.954
-0.273
-0.747
0.507
-0.398
0.064
0.009
-0.459
0.37
-0.417
0.775
-0.519
0.832
-0.041
0.498
0.688
0.049
0.683
0.788
0.072
-0.772
0.043
0.369
0.962
0.904
-0.666
-0.929
0.553
-0.867
-0.912
0.992
-0.74
-0.337
0.005
-0.406
0.646
0.472
0.441
-0.515
0.744
0.851
0.593
-0.883
0.006
0.534
-0.857
-0.468
-0.203
0.617
0.326
-0.01
-0.462
-0.707
0.605
0.504
-0.09
0.358
-0.71
0.602
-0.733
-0.007
0.456
-0.593
0.281
-0.41
0.515
0.817
-0.173
-0.635
0.852
-0.784
0.607
0.197
-0.956
0.22
-0.365
-0.074
-0.637
-0.573
0.761
0.802
0.273
0.935
-0.193
0.098
0.454
0.967
0.058
0.5
0.683
-0.712
0.181
0.839
-0.783
-0.25
-0.606
0.185
-0.165
-0.585
-0.981
-0.675
0.704
-0.569
0.765
0.109
0.382
0.34
-0.752
-0.615
