-2.79530812854111
-0.744083175803007
-1.15710964083173
-1.65144801512681
-0.491744801512437
-0.906945179583616
-0.0651436672965749
-0.540973534971587
-1.5780170132288
-1.61881096408291
-0.380733459357236
-0.277338374290818
-0.582007561436373
-0.352534971644526
-0.362327032135825
-0.104372400756001
-0.155979206049191
-0.309631379962162
-0.0180907372400093
-0.226536862003718
-0.333748582230647
-0.14299243856339
-0.200820415879015
-0.284476370510336
-0.819147448015029
-0.0381417769375319
0.00376937618159799
-0.547362948960154
-0.146746691871254
0.0598166351608484
-0.0577032136105123
-0.432315689981014
0.191567107750573
-0.415062381852397
-0.140739130434677
-0.0725085066162141
-0.0471134215500124
-0.223567107750368
0.0708865784499696
0.133158790170251
-0.522054820415766
-0.0535860113420832
-0.219035916824099
0.0683100189036818
-0.298094517958342
-0.183952741020689
0.12127977315698
-0.362480151228632
0.0176294896030989
0.0824669187146244
-0.0579111531189828
-0.517969754253197
-0.321930056710661
0.0116975425331401
-0.0224763705103026
0.415209829867791
0.19208695652181
0.427933837429205
-0.567705103969667
-0.06329867674852
0.204069943289367
0.179706994328978
-0.104529300567061
0.039332703213724
0.376510396975496
0.0916975425331407
-0.24962381852546
0.189805293005743
-0.225500945179497
-0.219457466918644
0.180453686200474
0.0935803402647652
0.0310529300567736
0.272190926276039
0.596085066162582
8.34643667296811
1.15543856332703
0.994047258979265
0.612334593572798
0.482952741020742
0.495060491493427
0.586476370510478
0.709527410207996
0.132262759924403
-0.0363364839319511
0.245655954631414
0.392449905482066
-0.575328922495261
0.109304347826088
-0.149576559546298
0.146557655954659
-0.169809073723993
0.10117202268431
0.108610586011385
0.77118903591683
-0.923933837429087
-0.180153119092618
-0.405871455576538
-0.0847202268430807
-0.23956332703214
0.941379962192835
-0.310073724007561
0.433381852552004
-0.568206049149334
-0.167930056710756
0.0347088846880993
0.657916824196622
-0.108353497164451
0.614517958412103
-0.747039697542503
0.593419659735373
-0.247667296786392
-0.575759924385636
-0.285534971644603
-0.559776937618137
0.505117202268449
-0.335113421550098
-0.303482041587902
0.297313799621935
-0.158425330812843
0.499342155009451
-0.243293005671072
-0.0357561436673088
0.341372400756162
-0.0862419659735358
0.832249527410213
0.326001890359175
-0.432945179584114
-0.424801512287331
-0.273986767485817
0.182962192816636
0.857096408317609
-0.386315689981088
0.222408317580339
0.315674858223067
-0.0252608695652198
0.478181474480156
0.126504725897923
-0.455950850661626
0.375497164461253
0.565527410207942
-0.247306238185252
0.0945973534971652
-0.55202835538752
-0.947209829867684
-0.925245746691873
-0.883274102079397
0.154665406427222
-0.119001890359168
0.108699432892251
-0.0179867674858223
0.639342155009452
-0.715
0.530644612476372
0.456274102079396
-0.0975179584120974
0.384
0.375563327032136
-0.241888468809075
-0.617436672967864
-0.0484366729678635
0.0492741020793952
0.919
0.06
0.501
-0.966
-0.196
-0.939
0.239
0.379
0.93
-0.524
0.014
0.728
0.501
-0.337
0.664
0.451
-0.461
-0.773
0.828
0.953
0.505
-0.068
0.244
-0.075
0.591
-0.469
0.414
-0.3
-0.931
-0.585
-0.03
-0.356
-0.241
-0.488
-0.095
-0.663
0.162
-0.391
0.55
-0.95
0.952
0.933
0.457
-0.511
-0.387
-0.444
-0.942
-0.202
0.333
0.932
-0.102
-0.398
-0.385
0.06
0.548
-0.014
0.816
-0.424
-0.558
-0.728
-0.353
-0.461
0.309
0.515
0.505
-0.63
-0.031
-0.011
0.757
0.326
-0.711
0.929
-0.324
0.777
-1
0.571
0.474
-0.246
-0.689
0.035
-0.527
-0.385
0.366
-0.864
0.516
-0.632
-0.972
0.699
-0.037
0.919
-0.48
-0.414
-0.834
0.277
0.403
0.413
-0.377
0.942
-0.017
-0.757
0.587
0.068
0.041
-0.994
0.643
-0.032
0.925
-0.163
0.059
0.976
0.512
0.062
-0.736
0.407
0.799
-0.969
0.172
0.173
