-1.83377126654052
-1.61026275992451
-0.016
-0.34836105860112
-0.996950850661598
-1.04136105860114
-0.328950850661623
0.38094139886578
-1.19197542533077
-0.542875236294886
-0.0427731568998094
-0.187712665406419
-0.798153119092617
0.0405425330812873
-1.12060680529297
-0.527332703213612
-0.723629489603024
-0.147525519848768
0.406294896030244
-0.774888468809064
-1.26731568998107
-1.10172778827975
-0.749684310018898
-0.950026465028355
-1.15698676748574
0.0909792060491542
-1.0295406427221
0.0383459357277924
-0.194718336483928
0.112359168241971
-1.17239319470694
-1.36259924385632
-1.14951417769375
-0.248948960302454
-0.123905482041586
-0.712784499054816
-0.928877126654056
-0.107538752362948
-0.696977315689975
-1.07181663516067
-0.909400756143664
-0.356204158790169
0.0316805293005712
-0.33502835538752
-0.667349716446116
0.180330812854449
0.26628166351607
-0.978871455576556
-0.520162570888464
-0.00594517958412002
-0.232682419659732
0.639069943289229
0.171172022684312
0.0614177693761826
0.14168241965974
0.585482041587907
0.0316710775047282
-0.791926275992435
-0.222620037807181
-0.759534971644608
-0.803463137996215
0.0717391304347846
-0.591164461247635
-0.502404536862003
-0.401672967863893
0.0584291115311956
0.30395652173913
0.387886578449908
-1.16641965973534
0.414011342155012
-0.810230623818523
0.333287334593574
-0.413741020793948
0.631175803402649
-0.969039697542532
-0.149824196597351
-0.406092627599243
0.666574669187148
0.688495274102082
-0.522572778827977
0.64936672967864
0.714453686200379
-0.426368620037805
-0.954896030245745
-0.454107750472588
-0.755224952741019
-0.472807183364838
-0.27662192816635
0.534699432892252
0.349158790170134
0.348117202268432
0.865884688090739
-0.939266540642722
-0.873170132325141
0.816712665406428
0.132281663516069
-0.499444234404536
-0.131376181474479
-0.917759924385633
0.316281663516068
-0.972451795841209
-0.708143667296786
-0.557780718336483
0.201931947069944
-0.0379243856332703
0.530383742911153
0.149637051039698
0.649582230623819
0.218965973534972
-0.472253308128544
0.204712665406427
0.36315122873346
-0.126506616257089
-0.425
-0.327143667296786
-0.489088846880907
-0.327506616257089
-0.437362948960302
-0.893759924385633
-0.5
-0.344
-0.306
0.933
-0.379
-0.799
-0.636
0.489
-0.378
0.969
-0.081
-0.519
0.824
0.797
-0.581
-0.467
0.486
0.327
0.4
0.118
0.075
0.131
-0.087
0.545
0.032
-0.822
0.993
0.024
0.506
0.487
0.31
-0.518
0.97
-0.232
0.594
-0.309
0.343
-0.636
0.825
0.016
-0.393
-0.953
-0.47
0.682
-0.693
-0.95
0.392
0.586
-0.537
-0.959
0.192
0.19
0.28
0.447
0.043
0.369
0.742
0.148
-0.099
-0.558
-0.793
0.34
0.983
0.134
-0.342
-0.563
-0.489
0.055
-0.798
0.728
0.19
0.122
0.502
-0.616
-0.49
0.028
-0.4
0.231
0.238
-0.019
-0.214
-0.593
-0.439
0.464
-0.705
-0.88
0.201
-0.477
0.725
-0.776
-0.052
-0.806
0.462
0.382
-0.192
0.267
-0.936
0.395
0.023
0.87
0.539
-0.664
0.383
-0.265
-0.149
-0.931
0.688
-0.105
-0.064
-0.985
-0.232
-0.489
0.91
0.92
0.656
0.8
-0.222
-0.482
-0.161
-0.462
0.235
0.987
0.33
0.977
-0.221
-0.005
0.659
-0.881
0.575
0.243
-0.037
0.205
-0.793
0.368
0.441
-0.551
0.023
0.825
-0.388
-0.775
-0.569
-0.694
0.587
0.709
0.455
-0.564
-0.716
0.542
0.725
0.008
-0.512
0.546
-0.444
-0.516
-0.366
0.551
0.005
0.405
0.955
0.856
-0.59
