-1.43970699511785
-0.353896030561221
0.400589791863331
-1.15423440453694
-0.0660775051991311
-1.37844990583693
0.639988657332365
-0.894638941753773
-1.14259546392698
-1.27696030245749
0.0769962186901312
-1.13144045392275
-1.02406805293005
0.462281662530156
0.408693761223209
0.0156672967863916
-1.00258034077728
-1.4615425331207
-0.0213648398321352
-0.0729527410602335
-0.0463629501433788
-0.355310019652876
-1.60565406427219
0.127037807143942
0.355616256339568
-0.451410208688787
-0.808897920604914
-0.177767486098364
-0.429500945771123
-0.74299621947882
-1.77873535046593
-1.09672211720224
0.42413610507141
0.0980302451551533
0.240820415879018
-1.44325141812413
-0.575120983538886
-1.00842344069026
-0.813043478615768
-0.938088847433026
-0.305620038162084
0.2064045360733
-0.720234405522768
-0.679858224127143
-1.31414177693762
-0.806291115311905
-0.283149338374291
-0.984209829867671
-0.453633270321363
0.412682419659736
-1.08113799621927
-0.82281474480151
0.0937599243856326
-1.02542911153119
-0.416964083175803
0.37429867674858
0.0768052930056743
0.0780888468809096
-0.484047258979208
0.375313799621931
0.481149338374292
-0.767081285444234
-0.181395085066163
0.150967863894138
-0.931833648393193
-0.0866786389413988
-0.568052930056711
-0.318277882797733
-1.14574102079395
0.682514177693762
0.718143667296786
-0.742226843100189
0.105376181474479
0.00528733459357207
0.591402646502837
0.515190926275993
-1.11692816635159
0.0906502835538752
0.428175803402647
0.00419659735349723
0.731211720226843
0.667750472589792
-0.829009451795842
0.518820415879018
-0.361291115311911
0.497482041587901
-0.159818525519849
0.454291115311909
-0.491621928166352
-0.953421550094518
-0.517032136105861
0.440079395085065
0.486304347826087
-0.144744801512287
-0.372790170132326
-0.198139886578451
-0.262538752362949
0.563998109640832
-0.787682419659736
-0.2468393194707
0.67386011342155
-0.664776937618147
-0.259073724007561
-0.0964499054820416
0.79189224952741
0.810372400756144
0.0661379962192816
-0.934739130434782
-0.539381852551985
0.376863894139886
0.696330812854443
-0.915601134215501
-0.845361058601134
0.586370510396976
0.775899810964083
0.799693761814745
-0.877162570888469
0.387631379962193
-0.365340264650284
-0.223266540642722
-0.838068052930057
0.165274102079395
-0.770945179584121
0.864863894139886
0.382911153119093
-0.637814744801512
-0.137793950850662
-0.602958412098299
-0.564739130434783
-0.165088846880907
-0.100396975425331
-0.762266540642722
0.00634971644612476
-0.300882797731569
0.344041587901701
0.46309640831758
0.00527410207939509
0.326986767485822
0.829480151228733
-0.141
-0.512
-0.124
0.056
0.148
-0.612
-0.584
0.361
0.984
0.05
-0.087
-0.244
0.39
0.03
0.506
-0.311
-0.353
-0.754
-0.097
0.592
0.484
0.019
-0.313
0.63
0.681
-0.501
0.512
0.122
0.498
-0.752
-0.613
-0.138
-0.155
0.578
0.855
-0.691
0.301
-0.887
0.081
0.508
-0.027
0.012
-0.101
0.365
0.543
-0.915
0.52
0.228
0.515
-0.962
-0.286
0.235
-0.894
0.752
-0.63
0.84
0.801
0.246
0.374
-0.351
-0.124
0.294
0.863
0.735
-0.337
-0.949
0.911
0.811
0.175
0.196
0.387
-0.466
0.165
0.394
-0.382
-0.528
-0.88
0.322
-0.913
0.595
-0.021
-0.717
0.606
0.46
0.534
0.151
-0.245
0.093
0.208
-0.985
-0.492
-0.945
-0.261
-0.568
-0.368
0.679
0.149
0.163
-0.299
0.492
-0.826
0.708
-0.948
-0.681
-0.35
-0.82
-0.93
-0.288
0.134
0.897
0.719
-0.521
0.158
0.779
0.669
-0.408
0.687
-0.598
-0.799
0.512
0.295
-0.183
-0.398
0.16
-0.312
0.331
0.795
-0.268
-0.238
-0.062
0.322
-0.043
-0.38
-0.405
0.421
0.27
-0.769
0.286
-0.191
0.354
0.081
