-2.46467863894076
-0.641347826086847
0.343960302457476
-1.6688638941409
0.410567107750611
-0.736425330812734
0.31217202268445
-0.865669187145583
-1.61048582230561
-1.6954574669188
-0.160030245746662
-0.818463137996126
-1.16539697542527
0.178829867674892
-0.976589792060281
0.247612476370549
0.473778827977347
-0.530421550094493
-1.21690926276003
0.206130434782595
-0.597018903591671
-0.797818525519814
-1.02189981096402
-0.325975425330784
-0.831831758033988
-1.49035727788281
-1.71261436672967
-1.24432325141791
-0.226519848771256
0.675196597353549
-0.561655954631368
-0.547461247637011
0.48145746691875
0.00861436672977765
0.263332703213657
0.0416275992438748
-0.260869565217356
-0.146232514177673
-0.262060491493348
-0.349379962192719
0.790724007561434
0.7938204158791
0.624574669187166
-0.416478260869528
-1.45839508506617
-0.0463894139886146
-0.601448015122825
-1.21209451795826
0.570120982986809
-0.792565217391271
0.704589792060555
-0.00414366729676544
-0.687453686200331
-0.172982986767466
-1.32631001890358
0.761251417769435
0.283198487712706
0.200599243856335
-0.456124763705086
-0.405368620037782
0.962483931947098
0.19590926275996
0.420342155009475
-0.283319470699387
-1.38569187145557
0.563234404536904
-1.41854064272218
-0.693442344045326
-0.26697731568996
1.23976181474488
0.0968015122873959
-2.17677504725901
0.890429111531202
-0.875563327032133
0.867147448015191
0.468746691871498
-0.546211720226813
-0.68150850661621
0.329434782608724
-0.451793950850627
-1.26509073724023
-0.340839319470689
-0.205803402646498
0.765950850661676
0.686580340264667
0.661714555765647
-1.73193572778835
-0.0473553875236209
0.476173913043515
0.919850661625742
-0.112081285444219
0.111255198487715
0.128417769376196
0.788810964083189
-0.0401247637051105
-1.10178260869555
1.00574858223061
0.686722117202297
0.48528166351609
0.558710775047283
-0.667601134215482
1.59477504725883
-0.00797164461244968
0.594064272211715
0.290162570888492
0.75471077504724
0.112043478260884
0.215519848771286
-0.416839319470702
0.070727788279784
0.717671077504723
-0.480999999999992
0.415115311909282
0.390281663516098
0.789778827977363
2.1889565217391
-0.0231455576559538
1.33917391304343
1.07405103969744
1.62881474480144
-0.138667296786377
-0.19963516068053
-0.0750982986767503
3.91855954631373
1.47986011342142
1.8787410207941
2.16450661625712
0.611487712665414
0.600234404536864
1.33093383742898
0.948820415878992
0.441869565217394
0.723096408317583
0.0523875236294876
0.742744801512288
1.04603402646507
0.725206049149339
0.262041587901718
1.14492060491487
-0.145635160680539
-0.505204158790176
0.0505992438563334
-1.03179962192818
0.971136105860007
-0.56914177693762
-0.0815141776937651
0.00615879017012969
0.271689981096415
0.780168241965979
0.0534725897920614
0.913328922495271
-0.382574669187144
0.357
-0.863342155009452
0.995109640831756
-0.76480718336484
-0.453
-0.340574669187146
-0.463355387523631
-0.226574669187146
0.766425330812854
0.283109640831758
0.283
0.031
-0.509
0.53
0.027
0.176
0.493
0.678
0.105
-0.117
-0.811
0.015
0.573
-0.919
-0.915
-0.103
0.585
-0.277
-0.377
-0.55
0.241
0.602
0.497
0.001
-0.926
-0.407
-0.8
0.404
-0.51
0.312
-0.035
-0.302
0.129
0.257
0.39
0
0.448
-0.024
0.374
0.876
0.713
-0.757
0.948
0.035
-0.547
-0.659
-0.426
0.915
-0.812
0.65
0.098
0.842
-0.825
0.34
-0.956
0.68
0.534
0.489
0.456
-0.566
-0.025
-0.912
0.188
0.792
0.918
0.49
0.885
-0.684
-0.31
0.084
0.448
-0.391
0.348
-0.253
-0.263
-0.002
0.654
-0.539
-0.452
0.732
-0.981
-0.716
0.215
-0.16
-0.787
0.122
-0.477
0.789
0.213
0.709
0.466
0.958
0.52
-0.06
-0.1
0.624
0.054
-0.845
0.116
-0.038
-0.545
-0.742
0.224
0.104
-0.799
-0.511
-0.507
0.427
-0.397
0.045
-0.974
0.073
-0.059
0.723
-0.586
-0.309
-0.128
-0.653
