-2.48360303068071
-1.20020226893224
1.00094329279261
-0.249344045971218
-1.50468808914902
-1.21636106259871
-1.1287618131536
-0.543073724221757
-0.293262754308789
-1.16026464901161
-0.355156900080275
0.467470703935977
-0.657379958552983
-0.244506612567691
-0.133958411396601
-0.283663516404447
-0.0151833652918498
-0.0535066172007235
-0.161542529075519
0.262841211138507
-0.0641134219923923
-0.212759922552951
-0.0588336471805217
0.425440453722985
-0.29029300840188
0.0432136085113462
-0.149075612714419
-0.246665405602124
-0.17405671018655
6.78357277583142
-0.332071830261546
-0.0463875227047847
-0.17902268298201
-0.00108506669494093
-0.147862006986541
-0.000922498431053242
-0.117829867075914
-0.00902457480932869
0.0298109632966963
0.0330567133961898
-0.0490964084183589
0.0446654104596238
0.024249524808144
-0.0446918678324164
0.0902778821337898
0.0855047247795937
0.00323440209534911
-0.0976294891234816
-0.0917277880663586
-0.0855103954164548
-0.00826276293840194
0.0116691888469013
-0.04783742909823
-0.0200283535741673
-0.00654442369677734
0.0913024554888853
0.0223761825392707
0.0035671110919628
0.0456672956667757
0.0191039737478359
0.0671663506660764
-0.0106408305200181
-0.064298676213364
-0.0232911141401512
-0.0328241978346442
0.0888676742236218
-0.0259149357240075
-0.00657845060825815
0.0782608666089516
0.0742892252379702
0.197816633617193
-1.51219888464399E-05
-0.0669735379898632
0.0706181500445414
-0.0329659682857753
0.00964461240100959
-0.00317958207453531
0.107833643990317
0.0359584110722599
-0.100655954615226
0.036812851902989
-0.158495275306435
0.158625711154144
-0.298809073919799
0.112952740405842
-0.166756144837094
0.0765841186203212
0.00589225334428369
0.112831758956525
-0.0499867677252529
0.0433364858438873
0.174396975153578
0.043788283911144
-0.0832911122253401
0.0750586036259114
-0.108446126356636
0.127482042242107
-0.248678636784411
0.145788280328133
-0.00501701299872373
0.221525520800922
0.0966276022353464
-0.313508508942298
0.413756140981449
0.189546311963033
-0.0851852537577393
0.241347822837844
0.394202267009251
-0.0192533053039905
-0.205894141633029
-0.220695649253396
-0.0318733435984269
0.194451797032857
0.151616258348705
-0.302073726443538
-0.129355384732845
-0.479198490242216
-0.346255202136131
-0.348105860920494
-0.0539300594008714
-0.790606806281688
-0.180578452896285
0.67661247511494
0.759856330046985
0.358638939550304
-0.30578639230974
-0.152270323335741
0.1920737212682
-0.782181473697038
-0.424574672464554
0.874128543377
-0.110030247549511
-0.00365217653482154
0.410257093005254
0.786601136119749
0.244438567273407
1.00306805150014
-0.760470701000419
0.102996216143016
-0.425593575663278
0.00918525268725848
-0.932134214485442
-1.00156332845109
0.0890945171492908
0.0390378057735356
-0.399844992093929
-0.297992438301359
0.542833648516452
0.243018902891693
0.0534612482863335
-0.892629489167852
0.127328923312161
0.417
0.550797731370395
-0.549200378104917
-0.0520075620986357
-0.504
-0.560604915364091
0.438994328426023
0.842395084635909
0.775395084635909
-0.307200378104918
-0.092
0.509
0.491
0.526
0.949
-0.684
0.292
-0.07
-0.238
0.317
0.774
0.878
-0.622
-0.508
0.218
0.643
-0.904
-0.578
-0.837
0.285
0.3
-0.046
-0.581
-0.217
0.618
-0.002
-0.794
-0.595
-0.895
0.377
-0.448
0.301
-0.662
-0.833
0.31
0.053
-0.928
-0.657
0.184
-0.538
-0.697
-0.098
-0.573
-0.236
0.358
0.539
0.24
0.97
0.953
-0.147
-0.512
0.184
0.825
-0.364
0.404
0.954
0.09
-0.292
0.907
-0.05
-0.891
-0.114
-0.176
0.384
-0.235
-0.527
0.54
-0.79
0.181
-0.835
0.571
0.753
0.238
0.7
-0.019
-0.603
-0.473
0.654
0.424
-0.921
0.757
-0.764
-0.548
0.252
-0.111
0.367
0.475
0.701
-0.237
0.356
0.962
0.364
-0.565
-0.767
-0.648
0.417
-0.922
0.042
0.999
-0.115
0.999
0.029
-0.211
0.788
0.282
-0.266
0.945
-0.876
0.654
0.007
0.426
0.436
0.283
0.828
0.192
0.873
-0.566
0.571
