-2.96300378517771
-0.710476370693343
-0.0885935709436737
-1.57358979797323
-0.619079399065672
-0.624523630135495
-1.21304915526455
-0.32126276186756
-0.338674854457701
-0.438625707319225
0.113485823734362
-0.242905480243156
-0.320030243991562
-0.206604909817772
0.0607882794802148
-0.123971647274393
0.0860604927766176
0.0270359161728211
-0.11927788147791
0.105763703034262
-0.251633270995185
-0.391888468682237
-0.394534967969006
0.0905330832956764
0.0300699439088634
-0.0506975422358966
-0.0621379956629804
-0.047559545511041
0.0751020804415664
0.0313289241861175
0.000693761161950655
0.152119093751131
0.0634177689227072
-0.00331001749581046
-0.111914933777717
0.0606862014506243
-0.0680094526099268
0.0958128555300546
0.0726521772285137
-0.15682797859655
0.04984310193052
0.150888473998484
-0.342245747432779
-0.233931948917359
6.85980150941747
-0.181890358707209
-0.0199054805261698
-0.0139924372676226
0.147875236828368
0.0558620011769628
-0.0652665396519244
0.00263138151223505
0.0950661638251264
0.0189697541314123
-0.0579716460919992
0.0148884695914588
0.0287183360480805
0.0525765628596791
0.0503572770272521
-0.117956523182768
-0.0407958395662327
0.0578487691342137
0.132408318336318
0.149466922777913
-0.0278430996904473
-0.0135463145573245
-0.0852533075813519
-0.0250850690118031
0.0446219278205677
-0.0107277890452423
0.0340113450078085
-0.0242211721480117
0.0151512289404246
-0.0900964084704283
-0.109965971331587
-0.100591685429511
0.121616254559948
0.0214782609392741
0.0743043481499781
-0.0248620050095459
-0.0457334593819721
0.189472590078724
-0.125310017609148
0.176470695876433
-0.220047257560347
0.0208336431361941
-0.0297618188588208
-0.0067882798886665
0.0576786411632318
0.107695654607719
0.0280926290781014
0.0178752349286871
-0.117115311282294
0.21116634766535
-0.450814744736216
-0.0534215514114068
0.210398866760592
-0.145540641923427
0.320888470330859
0.189833646540438
-0.209499055383112
0.0895368661678159
-0.0992646489302473
0.00098676449995884
0.095094519481591
-0.158200377884387
-0.111865783966697
-0.522595465290705
-0.206327025689109
0.0269697557061229
0.150967862370189
0.12618336969137
0.419056707861119
0.0643894142718866
0.265340265776265
-0.403149340262304
0.071998110959828
-0.485792055078143
-0.172837429252383
-0.669052929044727
-0.00703591932836191
-0.109797731239365
0.367465028473014
-0.391854443227153
-0.207865784114561
0.0414121015218629
0.507922501593625
0.715421547768521
0.467948960315875
0.591470696370198
0.346381850594294
-0.565593571135235
0.470856330772277
0.220521738407203
-0.649058601406764
-0.459797729150012
-0.569485822351346
0.306689978378124
-0.0360226825396378
-0.755427225633927
-0.837952742175708
0.717353496324319
-0.353965970992769
0.552495274808391
0.0880529315989374
0.212771268568069
-0.608986767435126
-0.348289224023198
-0.313916822014251
-0.106179585876589
1.06918525554064
0.350153120182741
-0.291
0.706387523921047
0.0618979206535064
0.644958413070111
-0.757
-0.269327031504438
-0.810531190197409
0.623672968495562
-0.589327031504438
-0.839102079346503
0.988
-0.315
0.464
0.509
-0.858
-0.301
0.541
-0.138
-0.228
-0.913
0.792
0.76
0.937
0.987
-0.165
-0.939
0.301
0.002
-0.917
-0.567
0.579
-0.685
0.815
-0.356
0.659
0.726
0.778
-0.34
0.804
0.379
0.564
-0.376
0.852
-0.774
0.556
0.703
-0.76
0.51
-0.053
0.724
-0.196
0.335
0.991
0.894
0.346
-0.051
0.763
0.073
-0.208
-0.818
0.417
0.174
0.528
0.965
-0.419
0.673
-0.131
-0.181
0.849
-0.585
-0.079
-0.119
0.058
0.393
-0.477
0.168
0.907
0.71
-0.57
0.131
0.82
0.79
-0.945
-0.642
0.629
-0.756
-0.676
0.921
0.297
-0.29
0.962
-0.296
0.868
0.621
0.961
-0.611
0.096
0.886
0.645
0.883
-0.167
0.421
0.661
-0.469
-0.197
0.922
-0.724
-0.403
0.371
-0.822
0.041
-0.947
-0.358
0.66
-0.638
0.627
0.118
0.169
-0.664
-0.663
0.348
-0.052
0.522
0.139
-0.547
-0.784
0.013
0.436
