-1.65985633270272
-0.911629489602688
-0.174880907372391
-0.622644612476069
-0.341844990547998
-1.70108128544651
-0.473149338374208
-0.47265217391307
-1.86844423440139
-1.77236294896088
-0.934752362948956
-0.288750472589528
0.0226578449907375
-1.85743478260859
0.823710775047443
1.17915311909282
-1.26662003780734
-0.795448015122787
-0.289599243856286
-3.49110586011285
0.527771266540734
-0.1892268431
-1.61497731568903
-2.47332703213599
-2.47012854442241
-1.95543856332634
2.3011398865788
-2.56954442344056
-0.126676748582008
1.82022495274035
-1.75904536862042
-2.29764461247604
-0.884187145557591
-1.61930812854371
-1.64552362948955
-0.0935916824196322
-1.41122117202232
0.791052930056833
-2.24080907372379
2.07747069943249
-1.7791720226841
-2.70603402646495
-2.25133270321301
-0.471330812854077
1.91610964083162
-0.0714102079394469
0.26612476370522
-0.868765595463045
0.408633270321441
-2.03502079394995
1.79107183364859
2.57693572778858
-0.679391304347818
1.99613988657896
-1.37732703213582
2.16736672967936
-0.228654064272152
-1.95775236294892
0.143270321361158
-1.59718147448026
-0.655867674858128
0.694166351606873
0.825992438563499
-1.51522873345923
-1.4703119092628
-0.542172022684165
-1.91543289224915
0.949149338374367
-0.373064272211605
-2.03260302457487
1.35686011342201
-0.917841209829759
-2.41858790170113
1.50911153119067
-1.01161058601119
-2.25159924385619
-2.62314933837418
-0.812361058601014
1.80243478260826
3.33137807183411
-0.393168241965906
-0.794650283553715
1.50339130434809
1.27549149338373
0.268701323251482
0.449408317580282
-0.737873345935632
0.954266540642869
-0.445249527410167
1.40639130434856
1.83018714555764
0.012504725898006
3.99797164461196
-1.13323062381856
-1.73877882797738
2.02566162570886
1.53413610586019
-0.341964083175716
0.538678638941475
2.07879206049222
-1.71646880907363
-0.593232514177592
-0.393149338374241
0.330177693761821
1.06983931947074
-2.43522684310011
-1.40995841209849
0.00998487712717325
0.252024574669584
-0.312928166351527
-0.313508506616183
0.301516068053054
5.19538941398906
-0.31528922495299
13.7075576559573
6.09146880907416
0.250321361058648
-0.513353497164409
2.43435160680524
0.00933648393192859
0.898387523629557
1.61186956521736
0.52288846880911
4.37691682419652
2.91456521739135
-0.363111531190917
-0.837417769376174
1.06813988657851
-0.280465028355378
-0.496684310018911
0.760105860113479
0.826982986767489
0.190075614366752
-0.915353497164478
0.0180737240076195
1.30970510396976
0.407100189035916
0.5554839319471
-0.0783742911153294
-1.86506994328923
-0.573580340264651
-0.751638941398841
-0.728342155009465
0.318056710775057
-0.0277920604914861
1.05224574669191
-0.052032136105854
0.853376181474499
0.427642722117202
-1.42387523629482
0.927986767485824
0.496867674858219
0.701
-0.113434782608696
0.673260869565224
-0.363782608695651
-0.033
-0.718608695652173
-1.3060869565217
-0.143608695652174
0.337391304347827
0.412260869565223
-0.788
0.123
0.934
0.419
-0.313
0.976
0.169
0.265
0.638
-0.49
-0.676
0.936
0.547
0.866
-0.433
0.064
0.779
-0.728
0.54
0.58
0.786
-0.135
0.081
0.207
0.255
-0.817
-0.013
-0.362
-0.172
-1
-0.051
-0.629
-0.289
-0.94
0.964
0.66
-0.297
-0.358
0.334
-0.451
-0.335
0.871
-0.258
0.434
0.343
0.764
0.469
0.828
-0.497
0.903
-0.216
0.747
0.598
-0.96
0.647
0.347
-0.959
-0.273
-0.836
-0.496
-0.012
-0.469
-0.563
0.637
0.561
0.952
0.224
0.487
0.902
-0.093
-0.639
0.136
-0.062
-0.009
-0.085
0.915
-0.878
0.646
0.863
0.49
-0.287
0.159
-0.866
-0.075
0.215
0.201
-0.228
-0.33
-0.588
-0.383
0.618
0.975
-0.522
-0.17
0.56
-0.867
0.433
0.104
0.873
0.39
-0.461
0.982
0.926
0.595
0.542
0.647
-0.191
-0.394
0.125
0.731
0.224
-0.605
-0.136
-0.327
0.79
0.829
-0.604
0.512
