-0.481788280565414
-1.08867296833898
0.213
-1.44044990589397
0.130888468777433
-0.0574499058940023
-0.0161115312226196
-0.98643100115093
-0.155105860152109
-0.47538941505904
-0.87084688043907
-1.45499432955936
-1.01506805372011
0.0578998110112669
-1.44587712755481
-0.651793950692181
-0.0430718343012024
-1.18853308159953
-0.17646691905681
0.378030244748828
-0.640952740897532
-1.54996975474775
-1.44994518015331
-1.28279773165987
0.346699432180306
-0.428977315828692
-1.11301134286953
-0.243633270921351
-0.957130434784704
-0.239130435714962
-0.951890358515377
-0.578937617936175
-0.479098298514765
-0.359189036439359
-1.04962003817188
-1.22900567095014
-1.75997164459968
-0.89251795878593
0.41544234367284
-0.571688090359062
-0.0733327040044417
-1.03636862053127
-0.384385634154807
0.627366729546254
0.0120586006039535
0.353686199599913
-0.196635160927697
-0.0471568999123703
0.420612476245888
-1.38157655950529
-1.42907750421813
0.093954631432077
-0.746570888237816
-0.389536862256574
0.0621587903926687
0.343930056374848
-0.379141777383388
-0.422971644275172
-0.370561436608863
0.604667296328641
-0.270383743021703
-1.18679773156197
-0.441170132403298
0.280149338303172
0.0380718340124726
-0.387805293873963
0.476081284867491
0.122846880617964
-0.774718336809236
0.654245746243987
-0.96573534990442
0.496610585678957
-0.570854442382763
0.127727788686815
0.507837428739029
0.66213799610029
-0.59385255242641
-0.920797731461242
-0.504930057098082
0.585302457402144
0.253472589323746
-0.642413989489533
0.217788279554868
0.034086956225264
0.390837429130553
0.591773157156868
-0.352223063126183
0.594890359486552
0.717215500750839
-0.113642722840425
0.602404536702859
-0.126988658109768
0.624877126157626
0.626228733069228
0.538724006821313
0.645451795584184
0.808771266813892
0.472327032179056
0.363018903336051
-0.412950850399657
0.882519849129009
-0.599018903905052
0.438565217640604
0.886357278085616
-0.660926276218483
-0.523994328504184
0.0166049152669304
1.08510586052965
0.567937618510827
-0.399419659249436
-0.226395084956308
-0.463550093782054
-0.160810963933885
0.0221531190848805
-0.255090736764022
-0.475465028051876
-0.0481663515835665
-0.826209829716268
-0.794296785834495
0.682782608636507
-0.249381852242134
-0.374385633065389
-0.533499054874643
0.41694896039118
-0.852931946939658
0.0345444240876254
-0.178408316804296
-0.497319470793797
0.466406427563418
-0.676563326473691
1.0531701332562
0.525589792733011
0.929274102061796
-0.621098298871811
-0.97339886574788
0.645213611025433
0.4479905486464
0.719332703417834
0.275731569165709
0.578773156915304
0.0814461263876225
0.708079396423067
-0.325937616746062
0.631230624807238
-0.161869563861078
0.702241967328442
-0.234892249516144
0.025731569165713
1.11458979274774
0.477043478304529
0.108268431238511
1.52589981173599
0.611
0.631606805512727
0.876601134252119
0.403022685042401
-0.991
-0.674185254722445
0.999017013781802
0.235814745277556
-0.823185254722445
-0.562398865747882
-0.728
0.104
-0.781
0.574
0.024
-0.578
-0.182
-0.21
0.022
0.591
0.212
-0.277
-0.118
0.456
-0.627
-0.324
-0.295
-0.378
-0.718
0.539
-0.05
0.837
0.28
-0.957
0.566
0.728
-0.752
-0.214
0.532
0.088
0.493
0.804
0.283
-0.914
-0.167
0.097
0.179
-0.076
-0.641
-0.824
0.859
-0.249
-0.659
0.215
-0.443
-0.113
-0.302
-0.589
-0.142
0.333
0.508
0.248
-0.159
-0.474
0.479
-0.565
0.823
-0.824
-0.993
0.296
-0.827
-0.968
0.258
0.933
-0.903
0.407
0.44
-0.204
-0.378
0.275
0.496
0.781
-0.738
-0.894
0.68
-0.802
0.495
-0.935
0.486
-0.322
0.03
0.836
0.927
-0.802
0.58
-0.755
-0.038
-0.243
-0.393
-0.602
0.273
0.003
-0.084
0.063
-0.998
0.826
0.492
-0.593
0.117
0.149
0.447
0.901
0.789
0.582
0.837
0.727
-0.015
-0.265
-0.155
0.28
-0.06
0.758
-0.311
0.329
-0.734
-0.663
-0.896
0.059
