-1.46166162570648
-1.32929300567132
-0.199812854442339
-1.69803969754301
-0.272792060491551
-0.250217391304204
-1.42886578449932
-0.5439017013233
-0.53872589792025
-1.28634593572714
-0.349654064272179
-0.437788279773079
-0.116722117202291
0.0953327032136231
-0.201529300567077
0.213844990548188
0.142069943289143
0.30823629489602
-0.0515349716446966
-0.0942211720226766
-0.09843667296791
-0.156508506616463
-0.371240075614344
-0.493455576559636
-0.120474480151267
0.122221172022771
0.0105009451795391
0.038688090737261
0.020100189035942
-0.117671077504768
-0.223495274102036
6.93285255198507
-0.279663516068133
-0.0393516068052692
-0.34840453686203
-0.068117202268402
-0.0195614366729871
-0.197368620037787
-0.013809073723978
-0.133648393194697
-0.108052930056702
0.11026275992438
-0.0678865784498776
0.0653478260869486
0.0242514177693841
-0.24283931947071
-0.068555765595441
0.10748393194709
-0.121126654064258
-0.14674291115313
-0.197109640831665
0.0563459357278085
-0.204132325141785
0.185795841209833
-0.373317580340261
-0.17849905482041
0.0778638941398807
-0.240911153119094
-0.14520037807181
0.145102079395087
-0.207843100189035
-0.137213610585996
0.00357844990550783
0.06991115311911
0.00142155009454729
-0.251315689981067
-0.190788279773187
-0.283892249527419
0.0420359168242504
-0.347495274102068
-0.0379149338374166
0.083767485822301
-0.46339886578446
-0.0266370510396352
0.0544744801512242
0.0105274102079429
-0.0376370510396959
0.223092627599272
-0.121204158790157
-0.0836843100188773
-0.267635160680534
-0.0696275992438471
0.239627599243848
0.179075614366745
0.184826086956537
-0.120160680529293
0.104376181474474
0.179098298676759
0.0432684310018906
0.141476370510436
0.0378015122873182
-0.168536862003761
0.264884688090737
0.651525519848778
-0.102136105860106
0.304153119092639
-0.429759924385631
-0.171406427221164
0.155553875236296
0.0638468809073857
0.147327032136144
-0.152865784499061
0.133028355387529
-0.166826086956508
-0.0696578449905474
-0.0937863894139836
-0.0237334593572724
-0.0045822306238195
-0.0884328922495215
0.0593894139886607
-0.233017013232523
-0.204357277882798
-0.623487712665391
0.00795463137995953
0.179277882797734
-0.0342457466918833
0.615542533081285
0.102858223062379
0.68612476370511
0.627253308128559
-0.392136105860114
-0.245595463137992
-0.582359168241973
0.330088846880911
0.136860113421548
0.184969754253313
0.341512287334596
-0.693846880907366
0.592984877126649
-0.194440453686195
-0.430277882797736
0.0760586011342163
-0.364408317580334
-0.697393194706993
-0.300954631379955
-0.51416257088847
-0.756058601134224
0.410706994328925
0.222268431001889
0.382054820415884
0.39879206049149
0.155689981096413
0.264168241965972
-0.435835538752358
0.0800699432892251
0.056431001890362
1.0319281663516
-0.382011342155006
0.310094517958412
-0.675168241965971
0.861578449905481
-0.888005671077505
0.753
-0.78035538752363
0.580274102079396
0.468482041587903
0.188
0.282563327032135
-0.921888468809074
0.526563327032135
0.100563327032136
-0.694725897920604
0.453
0.132
0.846
0.68
-0.477
0.624
0.496
0.27
0.891
-0.799
0.658
-0.393
-0.437
-0.701
-0.136
0.49
-0.81
0.743
-0.08
-0.664
-0.116
0.107
0.003
-0.728
0.711
0.733
-0.134
0.041
0.363
-0.24
0.067
0.431
0.97
-0.001
0.887
-0.727
-0.279
0.453
-0.235
-0.714
0.207
0.989
-0.208
0.773
-0.253
0.146
0.684
0.285
-0.301
0.697
0.154
-0.595
-0.333
-0.174
0.425
-0.655
-0.872
0.574
0.968
-0.211
-0.242
-0.546
0.907
0.13
0.134
-0.774
-0.364
0.564
-0.589
-0.409
-0.231
-0.263
-0.022
-0.366
0.129
-0.106
-0.686
0.229
0.524
-0.435
-0.951
0.58
-0.658
0.665
0.606
-0.338
-0.236
0.144
0.573
0.541
-0.856
0.147
0.484
0.976
0.528
-0.248
-0.918
0.661
-0.361
-0.479
-0.491
-0.881
-0.127
-0.892
-0.072
-0.584
0.426
-0.968
0.696
-0.469
-0.969
-0.101
-0.951
0.403
-0.261
0.177
-0.889
-0.759
