-1.40295274102071
-0.207971644612465
0.617
-0.207975425330804
-0.9679981096408
-0.544975425330791
-0.0789981096408326
-0.418266540642724
-1.25088846880902
-0.613406427221163
-0.354901701323248
-1.29986956521737
-0.191283553875234
-0.506862003780714
-1.04690170132323
-0.520599243856339
-0.887712665406424
0.0796843100189074
-0.0533402646502798
-1.03654631379958
-0.933886578449897
0.0326105860113408
-0.778799621928161
-0.201446124763709
-0.0927410207939514
-0.965434782608684
0.0673894139886658
-1.06657088846877
-0.516003780718327
-1.24110964083174
-0.10137429111531
-0.69657466918714
-1.27212665406424
-0.285612476370508
-0.534965973534968
-0.0771606805292974
-0.057992438563325
-0.111931947069942
0.0445028355387585
-0.550572778827973
0.186465028355394
-0.533918714555761
-0.79563894139886
-0.847527410207935
-0.293587901701319
-0.0946786389413985
-0.773599243856329
-1.26909829867672
-0.590797731568992
-0.570088846880906
-0.856620037807178
-1.30893194706992
0.378850661625715
0.443275992438566
0.432453686200383
0.0767240075614381
-0.289758034026465
0.52065973534972
-1.1478979206049
0.20106805293006
0.484516068052933
-0.948155009451794
-1.25150661625709
-0.762141776937617
-0.0224839319470703
-1.21036672967863
-0.842069943289224
-1.0531190926276
-0.992272211720223
-0.240534971644611
0.291173913043481
-0.0333969754253308
-1.12975236294894
-0.514164461247636
-0.404013232514176
0.182207939508508
-0.0162684310018903
0.638143667296788
-1.08318903591683
0.550086956521741
0.624327032136106
0.153595463137998
0.780370510396976
-0.401546313799622
0.654262759924386
0.483077504725899
0.0795841209829875
-0.604871455576558
0.702956521739131
0.379330812854443
-0.566758034026465
0.417039697542534
0.426270321361059
-0.842820415879016
0.0338544423440455
0.231028355387523
0.110310018903593
-1.00939508506616
0.525618147448016
0.17948393194707
0.14336672967864
-0.305601134215501
-0.953629489603024
0.647846880907372
-0.0569697542533081
0.189954631379963
-1.02558790170132
0.157610586011342
-0.212257088846881
-0.815916824196597
-0.840844990548204
0.142459357277883
0.549500945179585
-0.973086956521739
0.49681852551985
-0.608587901701323
-0.425650283553875
0.326733459357279
-0.278463137996219
0.641413988657845
-0.0338071833648393
0.759020793950851
-0.791574669187146
-0.540372400756144
-0.534362948960302
-1.02851228733459
0.579085066162571
0.823126654064272
0.506746691871456
0.464674858223062
-0.718327032136106
0.0753024574669188
-0.816586011342155
-0.109136105860113
-0.30547258979206
0.0154669187145558
0.256035916824197
0.882051039697543
0.492379962192817
-0.662873345935728
0.352183364839319
0.937986767485822
0.664041587901701
0.633240075614367
0.119514177693762
0.337514177693762
-0.969
0.437109640831758
-0.419506616257089
-0.21247258979206
-0.326835538752363
0.81854820415879
0.252
0.832164461247637
-0.66247258979206
0.50154820415879
-0.481
0.445856332703214
0.333911153119093
0.0168563327032136
0.593856332703214
-0.93147258979206
0.683
0.307
0.874
0.201
-0.135
-0.34
0.408
-0.435
0.116
-0.406
0.736
-0.643
-0.794
0.049
-0.915
-0.413
0.48
0.112
0.991
-0.756
0.357
-0.277
-0.08
-0.484
0.863
-0.542
-0.415
0.184
-0.462
0.864
-0.346
-0.413
-0.141
0.475
-0.728
-0.625
0.771
0.936
-0.51
0.371
-0.969
-0.976
0.672
-0.919
-0.908
-0.106
0.629
0.288
0.425
0.932
0.972
-0.772
0.031
0.356
-0.288
-0.041
-0.614
0.358
0.337
-0.594
-0.925
-0.776
-0.974
0.251
0.94
0.148
0.497
-0.27
-0.223
0.71
-0.185
0.543
-0.378
-0.38
-0.788
0.333
0.05
-0.162
-0.576
-0.032
-0.171
0.296
0.758
-0.394
0.891
-0.575
0.555
0.502
-0.237
0.312
0.988
-0.587
-0.402
-0.917
0.295
0.806
0.997
-0.58
-0.859
-0.057
0.397
-0.102
-0.489
0.714
0.116
-0.571
0.606
-0.589
0.143
0.379
0.909
0.547
-0.066
-0.631
0.577
-0.221
-0.535
0.42
