-2.43263516103254
-1.15911909283881
-0.679725897920605
-0.680820416062082
-1.00970321362464
-0.333998109823908
0.922748582216575
-0.362047259359484
0.0093137992416679
-1.28739319508731
-0.0347069943289182
-0.327075614789249
0.156860113224369
-0.0754725900878252
0.0872930055865806
-0.671741020878462
-0.202413988657844
-1.40355954658144
-1.05022306239591
-0.27553308141219
-0.835557656010961
-0.946805293385939
-0.125990548204159
0.0493345935727822
-0.863168241965967
-1.35025141776934
-1.24141398865778
-1.17282419659734
-0.763824196597343
-0.397839319470698
-0.00208695652173856
-0.756807183364831
-1.25139508506614
0.137071833648399
0.213400756143674
-0.431412098298675
-0.9771304347826
0.193992438563329
0.221565217391308
-0.72828355387523
-0.808020793950847
-1.20353875236295
-1.40887901701318
-0.865425330812849
-1.09242911153117
-0.920676748582227
-0.207493383742909
-1.19394706994327
-0.0546275992438555
0.129894139886582
-0.888478260869562
0.630260869565221
-0.192172022684307
-0.207538752362946
-0.46157844990548
0.221582230623818
-0.316737240075612
-0.690362948960299
-0.593226843100192
0.41568998109641
0.214126654064276
0.461829867674858
-0.726349716446123
-0.744603024574666
-0.716835538752362
-0.614911153119092
0.363355387523629
-0.993916824196596
0.481393194706994
-0.647173913043478
-1.16909073724007
-1.15727599243855
-0.738128544423441
0.673334593572778
-0.733635160680529
-0.682113421550094
-0.615903591682419
0.231400756143668
0.0699300567107744
-1.04929678638941
-0.245364839319471
0.599508506616258
-0.211769376181474
0.417663516068054
0.0137958412098299
0.87379584120983
0.618257088846882
-0.0916427221172022
-0.177869565217391
-0.782338374291115
-1.06416257088847
0.90079584120983
0.0253497164461248
-1.12465406427221
0.194113421550095
0.11341965973535
0.772756143667297
0.668844990548204
0.82352741020794
0.589534971644612
-0.309134215500945
0.155988657844991
-0.136170132325141
-0.345544423440454
0.494164461247637
-0.640992438563327
0.574383742911153
0.122151228733459
-0.278778827977316
-0.503
0.0303024574669187
0.565756143667297
0.425907372400756
-0.491
-0.175011342155009
0.577756143667297
-0.324092627599244
-0.161081285444234
0.254361058601134
-0.386
-0.124
-0.365
0.208
0.215
-0.498
-0.931
-0.021
-0.682
-0.449
0.152
-0.444
-0.359
0.534
0.65
0.325
0.696
-0.245
-0.827
-0.861
-0.324
-0.66
-0.391
-0.845
-0.664
0.297
-0.663
-0.596
-0.47
0.09
0.657
-0.615
-0.001
-0.672
0.21
-0.26
-0.843
-0.967
0.688
-0.72
0.427
0.406
0.263
-0.409
0.642
0.941
-0.571
-0.87
0.894
0.184
0.214
-0.079
-0.378
-0.267
-0.243
-0.727
-0.734
-0.52
-0.128
0.918
-0.835
0.665
-0.552
0.227
-0.106
-0.234
0.556
-0.688
-0.676
-0.09
0.167
0.663
0.067
0.892
-0.288
0.269
0.077
-0.982
-0.488
-0.605
-0.133
-0.794
-0.491
0.346
0.876
-0.265
0.763
-0.734
0.571
-0.064
-0.527
0.677
0.161
0.769
-0.885
0.762
-0.043
-0.964
0.696
-0.125
-0.616
-0.884
0.805
-0.016
-0.984
0.551
0.854
-0.271
-0.979
0.487
0.196
-0.752
0.967
-0.524
0.051
0.958
0.155
0.102
0.351
-0.842
0.003
0.29
-0.259
0.388
-0.564
0.49
-0.498
0.297
0.777
-0.051
-0.688
0.04
-0.679
0.637
-0.99
-0.249
-0.599
0.524
0.329
-0.676
-0.12
0.033
-0.756
-0.917
0.74
-0.775
0.71
-0.316
-0.282
-0.843
-0.394
0.855
-0.315
0.537
0.871
0.093
0.374
-0.583
-0.452
-0.474
0.049
