-1.76927410207926
-1.45549338374302
0.820213610586014
-0.712933837429094
-0.268011342155008
0.357531190926295
0.173419659735355
-0.497610586011345
0.0216975425330939
-1.21887901701326
0.0793572778828034
-0.938060491493379
-0.0923610586011284
-0.247211720226835
-0.128279773156895
0.0835482041587989
-0.700317580340262
-0.96455765595463
-1.1590604914933
-0.368085066162568
-1.25010775047257
-1.04950472589794
-0.434659735349714
-0.00256332703213606
-0.974468809073717
-0.0779357277882742
-0.63149716446124
0.188962192816641
-0.278262759924379
-0.448863894139882
-0.0630415879016976
-1.05809451795835
-0.290206049149334
-1.34789981096408
-0.157618147448015
-0.250381852551978
0.549886578449906
-0.897937618147442
-0.599183364839315
-1.07989224952738
-0.908565217391299
-1.18098487712661
-0.849476370510392
-1.21135727788282
-0.930697542533073
-0.938103969754249
-0.714623818525516
-0.292211720226842
-0.0509187145557653
0.405846880907379
0.374790170132326
-0.354724007561437
-0.363759924385627
-0.181317580340263
-0.114177693761815
0.506128544423445
-3.96975425329769E-05
-0.849245746691869
-0.775799621928167
0.114689981096412
-0.111215500945177
0.196122873345936
0.38976559546314
-0.425523629489602
-0.638824196597348
0.14170510396976
0.186684310018903
0.150151228733463
0.582901701323257
0.387224952741023
0.360693761814748
-0.585461247637049
0.306593572778828
-1.03190926275992
-0.690671077504724
0.783374291115313
-1.09275047258979
-0.348120982986766
-0.359727788279772
-1.01846124763705
-0.503725897920605
0.36576370510397
-0.622122873345935
0.762905482041589
-0.0268676748582231
-0.603930056710773
0.0589735349716446
-1.03380151228734
-0.345253308128544
0.508275992438564
-1.01126654064272
0.19869943289225
0.691661625708886
0.341837429111531
-0.255593572778827
-0.0215671077504726
-0.797648393194707
0.638846880907374
0.347126654064272
-0.0563345935727788
-0.397
0.232578449905482
0.213260869565218
0.333595463137996
0.706724007561438
0.212559546313801
0.184563327032137
0.0830283553875236
-0.522364839319471
0.158158790170133
0.638994328922495
-0.435
0.538837429111531
-0.747886578449906
-0.670863894139886
0.475289224952741
0.0356370510396975
-0.991814744801512
0.51438752362949
-0.884610586011342
-0.776491493383743
0.177897920604915
-0.535368620037807
-1.12155387523629
0.837
-0.874395085066163
-0.433132325141777
-0.912843100189036
-0.049
0.308156899810964
0.567262759924386
-0.842710775047259
0.0608412098298677
0.537289224952741
0.293
0.335947069943289
-0.596079395085066
-0.380158790170132
0.713499054820416
0.439156899810964
-0.11558034026465
0.974
0.55
0.704
0.649
0.445
0.872
0.449
-0.14
0.547
0.991
-0.734
-0.86
0.141
-0.054
0.65
-0.164
0.073
0.731
0.678
-0.352
-0.068
-0.833
0.125
0.545
0.717
0.299
-0.989
0.099
0.142
0.025
-0.787
-0.909
0.992
0.126
-0.69
0.652
-0.195
-0.488
-0.608
-0.668
0.288
0.453
0.403
0.544
0.392
-0.926
-0.876
-0.353
0.642
-0.432
0.433
0.092
-0.749
0.017
-0.73
0.806
-0.576
-0.841
0.932
-0.855
0.861
-0.651
0.717
-0.479
0.777
-0.825
-0.853
-0.985
-0.364
0.997
-0.97
-0.439
0.339
0.345
0.359
0.478
-0.237
0.581
-0.847
0.643
0.175
0.363
0.456
-0.426
0.592
0.121
0.839
-0.025
-0.145
-0.496
0.227
-0.354
-0.42
-0.754
-0.529
-0.061
0.735
-0.118
0.766
0.217
0.926
-0.892
-0.989
0.644
-0.463
-0.128
0.753
-0.095
0.657
-0.209
0.042
-0.157
-0.995
-0.712
-0.03
-0.502
-0.107
0.143
-0.072
-0.344
-0.665
0.172
0.159
-0.869
-0.23
0.384
0.98
0.092
-0.126
-0.58
0.743
0.881
0.815
-0.065
0.717
0.066
0.352
0.811
-0.964
