-0.8142967863894
-0.555487712665387
-0.471362948960302
-0.717079395085044
-0.298402646502833
-0.125695652173903
-0.522984877126637
-1.0984744801512
-0.997024574669167
0.0427844990548331
-0.0712117202268422
-1.18471644612472
-1.46256710775047
-0.538103969754244
-0.29983931947069
-1.01806049149337
-0.474255198487711
-1.02599621928164
-0.329672967863893
-0.704425330812852
-0.478790170132317
0.218540642722124
-0.475206049149337
-0.586408317580337
-0.302637051039692
0.3345482041588
-0.280521739130429
-1.21728733459354
-0.392820415879012
0.27215311909263
-0.172584120982982
-0.317875236294891
-1.24706616257088
0.475396975425336
-1.1982533081285
-1.29645746691872
-0.927223062381847
-0.508741020793947
-1.24079773156897
-0.325710775047253
-0.428177693761811
-0.841550094517953
-0.744992438563321
-0.504111531190926
-0.863115311909256
-0.913107750472589
-0.550805293005667
-0.0187788279773154
0.0665879017013241
0.0299508506616265
-0.241506616257087
-0.202986767485821
-1.03100945179582
-0.701351606805291
-0.357166351606802
0.361247637051041
-0.988654064272208
0.526198487712669
0.292969754253313
-0.242173913043475
-0.839085066162569
-0.705981096408316
0.29245557655955
-0.422769376181474
-0.683079395085062
0.741882797731572
-0.578482041587902
-0.934183364839317
-0.482155009451795
-0.117275992438564
0.659162570888471
-0.831771266540643
-0.849470699432892
-0.936854442344043
0.852296786389414
-0.723778827977316
0.071228733459358
-0.996141776937618
-0.751175803402646
-0.0715311909262759
-0.0216011342155009
0.837973534971645
-0.243287334593572
0.615508506616257
-0.188663516068053
-0.801355387523629
0.0718298676748581
0.561035916824197
0.101884688090737
-0.630916824196598
0.793275992438564
-0.392930056710774
0.422241965973535
0.20264461247637
-0.356718336483932
-0.693368620037807
0.133007561436673
0.751973534971645
-0.508232514177693
-0.559211720226843
0.791555765595463
-0.332595463137996
-0.339136105860113
-0.82180718336484
0.340542533081285
-0.257088846880907
-0.196616257088847
0.974370510396975
-0.500245746691871
-0.531362948960302
-0.52
-0.948088846880907
0.436582230623819
-0.604362948960302
0.87252741020794
-0.573616257088847
0.701240075614367
0.732240075614367
0.888240075614367
-0.808
-0.148
-0.046
-0.021
-0.796
0.192
0.183
-0.238
-0.012
0.451
0.582
0.189
0.383
0.573
0.868
0.213
-0.646
0.179
-0.447
-0.718
-0.908
0.417
0.114
0.091
-0.329
0.925
0.808
0.221
0.105
0.358
-0.76
-0.363
0.414
0.885
-0.687
0.611
-0.128
0.704
-0.512
0.023
-0.79
0.988
0.821
-0.454
-0.053
0.282
0.096
-0.515
0.57
0.185
0.519
0.254
0.16
0.462
0.808
-0.225
0.737
0.862
-0.693
-0.721
0.383
0.961
0.656
0.63
0.211
-0.055
0.774
0.498
0.26
-0.744
-0.66
-0.351
-0.309
0.529
-0.928
-0.896
0.595
-0.432
-0.857
0.389
-0.171
0.322
0.651
0.919
0.838
-0.014
0.477
0.952
-0.924
0.538
0.873
0.009
0.396
-0.791
0.639
-0.751
-0.669
-0.81
0.335
-0.998
0.507
0.597
0.225
0.313
-0.155
-0.131
-0.438
0.63
0.39
0.703
0.179
0.169
0.719
-0.082
0.449
-0.94
-0.691
0.737
0.791
-0.776
0.467
0.822
0.421
0.721
-0.618
0.33
0.253
-0.518
0.889
0.823
0.773
0.404
0.232
-0.86
0.881
0.232
-0.903
-0.662
0.074
-0.031
-0.577
0.846
-0.439
-0.627
-0.641
-0.297
0.29
-0.523
-0.241
0.578
0.939
-0.406
-0.601
0.11
-0.466
0.684
-0.825
0.503
-0.07
0.514
0.615
