-1.66873345935715
0.224759924385647
0.812
-0.814941398865771
-0.941149338374271
0.0770586011342274
-0.281149338374287
-1.02377693761814
-1.46906049149328
-1.15525330812856
-0.74693383742911
-1.17120415879017
0.0745330812854564
-0.355570888468806
-0.748483931947062
0.345606805293009
-1.07731190926275
0.125714555765598
0.409032136105862
-0.916578449905482
-1.27104536861999
-1.18588657844991
0.106833648393194
-1.31576370510395
0.191432892249528
-0.624068052930052
-1.08211720226843
0.0469773156899822
-1.0080642722117
0.0883421550094539
-0.52831947069943
-1.18846502835536
-0.497665406427218
-0.0201266540642738
0.030434782608699
-0.694370510396974
-1.31627032136102
0.240909262759929
-0.900459357277877
0.193756143667305
-1.09218525519846
-0.375013232514176
-1.21909451795841
-0.112534971644612
-0.833720226843095
0.0611058601134242
0.191247637051042
0.250559546313805
0.592826086956523
0.613147448015127
0.538277882797737
-0.301137996219279
-0.390294896030243
0.209253308128549
-0.488788279773153
-0.918574669187143
-0.974756143667292
0.276629489603025
-0.348584120982986
0.0269092627599267
0.374621928166354
-0.145761814744799
0.523930056710777
-0.643941398865782
0.34418336483932
-1.09491304347826
0.200224952741021
-0.905340264650279
0.283654064272214
-1.12411153119089
0.529024574669191
-0.57489224952741
-0.0414064272211722
-0.781888468809073
-0.520572778827977
-0.46361247637051
-0.996092627599243
-0.936640831758035
0.526880907372401
-0.844153119092628
-0.172593572778827
-0.596436672967864
0.698007561436673
-0.653820415879016
0.575584120982988
0.832837429111532
0.450412098298678
0.676351606805293
-0.193018903591681
0.0118090737240076
-0.475340264650284
-0.529100189035916
-0.00318903591682414
0.352349716446126
0.921158790170133
0.0563572778827977
0.651096408317581
0.556644612476371
-0.959081285444234
-0.483190926275992
-0.749759924385633
0.792240075614367
-0.736362948960302
0.917260869565218
-0.689088846880907
0.316856332703214
-0.965362948960302
-0.443945179584121
-0.126088846880907
-0.943890359168242
-0.778814744801512
-0.997
0.819637051039698
-0.491671077504726
-0.705979206049149
0.106637051039698
0.324
0.31952741020794
-0.156671077504726
0.629493383742911
-0.415362948960302
0.65052741020794
0.305109640831758
-0.648814744801512
0.449
0.108691871455577
0.502911153119093
0.74754820415879
-0.679
0.46554820415879
0.00721928166351607
-0.465362948960303
-0.909506616257089
0.129637051039698
-0.946
0.104164461247637
-0.805253308128544
0.775493383742911
-0.925979206049149
-0.68645179584121
0.847767485822306
-0.065
-0.122
-0.191
-0.19
-0.398
-0.259
-0.417
0.064
-0.143
0.773
-0.65
-0.264
-0.565
0.961
-0.389
-0.503
0.902
-0.511
0.206
0.812
-0.72
-0.765
0.406
0.047
0.695
0.903
-0.31
-0.54
0.195
-0.09
0.539
0.237
-0.474
0.777
0.651
-0.228
-0.503
0.553
-0.153
-0.629
-0.073
-0.308
0.463
0.702
-0.339
0.8
0.663
0.17
0.442
-0.391
-0.704
0.294
-0.124
-0.49
0.58
-0.301
0.472
0.762
0.114
-0.301
-0.95
-0.878
0.868
0.947
-0.767
0.112
-0.79
-0.342
-0.69
0.838
0.999
-0.651
0.642
-0.166
-0.116
0.587
-0.228
0.703
-0.615
0.895
-0.761
0.52
0.018
-0.414
-0.387
-0.755
-0.64
-0.985
-0.804
-0.049
0.3
-0.265
-0.561
-0.852
-0.679
-0.196
-0.176
0.515
0.468
0.548
0.589
0.005
-0.14
0.603
-0.391
0.947
0.652
-0.958
0.626
0.993
0.927
0.768
0.376
0.219
-0.541
-0.471
0.104
0.282
0.333
0.988
-0.248
-0.805
-0.538
0.358
-0.462
0.264
0.91
0.494
-0.487
-0.921
-0.237
0.256
-0.765
-0.163
-0.695
0.234
-0.341
0.414
0.976
