-2.24378449905323
-1.61279395085206
-0.452137996219279
-0.9588317580338
-1.05404347826075
-1.51135916824353
-0.728824196597134
-0.741364839319427
-0.301105860113191
-1.69572778827978
0.252094517958476
-0.415775047258839
-1.50934593572859
-0.486720226843063
-0.253213610585969
-0.858431001890319
-0.232285444234383
-0.347992438563339
-0.51125897920604
-0.213412098298662
-0.253540642722108
-0.412198487712692
-0.455697542533099
-0.556950850661556
-0.825716446124718
-0.445525519848712
0.407412098298729
0.0573383742911453
-0.662744801512063
-0.127950850661585
-0.485355387523553
-1.11534782608659
0.0121417769376499
-0.665799621928119
-0.588353497164357
0.105835538752404
-0.648654064272137
-0.229805293005631
-0.41301323251408
0.349956521739215
0.139557655954671
0.0266578449906285
-0.313274102079359
-0.563922495274061
-0.0606994328921899
-0.128724007561385
0.0320548204159431
-0.231956521739085
0.0449111531191331
-0.0584007561436408
-0.500824196597311
-0.489480151228653
-0.393347826086913
0.463495274102268
0.164540642722164
0.0937448015123354
-0.331954631379869
-0.23545179584117
0.164616257088895
-0.211542533081227
0.0245179584121402
0.376353497164486
0.761172022684393
-0.377368620037797
-0.426818525519714
-0.331517958412027
0.40289603024579
-0.314245746691832
0.0689697542534345
0.235468809073806
0.426274102079422
0.369393194707061
-0.172219281663479
0.203056710775066
-0.308546313799591
0.00146502835542736
0.106597353497178
-0.188616257088825
-0.0719206049149241
0.394635160680535
0.268584120983035
0.389313799621961
0.78133081285435
0.669230623818621
0.0405879017013518
0.557472589792065
0.147037807183394
0.503223062381886
0.861948960302511
8.21960302457475
1.37068241965988
0.963924385633317
0.983650283553851
0.651553875236245
-0.0427637051039565
-0.329478260869562
0.91198865784501
0.580580340264658
-0.233984877126649
0.46458034026468
-0.393151228733448
0.172860113421552
0.398924385633302
0.553716446124756
-0.333028355387529
-0.0441304347826069
-0.33238374291117
-0.708408317580356
0.225255198487739
-0.26272778827977
-0.331432892249524
-0.269574669187144
0.571763705103969
0.0955406427221141
-0.828480151228739
0.474941398865789
-0.343068052930056
0.497368620037814
-0.131094517958408
-0.203627599243862
0.1740359168242
-0.0819508506616207
0.193370510396977
-0.148325141776936
0.192763705103975
0.837113421550094
0.237822306238178
0.108646502835537
0.579413988657848
-0.254115311909264
-0.209727788279776
-0.175361058601132
0.286862003780718
-0.169298676748582
0.180981096408317
0.768219281663512
0.878858223062385
0.449676748582235
-0.716550094517956
0.393319470699438
-0.189538752362952
0.323255198487711
0.852637051039697
0.653032136105863
-1.03166729678637
0.660996219281664
-0.235965973534972
-0.527351606805294
-0.628243856332706
0.44496030245747
-0.23835538752363
-0.537175803402648
-0.656
-0.839013232514178
-0.091835538752363
-0.43271077504726
0.849
-0.881862003780716
-0.906533081285442
-0.881862003780716
-0.0938620037807184
-0.297835538752362
-0.052
0.252
-0.054
-0.279
-0.996
0.018
0.588
-0.126
0.382
-0.978
0.496
0.115
0.243
0.097
-0.893
0.641
-0.628
0.544
-0.53
-0.888
-0.766
0.693
-0.754
0.93
-0.698
-0.179
0.767
-0.383
0.922
0.548
0.264
-0.7
-0.14
-0.81
-0.31
-0.398
-0.121
0.39
0.768
0.738
-0.199
0.347
-0.636
-0.232
0.049
0.229
-0.065
0.814
-0.483
-0.792
0.782
-0.408
0.684
-0.17
-0.53
0.254
0.006
0.015
-0.581
0.182
0.25
-0.029
-0.049
0.833
-0.243
0.196
-0.746
0.052
-0.594
0.504
-0.239
-0.018
0.775
-0.269
0.311
-0.113
0.329
0.478
-0.119
0.073
0.886
0.953
-0.901
0.713
0.766
-0.328
-0.385
-0.97
0.72
0.435
0.596
0.863
-0.029
-0.414
-0.513
0.829
-0.604
-0.469
-0.99
0.853
-0.026
0.883
0.407
0.012
0.447
-0.2
-0.183
-0.047
0.519
0.583
0.925
0.528
-0.866
0.346
0.296
0.297
-0.129
0.237
