-1.30763516068047
-1.33723629489612
-0.489616257088846
-0.164018903591678
0.715776937618168
0.131638941398881
0.228323251417775
-1.04242911153119
-1.3519432892248
-0.534370510396962
-0.349175803402648
-1.5612986767486
-0.857362948960288
-0.943805293005667
0.12859924385634
-0.752332703213604
-0.0956332703213564
-0.834582230623817
-0.914880907372399
-1.07911342155003
-1.16934782608691
0.223440453686199
-0.0233270321361055
0.273370510396982
0.339470699432892
0.322126654064278
-1.1393969754253
-1.1737240075614
-0.532750472589787
-0.134372400756142
0.336712665406433
-0.08121550094518
-1.32067485822305
-0.207655954631376
0.353226843100196
-0.686296786389411
-0.380538752362948
-1.23464650283554
0.0738109640831791
-1.39069376181472
-0.941888468809067
-0.817172022684306
-0.707854442344039
-0.399088846880907
-1.39993194706992
0.072979206049152
-1.31086578449901
-0.588190926275989
-0.86109262759924
0.356425330812858
0.0516086956521786
0.30532703213611
0.591079395085072
0.0155444234404547
0.701226843100194
-0.424742911153115
-0.288862003780715
-0.54039697542533
0.381143667296791
-1.08419281663516
0.252550094517961
-0.231277882797728
-0.119792060491494
-0.350841209829866
-0.289379962192812
0.267429111531196
0.731911153119096
0.0458903591682446
-0.625009451795836
-0.581189035916822
0.303482041587902
0.0449130434782635
-0.306786389413987
-0.505810964083174
0.588145557655955
0.181323251417771
-0.0167750472589788
-1.01512476370511
0.391638941398866
-1.1167788279773
0.359362948960302
0.101858223062385
0.563967863894143
0.314455576559548
0.5975179584121
-0.990353497164459
0.169332703213612
-0.573459357277881
0.112383742911154
-0.226338374291114
0.585969754253307
-0.965850661625709
-0.641837429111531
0.21796786389414
-0.761918714555764
0.189618147448015
0.321051039697543
0.481361058601135
-1.05725141776936
-0.795015122873344
0.39110775047259
-0.306243856332702
-0.904107750472588
0.500287334593572
0.830353497164463
-0.9498809073724
-0.330703213610584
0.249536862003782
0.325737240075615
-0.538697542533079
0.560786389413989
-0.233567107750472
-0.0407863894139887
0.297544423440453
-0.645351606805293
-0.925395085066162
0.415056710775049
0.686207939508506
0.0823043478260864
-0.134092627599244
-0.689293005671076
0.321438563327033
0.881049149338375
0.434449905482042
0.0346370510396975
0.347727788279774
-0.282058601134214
0.541826086956521
-0.815780718336484
-0.501283553875236
-1.02494328922495
0.48437807183365
-0.963599243856333
0.265994328922497
-0.370890359168242
-0.247964083175803
0.177461247637052
0.765421550094519
0.317695652173913
0.456189035916825
0.155984877126654
0.955712665406428
0.173054820415878
-0.140506616257088
0.147657844990548
-0.110519848771267
0.229
0.122
-0.227
-0.699
0.766
0.658
-0.532
0.031
-0.964
-0.755
-0.132
-0.443
-0.299
-0.429
0.318
0.057
0.156
-0.164
-0.545
-0.771
-0.348
0.696
-0.212
0.708
-0.109
0.582
-0.683
0.585
0.63
-0.602
-0.846
0.057
-0.554
-0.879
-0.817
0.706
-0.079
0.887
-0.118
-0.613
0.066
0.133
0.272
-0.615
0.944
-0.294
0.2
-0.112
-0.712
-0.703
-0.189
-0.662
-0.588
-0.071
-0.738
0.532
-0.667
0.065
0.41
-0.817
0.34
-0.118
0.4
0.638
-0.91
0.81
-0.89
-0.42
-0.613
0.611
-0.864
0.269
0.953
-0.932
0.163
0.519
-0.576
-0.598
0.763
-0.816
-0.618
0.428
0.297
0.333
0.586
0.816
-0.355
0.517
0.858
-0.349
0.372
0.856
-0.524
-0.302
0.046
-0.817
0.732
0.634
-0.705
-0.867
-0.405
-0.38
-0.5
-0.324
-0.84
0.541
-0.616
-0.657
0.766
-0.257
0.108
0.931
0.301
0.225
0.801
0.912
0.585
-0.933
-0.949
-0.726
0.165
-0.407
-0.279
0.736
-0.762
-0.721
-0.208
0.255
0.022
-0.021
0.786
-0.211
-0.893
0.629
