-0.894432892249381
-1.64268809073827
4.40742911153111
-1.79286011342345
4.31863516068074
-0.181502835538559
2.23657277882827
0.13148015122872
-1.35739319470663
1.04739697542535
0.0713137996219574
-2.2027599243864
-1.98427788279776
0.393429111531277
-0.538079395084662
-1.03665028355384
-0.32066540642721
0.395493383742945
-0.941531190926282
-1.32323251417751
-0.832971644612405
-0.469969754253298
-1.2590132325141
-0.894930056710687
0.755752362948988
0.243376181474537
-0.825113421550039
-0.0154952741020736
0.370975425330901
-0.041073724007531
-1.81049905482031
-0.711374291115278
1.34283931947071
-0.16586578449905
0.971291115311953
0.405765595463186
0.0997485822306646
-0.816217391304294
-0.522750472589763
-0.852158790170078
-1.05040453686196
-0.0972741020793811
-0.186939508506574
-1.25448015122843
0.0714272211720591
0.253455576559596
-0.91055198487711
-0.715463137996153
-0.148557655954623
-0.717332703213546
-0.593788279773121
-0.299693761814711
-0.231162570888437
-0.571249527410198
0.29672967863898
-0.0709659735349624
-0.544827977315643
-0.269056710775043
-0.438499054820368
-0.282546313799597
0.125179584121009
-0.396852551984868
-0.606697542533073
-0.413200378071827
0.57575992438566
-0.131773156899808
-0.284784499054811
-0.441285444234408
-0.604854442344034
0.630351606805298
-0.146795841209832
1.09379584120981
-0.499580340264635
0.286754253308132
0.0263213610585993
-0.814202268430993
-0.240969754253307
0.737905482041602
-0.196508506616252
-0.82479017013232
-0.645221172022693
-0.39467674858221
-0.202948960302462
0.0721852551984905
-0.529098298676753
0.495283553875237
0.159147448015126
-0.187045368620036
-0.210705103969754
0.408986767485826
0.140047258979215
-0.00648582230623759
0.47199810964082
-0.44016446124765
0.132247637051035
-0.186215500945184
0.693260869565224
0.378907372400752
0.57051606805293
-0.494342155009455
0.0542533081285422
0.205064272211722
-0.383820415879023
-0.114502835538749
0.518782608695652
-0.423879017013234
-0.905083175803396
-0.351620037807176
0.68881852551984
-0.185909262759919
-0.460958412098308
0.0494971644612472
-0.646272211720224
0.666954631379951
-0.48237051039697
0.37896975425331
-0.952937618147453
-0.20067674858224
0.18673156899811
0.442425330812857
-0.967251417769374
0.947156899810953
0.526035916824199
-0.547867674858232
-0.584837429111538
-0.270327032136102
1.1572419659735
0.619168241965972
-0.61445179584121
-0.372584120982988
-0.494285444234406
0.698593572778829
-0.53162570888469
-0.172920604914933
-0.99582797731569
0.204952741020794
0.535457466918715
0.205032136105862
0.516068052930057
0.658485822306239
0.290671077504726
-0.479780718336484
-0.163253308128544
0.919856332703214
0.109020793950851
-0.333362948960303
-0.912671077504726
0.639164461247637
-0.699759924385633
0.145
-0.876
-0.134
0.858
0.689
0.911
-0.374
0.214
-0.862
-0.318
0.04
-0.748
-0.701
-0.629
0.008
-0.711
-0.308
-0.685
0.442
0.727
0.263
0.792
-0.304
0.098
0.498
0.931
0.582
0.082
0.661
0.414
0.68
-0.55
-0.654
0.447
0.25
-0.317
0.721
-0.994
-0.059
0.064
0.407
-0.984
0.594
-0.304
-0.291
0.638
0.236
-0.848
0.833
0.637
-0.575
-0.647
-0.35
0.914
0.049
0.353
0.428
0.767
-0.64
0.757
-0.672
0.543
0.552
-0.276
0.002
-0.41
0.906
-0.149
0.121
-0.676
-0.433
-0.314
0.374
-0.622
-0.681
0.247
-0.803
-1
-0.611
0.86
-0.305
0.429
0.248
-0.976
-0.012
0.326
0.8
-0.568
-0.602
0.896
0.255
0.953
0.646
0.183
-0.265
0.863
-0.536
-0.131
0.693
-0.881
0.732
-0.615
0.03
0.508
0.069
0.738
-0.021
-0.728
0.594
0.801
0.155
0.428
0.378
-0.5
0.062
-0.101
-0.705
0.528
0.736
0.675
-0.211
0.473
-0.548
0.224
0.069
-0.386
0.04
-0.809
0.642
-0.544
-0.218
