-0.802776937618137
-0.0655595463137898
-0.104136105860113
-1.12291115311915
0.0968582230623935
-1.67900756143685
0.375289224952749
-1.1389810964083
0.0383345935727925
-0.584905482041579
0.160202268431007
-0.439907372400754
-1.18465784499054
-0.0821758034026471
-0.617232514177681
-0.353240075614362
-1.02251039697542
-0.0991776937618131
0.0720756143667368
-1.41950850661618
-0.624627599243856
-1.41062570888469
0.286996219281668
-0.956281663516067
-1.17022306238183
0.126691871455584
-0.679221172022676
-0.485421550094512
-0.168603024574666
-0.591599243856321
-0.684359168241966
-1.17774669187138
0.0318846880907392
-0.00102268431001537
0.201162570888474
-1.32909262759922
-0.434296786389413
-0.533637051039696
-0.512427221172024
-1.30685444234401
-0.506771266540643
-0.675697542533077
-0.511497164461246
0.00155765595462931
-1.22524196597349
-0.754094517958411
0.166871455576563
0.0873137996219284
-0.819638941398861
0.704162570888473
-0.808981096408314
-1.15357466918713
-0.121449905482042
-1.06711909262758
-0.485030245746688
0.34739697542533
0.629958412098301
-1.00329678638941
-0.916298676748579
0.102491493383745
0.0932589792060517
-0.898795841209828
-0.170756143667296
-0.23826843100189
-0.98850283553875
-0.0339792060491494
0.442196597353499
-0.19644990548204
0.512448015122877
-0.32878260869565
-1.03950850661625
0.445909262759924
-0.386427221172023
0.413846880907373
0.0452022684310019
-1.05389981096408
0.0361266540642727
-0.842215500945179
-0.582173913043478
0.414684310018905
-0.904546313799622
0.140364839319472
-0.268807183364839
0.35549527410208
-0.612485822306238
-0.216039697542532
0.0532892249527416
0.675035916824198
-0.0594706994328923
-0.982718336483931
-0.846156899810964
-0.23965595463138
-0.27518336483932
0.577897920604915
-0.34718336483932
-0.496499054820417
0.847610586011342
0.811310018903592
0.412500945179584
-0.0820945179584121
0.14917202268431
-0.188245746691872
0.904733459357278
0.445289224952741
0.693049149338374
-0.270540642722117
0.32164461247637
0.598918714555766
-0.144930056710775
-0.449143667296786
-0.614115311909263
0.561911153119093
0.576986767485822
-0.485574669187146
0.104809073724008
-0.916198487712665
0.521185255198488
0.533767485822307
-0.476916824196597
0.305986767485822
-0.894979206049149
0.880054820415879
0.859240075614367
0.540007561436673
-0.324362948960302
0.325383742911153
-0.170266540642722
0.142480151228733
-0.136
-0.38835538752363
-0.792342155009452
0.267349716446125
-0.180519848771267
0.588294896030246
-0.538890359168242
0.306856332703214
0.260678638941399
0.240007561436673
0.664281663516068
0.626336483931947
0.444775047258979
0.478
-0.172
-0.548
0.62
-0.392
0.224
-0.758
-0.534
-0.379
0.004
-0.664
0.318
-0.876
-0.147
0.296
-0.031
-0.641
-0.176
-0.595
0.895
-0.818
-0.233
-0.733
-0.663
0.145
-0.276
0.992
-0.924
0.822
-0.193
-0.733
0.851
-0.099
0.839
-0.365
0.052
0.419
0.946
-0.931
-0.892
-0.392
-0.298
-0.757
0.635
0.882
0.964
-0.28
-0.252
0.166
-0.657
-0.079
-0.559
0.29
0.763
0.302
-0.289
-0.44
-0.886
-0.526
0.883
0.231
-0.834
-0.357
0.813
-0.263
-0.515
-0.584
-0.715
-0.783
-0.756
0.549
-0.588
-0.245
-0.704
0.286
0.479
-0.476
-0.368
-0.546
0.181
-0.997
0.244
-0.091
0.479
0.886
0.825
-0.439
0.138
-0.463
0.924
-0.509
0.304
0.471
-0.815
-0.124
-0.558
-0.941
-0.571
-0.103
0.397
0.547
-0.565
-0.47
-0.078
-0.207
-0.492
0.686
-0.007
-0.524
0.822
-0.814
0.928
0.66
0.293
0.88
0.987
0.256
0.164
0.927
-0.088
0.923
0.278
0.747
-0.707
0.752
-0.755
-0.059
-0.431
0.42
-0.157
0.42
-0.906
0.735
0.057
0.634
0.567
-0.287
0.987
-0.315
