-0.867964083175744
-1.06632703213609
0.48973345935728
-1.05899432892239
-1.04072400756152
-0.133302457466865
-0.569482041587813
-1.64115311909266
-1.55867296786307
-0.976674858222983
-0.659525519848764
-1.35694328922496
-0.427871455576477
-0.260098298676741
-0.949782608695592
-0.63973913043474
-0.453370510396931
-0.15279773156899
-1.25036862003769
-1.33968241965946
-0.970075614366691
0.737190926276028
-0.321376181474469
-0.351827977315658
-0.856364839319342
-0.111173913043454
-0.227017013232487
-1.7142741020793
0.11961058601138
-1.14519092627607
-0.48010207939506
-1.92617391304339
-0.0956786389413805
-0.154812854442329
-0.0272249527409977
-0.499610586011348
-0.0905085066162457
-0.610956521739055
-0.362782608695616
-1.21389413988661
-0.663614366729651
-0.186584120982974
-0.0861644612476237
-0.142824196597341
-0.349614366729618
-0.787894139886531
-1.51791871455563
-0.988096408317543
0.180982986767513
-1.02789603024574
-1.01418525519845
0.0740793950850916
-0.0718733459357058
0.66944990548209
-0.656032136105829
0.835716446124796
-0.0771814744801247
-0.160856332703194
-0.133158790170109
-0.423461247637009
-1.35435538752354
-0.713485822306196
-0.660102079395065
0.363928166351639
0.376773156899847
-0.935147448015109
-0.493778827977296
0.0416862003780842
-0.307124763705066
-0.469130434782585
0.00222684310020396
-1.37029678638928
0.153691871455604
0.821748582230658
0.857958412098364
-0.0760245746691846
-0.748950850661607
-0.285884688090717
0.042682419659737
-0.783553875236228
0.729051039697582
0.3688298676749
-0.478960302457469
-0.530187145557613
0.864213610586037
-0.0480926275992227
0.559633270321395
0.0292400756143856
0.670351606805333
-0.463603024574657
0.165945179584123
0.631784499054858
-1.37719092627596
0.0252344045368801
-0.642674858223047
-1.46530623818528
-0.378143667296764
0.055105860113452
0.199211720226868
0.0675198487712887
-0.298368620037815
0.74663327032139
-0.00333270321360715
-0.796483931947053
1.71840453686195
-0.0654385633270301
-0.0380793950850572
-0.170559546313781
-0.639831758033987
0.63785633270325
0.645158790170161
-0.0843024574669081
0.417862003780733
-0.663459357277856
-0.725291115311883
0.626531190926308
0.775816635160698
-0.367155009451788
-0.885973534971642
-0.464603024574667
0.454179584121009
0.701406427221198
0.16008695652176
1.29825519848774
1.35689035916818
0.21779584120984
-0.863198487712655
-0.506703213610579
1.55699621928144
0.281621928166374
0.549701323251433
-0.0181947069943178
1.55076559546304
1.43782797731562
0.259088846880939
-0.283650283553867
1.0408223062382
0.303818525519869
0.285852551984914
0.752903591682443
0.197871455576579
0.825601134215526
-0.856448015122867
1.17043667296774
1.04619281663505
0.236542533081294
0.637780718336493
-0.199608695652172
2.0203194706994
2.11500945179609
0.227158790170133
0.566988657844985
0.339
0.839618147448015
-0.977396975425327
0.752060491493382
-0.474
0.604839319470702
-0.47095463137996
-0.917160680529298
-0.600160680529298
0.727603024574673
0.237
0.018
0.495
0.816
0.13
-0.028
-0.183
0.918
0.71
-0.597
-0.43
0.096
0.518
-0.009
-0.005
-0.526
-0.722
-0.934
-0.618
-0.942
0.144
-0.292
0.958
-0.506
-0.964
0.343
0.625
0.291
-0.796
0.815
-0.755
-0.814
-0.552
0.018
0.279
0.022
-0.637
0.768
-0.842
-0.839
0.265
0.763
0.25
-0.38
-0.418
-0.758
-0.617
0.041
-0.035
-0.949
0.461
-0.382
0.836
-0.524
-0.407
-0.472
0.059
0.001
0.779
0.786
0.346
0.526
0.713
0.895
-0.842
-0.616
-0.353
-0.5
0.712
0.972
-0.889
-0.491
0.907
-0.78
-0.208
0.381
0.458
0.338
0.912
0.793
-0.04
-0.416
-0.674
-0.848
-0.647
0.626
-0.651
0.972
-0.575
-0.25
0.962
0.362
0.989
-0.628
-0.186
0.739
-0.951
0.355
-0.538
-0.802
0.594
0.883
0.328
-0.008
0.94
-0.048
-0.289
0.616
0.683
0.211
0.07
0.721
0.088
0.986
-0.174
-0.238
0.199
0.561
