-0.577608695376848
-1.11337996177753
-0.999610586057813
-0.851344046231099
-0.253744801504437
-0.133449905504432
-1.18553686143846
-0.785047258809531
-0.965334591578902
-0.0107032142196983
-0.804627597238925
-0.791217390417665
-1.10245746862024
-0.197206045745877
-1.4284650273904
-0.185945177521433
-0.783792059007711
-1.9550207971481
-0.762366726768677
-0.122918713606525
-0.572625708607205
-0.737858223167269
-0.855136107764284
-1.05969376104047
-0.53957656109415
-0.578217387979702
-1.04121361520051
-0.652589791936544
-0.327389413406824
-1.07959924412459
-0.489835538843207
-0.89847259018418
0.179621926698022
-0.32532702925512
-1.54170320831945
0.0669470729481978
-1.7211871437153
-0.315924386911378
-0.752158791764544
0.640767489986412
-0.151948955919462
0.272192820755498
-0.310035919845307
0.212353499329996
-0.830533086297319
-0.329650282404513
-0.02409262537039
0.387952741887726
-0.640126652075571
0.0901153084706408
-1.04838184835592
0.00465973817011953
-0.679894140008354
0.133568995845024
-1.6432173927855
0.0337845013393021
-0.0988941343056197
-1.62417957901229
0.750181474955571
-0.556954637648163
-0.269984873224616
-0.636633269861409
-0.361068053570803
0.177489603736582
0.755967860424584
-0.303981098403992
0.0395028378302642
-0.262582230968929
0.824782609057711
0.327603027616935
-0.256393194296491
-0.778973540042685
-0.160525521474072
-0.00413421419602384
0.152517960726921
0.515145560389031
0.702321360872827
-0.542773161777116
0.191822305333295
-0.0925349796205098
-0.0328185226269268
0.373708882178319
0.0795897947794633
0.0485160658064883
-0.430839321460142
-1.0060264654273
0.264172019797817
-1.16595085337628
0.534714555492415
1.00338752636755
1.20983175660621
0.640461251507427
-0.0985330817255707
0.395100190190146
0.0516313787671659
0.398098296092425
0.508347825635667
-0.820606808940079
-0.198631381185456
0.425236294697596
0.410659736983572
0.841317580405108
-0.82927599486532
0.819597351824746
0.492389409511292
1.5132873349315
0.999582234053745
-0.398160684136259
1.46577882638811
0.971497168514111
1.21478071668726
0.108151223337092
5.01320416685007
0.723293006997797
1.87463516222242
1.83314934246991
0.587880904751343
0.72561625871703
1.65813232500884
1.12447070710978
0.212139888420704
-0.39478260959839
0.425151225842658
1.51066730158264
0.0154480147369626
-0.284338375164964
-0.419240075001041
-0.91106049262577
-0.557561441896864
0.168684308627372
-0.563720229898722
0.381663516558889
0.699706993638783
1.33458411851622
-0.170499057654896
-0.0170075624901774
0.93185255153139
-0.460809076607803
-0.0662741049328706
-0.893378073123742
0.692115310498737
0.815215498133951
0.306022685608606
-0.937168243360324
-0.351799622133807
0.368930057233313
-0.195049150451047
-0.255482041182278
0.58785633298914
-0.200003783476058
-0.780196596888707
0.0833856345238234
-0.458
0.764177693930844
0.784362948988458
-0.452741020230591
-0.337
-0.414281663149895
-0.384555765172934
-0.804281663149895
0.738718336850105
0.0723629489884725
0.436
-0.479
-0.43
0.66
0.297
-0.466
0.528
-0.775
-0.542
-0.443
-0.36
0.755
-0.996
-0.913
0.756
-0.353
0.23
0.802
-0.671
0.793
0.686
-0.513
0.202
-0.737
-0.267
0.255
-0.952
-0.011
-0.357
-0.105
-0.447
-0.287
-0.701
-0.994
-0.806
-0.538
0.602
0.001
-0.931
-0.773
-0.229
-0.232
0.804
0.486
-0.981
-0.214
0.746
0.695
-0.257
-0.984
0.325
-0.223
0.836
0.915
0.383
-0.051
0.319
-0.694
-0.073
-0.959
-0.514
-0.461
0.582
0.562
-0.996
0.927
0.456
0.997
0.892
0.294
0.044
-0.772
0.732
-0.898
0.021
-0.082
-0.318
0.715
-0.756
0.946
0.508
-0.648
-0.755
-0.373
0.57
0.775
-0.124
-0.616
-0.378
0.244
0.142
0.295
-0.926
-0.973
0.74
-0.768
0.186
-0.759
0.482
-0.909
0.33
0.748
0.802
0.449
-0.029
0.096
0.045
0.734
-0.107
-0.536
-0.733
0.604
-0.938
-0.02
-0.467
-0.867
-0.707
-0.046
