-1.6516049164424
-0.568971645070118
0.904748582047564
-1.00636106019822
-0.160383745828555
-0.845620038668629
-0.443657846612081
-1.12095841004268
-0.783735350388569
-1.0444612506622
-1.0527107725119
-0.507869567511636
-1.20087712901721
-0.0966351553735949
-0.67590548059999
0.00354064088836689
-0.977964079239461
-0.336459352381378
-0.0387599231624024
-0.385896031104741
0.16332703332075
-0.57262003815071
-1.29520794317387
-0.0882514170327639
-0.707640836540164
-1.01623629873245
-0.542875234036431
-0.44753497452978
-0.895064277049501
-0.154542532155974
-1.01487712686668
-0.3419602985784
-1.10055765356671
-1.01674479864325
-1.2898752374936
0.288030245354467
-0.0155671058906063
-0.482438562791081
-0.607476371924417
-0.0989432830517486
0.0944914964062396
0.0509848744513912
-1.0856729697436
-0.513833647674039
-0.568691873660874
-0.144597350863366
-0.498120982870409
-0.0133440425636433
-0.103395086928783
0.284965976278568
-0.503597350795056
0.312952742684778
-0.304476366904678
-0.627650285401835
0.217555761655514
0.701489598339593
-0.281805292578897
-1.17283176055909
0.437858221152804
-1.03167863506266
0.66303213437077
0.457319478973898
-0.390071833123168
-0.458500949768252
0.478402646366403
-0.0966748609420874
-0.166716447643133
-1.73343100515253
0.0498090775655496
-0.294661628732108
0.241272210125949
-0.374739137586134
-0.517695652404113
0.167926276345941
0.465217390217868
-0.199196595628183
-0.276502832816255
0.381480152897859
0.19362570832765
0.611523626577042
0.443935730037728
0.534362949929358
0.616020794574257
-0.387646504770767
-0.31611531818239
0.689034027129146
-0.0397051046310089
0.442349718242701
-0.323958419977681
0.324931951797309
-0.307676750483547
0.716527412834716
0.207247635011053
0.72022495567127
0.675406429943017
0.456304349048706
1.28589792476874
-0.0527466943566084
0.654361057451196
0.405156900318366
-0.936103968895008
0.395896037010498
0.119400764018231
0.691353498967982
0.249128542667864
0.764801507895274
1.9261512275734
-0.503601138124541
0.556612473463501
0.770438560946134
7.07293572773066
1.29734782781388
1.38236106101902
0.203973535842085
0.856143668361611
-0.133287327250721
-0.132661629718677
-0.108001890021099
0.153030246636143
0.151419658393165
-0.251069945224316
-0.299007559764211
0.504366726160527
1.22185255552634
-0.351729680597352
-1.09099244074843
0.278788277685888
0.482117200182515
-0.719814743552195
0.360228734287526
-0.243553873153209
-0.275741019044025
0.430001891454925
0.866391305213317
0.519792058396453
0.242266544747574
-0.749979207806192
0.171075610534399
-0.0758657879039293
1.17966162453599
0.632542532238383
-0.28351228835008
-0.296729676584062
-0.390379961256925
0.439378073712528
0.0340510394940227
-0.0904158785480052
-0.571544423105967
0.320603027200687
-0.153884688526627
-0.353756144039099
-0.937621928822657
-0.115
-0.093190926064726
-0.62019848767746
0.865030246450904
-0.24
-0.0605803398069132
0.050022684838178
0.438419660193079
0.57641966019308
0.280801512322544
0.388
0.853
-0.487
-0.825
0.419
0.211
0.333
-0.297
-0.331
-0.764
-0.876
-0.348
0.058
0.777
0.78
0.023
-0.649
0.567
0.979
0.518
-0.096
-0.689
-0.489
-0.323
0.166
0.96
0.489
0.835
-0.814
0.126
-0.998
-0.308
-0.715
-0.526
-0.67
-0.083
-0.797
0.264
-0.997
0.669
0.099
-0.648
0.911
-0.39
-0.563
-0.768
0.88
-0.392
-0.811
0.737
-0.344
0.56
0.526
-0.874
-0.618
0.076
0.341
0.835
0.008
0.459
0.722
0.497
-0.483
0.543
-0.767
0.432
-0.633
-0.416
0.446
-0.137
-0.18
0.086
0.564
-0.69
-0.582
-0.449
-0.6
0.9
-0.76
-0.067
-0.921
-0.12
0.646
-0.551
-0.53
-0.558
0.165
-0.841
-0.909
0.254
0.575
-0.632
-0.745
-0.456
0.946
0.601
0.835
-0.633
-0.623
0.004
0.865
0.295
0.161
0.326
-0.083
0.569
0.996
0.216
0.707
0.83
-0.324
0.44
0.594
-0.925
0.379
-0.159
0.85
-0.932
