-2.77288468808978
-1.70487334593952
-0.730965973534915
-1.86553308128803
-0.360703213610525
-2.42091115312332
1.04236483931966
-0.490194706994396
-1.51341965973388
-0.373875236294494
0.266905482041608
-1.84533270321321
0.577877126654447
0.62467485822323
-0.378404536861635
-0.573179584120966
-1.10530623818507
0.228387523629584
-0.416241965973307
-0.620926275992319
-2.1873894139879
-0.310230623818602
-0.386597353497063
-0.619657844990533
-0.336597353496989
0.452342155009608
0.756007561436818
-0.264587901700923
-0.322676748581988
-0.482345935727728
0.0134026465029812
0.364155009452277
-0.971086956521496
0.219310018903739
-0.432319470699311
0.851071833648518
0.725487712665571
-0.256964083175675
-0.0542741020793047
1.05815122873367
-0.206873345935581
-0.678189035916706
0.00237807183383045
0.405037807183695
-0.24484688090719
0.0432173913044626
-0.176625708884585
-0.0738941398864419
-0.0526786389412843
-0.285387523629359
-0.163680529300448
-0.0486275992437485
-0.474285444234405
0.0166313799623132
0.32877882797747
0.370049149338663
0.0886238185256574
0.002586011342254
-0.148973534971447
-0.74362948960304
-0.36459168241955
-0.344330812854208
0.549345935727935
-0.140296786389295
0.0810037807183998
-0.386056710775033
0.0983440453686682
-0.0545311909261182
-0.103268431001795
0.46712098298707
0.485776937618394
0.218710775047344
0.31001701323263
0.161712665406507
0.922431001890543
0.449684310019126
-0.817807183364688
0.0674782608696226
-0.275149338374284
-0.318905482041468
-0.0294045368619551
-0.111079395084901
0.161436672967973
0.684355387523984
-0.504448015122857
-0.0457202268428936
-0.0340151228732817
0.250884688090894
-0.417597353497156
-0.495657844990498
-0.11473345935703
0.643506616257253
0.935487712665024
0.369357277882926
1.07344423440432
0.609047258979569
0.490274102079536
13.8056635160995
1.39014177693777
0.395463137996208
1.02096030245832
0.259758034026506
-0.282589792060478
1.06006805293032
-0.201748582230608
0.0655689981096237
0.634211720226832
0.247272211720278
-0.149183364839318
0.0974310018903661
-0.189325141776936
-0.491196597353542
1.46671644612461
-0.438818525519838
-0.683034026465019
1.25168620037835
0.145933837429119
-1.1723988657842
0.364096408317594
-0.179514177693793
-0.51466729678638
-0.154958412098325
-1.03632703213608
-0.409122873345943
-0.214041587901654
0.245862003780724
0.261011342155041
-0.824045368619996
-0.328137996219261
-1.15973345935724
0.637994328922533
0.188383742911187
0.079928166351594
0.151693761814787
-0.0521134215500979
-0.146495274102064
0.92192816635164
0.189742911153168
0.865255198487737
0.286315689981132
-0.344920604914923
-0.732610586011336
-0.221860113421531
0.671172022684297
-0.104119092627604
-0.331058601134225
-0.232472589792064
0.246179584120982
0.287213610586009
0.446049149338379
-0.657869565217393
-0.116682419659738
0.391
-0.220986767485822
-0.0771644612476371
0.765710775047261
0.9
0.120862003780716
-0.432466918714558
0.552862003780716
-0.555137996219284
0.343835538752372
-0.702
-0.162
-0.603
-0.752
0.875
-0.358
0.377
-0.201
0.997
-0.325
0.339
0.074
-0.251
-0.602
-0.021
-0.673
-0.944
0.237
0.941
0.374
-0.064
-0.856
0.716
0.705
-0.196
-0.555
-0.946
0.099
-0.125
0.216
-0.47
0.414
0.15
-0.289
-0.818
0.795
0.302
-0.449
-0.595
-0.625
0.923
-0.465
0.243
0.927
-0.864
-0.684
-0.987
-0.479
-0.27
0.572
0.028
0.287
0.575
0.034
-0.595
-0.847
0.122
-0.309
0.443
0.429
-0.412
-0.723
0.923
-0.219
-0.856
0.925
0.924
-0.963
-0.784
0.183
0.025
0.504
-0.169
0.565
0.451
-0.6
-0.099
0.788
0.569
-0.513
-0.568
0.532
-0.631
0.303
-0.813
0.242
0.838
-0.884
-0.694
-0.971
-0.328
-0.39
0.107
-0.024
0.787
0.645
-0.388
-0.539
0.782
-0.789
-0.608
0.975
-0.695
0.546
-0.453
0.523
-0.545
-0.991
0.583
-0.995
0.251
0.334
0.122
-0.045
-0.004
0.055
0.908
-0.38
