-0.803999999999986
-0.392109640831743
0.404637051039697
-0.752085066162551
0.0181247637051036
0.0262986767485972
-0.373457466918716
-0.403807183364844
-1.1219678638941
-1.02788279773156
-0.757557655954629
-1.50238374291117
-0.506175803402633
-0.166846880907367
-1.00008506616256
-1.11425708884689
-1.20706427221169
-0.353905482041589
-1.18442344045366
-0.486973534971639
-1.26127032136106
-0.18503780718336
-1.32407750472588
-0.300584120982982
-0.512799621928165
-0.298243856332698
0.323207939508512
-0.823737240075606
-0.916731568998099
-1.26584688090735
-0.86240075614366
-0.925555765595456
0.0694045368620097
0.0233875236294943
0.383451795841219
-0.644111531190919
0.407060491493389
0.304482041587908
0.0625689981096428
0.296185255198494
-0.654094517958409
-0.512724007561434
-0.284463137996215
-0.712909262759916
-0.0165689981096378
-0.820529300567101
0.0729300567107808
0.386213610586016
0.162215500945186
-0.337241965973531
-0.152680529300566
-0.880003780718333
-0.261094517958407
-0.570459357277881
-0.647243856332701
-1.17194706994328
0.0690189035916836
-1.14307750472588
0.622190926275996
0.563478260869568
-1.17172778827977
0.733833648393198
-0.658625708884686
-0.673228733459356
0.526807183364842
-1.07963894139885
-0.72112665406427
0.305030245746692
0.188359168241969
0.447901701323252
-0.744907372400752
-0.616461247637051
0.291882797731572
-0.545880907372399
-0.820173913043478
-0.0803591682419659
-0.720990548204158
0.164351606805294
0.77789413988658
-0.697468809073722
0.391531190926276
0.563120982986769
0.205391304347827
0.750795841209831
-0.230896030245747
-0.778710775047259
0.453213610586012
0.0490718336483931
0.115756143667297
0.815741020793951
0.473069943289226
0.707982986767485
-0.99214933837429
0.771302457466918
0.670654064272213
-0.310005671077505
-0.480279773156899
-0.473238185255198
0.0740283553875238
0.232257088846881
-0.875922495274102
-0.680170132325142
-0.378232514177694
0.810667296786389
-0.612710775047259
-0.348601134215501
-0.0589924385633271
-0.520561436672968
-0.732381852551985
0.37162381852552
0.531085066162571
-0.992362948960302
-0.917663516068053
0.354631379962193
-0.832833648393195
-0.73490359168242
-0.327
-0.300780718336484
0.617631379962193
0.392947069943289
-0.42090359168242
0.230219281663516
-0.822122873345936
0.340482041587902
-0.916
-0.477465028355388
-0.566710775047259
0.627385633270321
-0.243
0.522385633270321
-0.528245746691871
0.77209640831758
-0.930052930056711
-0.47190359168242
-0.763
0.147315689981096
0.0599735349716446
0.252947069943289
0.283166351606805
-0.971614366729679
0.20413988657845
0.012
-0.159
0.823
-0.773
0.515
0.723
-0.343
0.571
0.509
-0.941
0.855
-0.08
0.647
-0.233
-0.031
-0.834
0.2
0.833
0.894
-0.781
0.264
0.73
-0.269
-0.111
0.844
0.872
0.566
0.163
0.069
0.19
0.352
0.347
0.558
-0.849
0.585
-0.607
-0.63
0.207
-0.431
-0.174
0.832
-0.868
0.247
0.539
-0.353
-0.129
-0.509
0.78
0.268
0.003
0.894
0.488
0.46
0.884
-0.955
0.282
-0.891
-0.066
-0.618
0.643
-0.844
0.494
-0.499
-0.681
-0.293
-0.493
0.361
0.496
0.182
-0.425
0.796
0.992
0.264
0.068
-0.613
0.132
-0.517
0.192
-0.758
-0.027
0.38
0.786
0.895
-0.934
0.296
0.864
0.887
0.674
-0.895
-0.697
-0.717
0.435
-0.175
-0.075
-0.331
-0.662
0.63
-0.072
-0.169
-0.861
0.509
-0.006
-0.402
-0.308
0.206
0.901
-0.777
-0.608
0.497
-0.088
-0.201
-0.083
-0.308
0.408
-0.738
-0.63
0.599
-0.566
0.022
-0.157
-0.381
0.687
0.39
-0.122
-0.709
-0.64
0.166
-0.662
-0.602
-0.952
0.502
0.554
-0.639
-0.898
0.464
-0.614
0.188
0.202
-0.141
