-3.87398676745889
-1.18230056715195
-0.830555765595446
-0.153999999993205
-1.28504914933864
-2.9537674858835
-1.10007372400324
-0.0269149338387233
-0.121463137989635
-1.10491115311965
-0.398100189034243
0.204621928171682
-0.614107750473591
-0.177899810963094
-0.185321361057113
0.187034026465872
0.225302457468123
-0.133648393194114
-0.306306238184169
0.251120982987093
-0.292336483931525
-0.269253308128378
-0.171493383742743
0.174884688091528
-0.10196597353386
-0.322196597351796
0.068918714557095
0.321296786390912
-0.0497693761796971
-0.0911115311897379
0.258378071836138
0.0930264650294981
-0.109652173912062
-0.0829773156886337
0.113708884689176
0.0444045368634682
-0.0129338374275792
-0.0229187145548755
0.0680888468823988
-0.113493383741972
-0.116311909261714
-0.205047258978192
0.182213610587784
-0.0885746691857037
-0.311601134214284
0.207423440455269
-0.0305009451787883
0.0910472589804268
0.049279773157708
0.0236862003787731
0.0172211720239604
0.11898298676905
0.244761814746486
0.0881134215510394
0.142894139888827
0.320069943291504
0.19991304347953
0.531839319473642
11.6435633271737
0.464786389415638
0.399336483934419
0.235947069944234
-0.0754990548197403
0.0915217391310002
0.208962192817438
0.319837429112267
0.171024574669613
-0.203153119092151
0.152625708885606
-0.102599243856027
0.256678638942091
0.154593572779379
-0.0453648393190976
-0.179162570888012
-0.00922117202242262
0.190120982987378
0.152030245747074
0.115514177694167
0.105105860113609
0.119249527410714
0.0414253308128994
0.0794782608699246
0.0437561436678246
-0.0961398865780597
-0.235931947069783
-0.279374291115222
-0.0567996219279393
-0.104247637050936
0.0902362948961804
-0.0287221172021472
0.0476502835539031
0.0138279773157732
-0.202871455576324
-0.115561436672829
-0.300164461247548
0.00212854442356615
0.426217391304724
-0.268476370510364
-0.543810964083004
0.364308128544605
-0.0718790170131779
-0.626024574669138
-0.344714555765552
-0.307060491493407
0.37523062381863
-0.00226654064269061
-0.0266332703213431
-0.596869565217446
0.101587901701413
0.482546313799665
0.496962192816678
0.196347826087
0.430931947069951
-0.171393194706987
0.258899810964136
0.216306238185268
0.326879017013276
0.209204158790216
0.500839319470719
0.233610586011319
-0.604041587901607
-0.319300567107745
-0.155865784499002
-0.0998979206049117
0.760903591682446
-0.128187145557646
0.361718336483916
0.943069943289271
-0.213119092627586
-0.349306238185266
1.2071379962193
-1.37722495274113
0.518020793950869
0.237489603024567
-0.23987334593573
0.855068052930093
-0.721419659735333
-0.598671077504752
-1.10989413988644
-0.62686011342153
-0.00793950850661161
-0.413616257088837
-0.425117202268441
0.241378071833652
-0.483623818525518
-0.0329678638941427
1.13246313799622
-0.832990548204157
1.07827977315689
-0.0770170132325162
0.581676748582228
0.226410207939499
0.457
0.833164461247637
-0.0184725897920606
-0.62645179584121
0.233
0.940856332703197
0.235911153119097
-0.505143667296783
-0.318143667296783
0.362527410207946
-0.027
-0.664
0.428
0.704
-0.135
0.839
-0.407
-0.238
-0.318
0.504
-0.594
0.907
-0.681
-0.465
-0.838
-0.049
-0.121
-0.149
0.504
0.818
0.456
-0.863
0.44
0.045
-0.046
0.441
0.626
-0.501
-0.894
0.014
-0.087
0.253
0.291
0.336
0.869
-0.789
0.362
-0.458
-0.725
0.948
0.668
0.027
-0.881
-0.721
0.292
0.55
0.516
-0.553
-0.78
-0.719
0.067
-0.608
-0.003
-0.131
0.907
-0.165
-0.104
-0.617
-0.251
0.424
-0.787
-0.907
-0.344
0.668
-0.41
0.153
-0.385
-0.017
-0.335
0.951
0.588
-0.663
-0.424
0.556
-0.851
-0.572
-0.982
0.161
0.752
0.404
0.924
0.178
-0.721
0.824
0.946
-0.479
-0.745
-0.578
0.429
0.033
0.315
-0.021
0.792
-0.149
0.735
0.575
-0.629
-0.55
0.688
-0.862
-0.066
-0.467
0.781
-0.731
-0.308
-0.27
0.816
0.44
-0.281
0.478
-0.183
0.734
-0.37
0.345
0.499
0.034
0.814
-0.169
