-0.608175803402638
-0.861289224952723
-0.962
-1.30125141776951
-0.967327032136078
-0.225251417769366
0.755672967863922
-0.453924385633272
-0.797085066162553
-0.992646502835531
-1.41486956521742
-1.7030529300567
-0.648217391304336
-0.838792060491483
-0.346982986767484
0.201035916824203
0.0861550094517944
0.206007561436673
-1.00671077504725
-1.32948960302451
-0.105340264650284
0.426761814744809
-0.106882797731571
-0.654614366729678
-0.166455576559543
0.0400812854442395
-0.0706616257088817
-1.38817769376177
0.187107750472597
0.0710245746691922
-1.10163516068051
-0.675472589792056
0.0133553875236304
-1.23006238185252
-1.15185822306235
-0.149130434782607
0.176960302457468
-0.841272211720226
-1.0860170132325
-1.24124196597352
-0.268100189035914
-0.409729678638944
-0.504812854442341
-1.43637429111532
-1.04021172022683
-1.06974669187146
-0.836149338374289
-0.532202268431
-1.20986956521737
-0.806514177693761
-0.942211720226841
-0.54786011342155
0.141017013232516
-0.268540642722116
0.535143667296789
0.594024574669189
0.144404536862003
-0.142034026465027
-0.350296786389414
-0.851035916824194
-1.14424763705103
0.423623818525519
0.177438563327034
0.13986956521739
-1.04182230623817
-0.270170132325142
-0.557618147448013
-0.508474480151229
-0.90007183364839
0.630069943289226
-1.21652741020793
0.0243081285444234
0.42860302457467
-0.773085066162567
-0.00326086956521664
-0.926706994328922
-0.0556654064272208
0.312005671077505
-0.766576559546313
-0.0267655954631381
-0.137474480151228
-0.492618147448013
-0.960026465028353
0.292716446124763
0.291591682419659
0.565317580340265
0.469899810964085
-0.454398865784499
-0.42872211720227
-0.814463137996218
0.816523629489604
-0.546317580340264
0.745737240075614
0.874604914933839
-1.05640642722116
0.304967863894141
0.648126654064272
0.285319470699434
0.852085066162571
0.314497164461247
0.652332703213611
-1.04931947069942
-0.47901134215501
-1.01905103969754
-0.760173913043477
-0.0251758034026464
0.0211190926275994
0.0690567107750472
0.635476370510398
0.440111531190927
-0.303578449905482
0.847521739130435
-0.362697542533081
0.459077504725898
0.194756143667298
0.336083175803404
0.597206049149339
0.954610586011343
0.921001890359169
-0.54003213610586
0.425809073724008
0.88207561436673
0.933007561436673
0.83021550094518
-1.00497920604915
0.388863894139887
0.280933837429112
0.633338374291115
-0.738
0.748009451795841
-0.550313799621928
0.676446124763706
0.475933837429111
-0.0565538752362948
0.473020793950851
-0.0296086956521739
-0.964457466918714
0.857701323251418
-0.0435727788279774
-0.767826086956522
-0.593852551984877
-0.577
-0.036
0.203
0.447
-0.963
0.934
-0.633
-0.34
-0.263
0.763
0.78
0.456
0.42
-0.996
0.903
-0.919
-0.34
-0.886
-0.029
0.692
0.384
-0.124
0.93
0.015
0.123
-0.67
0.699
-0.945
-0.71
0.284
0.661
-0.06
0.66
0.998
0.033
-0.072
-0.245
-0.502
0.966
0.487
-0.001
0.074
0.525
-0.921
-0.284
-0.746
-0.86
-0.027
0.579
-0.078
0.427
0.842
-0.921
-0.363
0.154
0.547
0.034
-0.813
-0.676
0.707
-0.766
-0.689
-0.631
0.452
-0.898
-0.161
0.795
0.422
-0.03
-0.026
0.325
-0.839
-0.852
0.484
-0.308
-0.691
0.35
0.85
-0.701
-0.132
-0.811
-0.274
-0.524
0.368
0.857
0.819
-0.139
0.022
-0.156
0.486
0.894
-0.432
-0.826
-0.742
0.252
-0.313
-0.296
-0.927
0.976
0.876
-0.541
-0.282
-0.998
-0.396
0.596
0.266
0.694
-0.405
0.945
-0.156
-0.804
0.183
0.888
0.455
0.517
0.507
0.835
0.001
0.595
-0.718
0.978
-0.228
-0.423
0.484
0.079
-0.243
0.986
0.889
-0.769
-0.995
0.605
0.277
0.873
-0.578
-0.591
0.47
-0.276
0.871
0.771
