-1.87030434782596
-0.292041587901692
-0.0207164461247636
-0.249618147448012
-0.381379962192819
-1.09007939508511
-0.413491493383742
0.170158790170126
-1.31972022684299
-0.724126654064267
-0.988722117202261
-0.694850661625701
-1.11444801512286
-0.563079395085065
-0.28395652173912
-0.0760529300567091
-1.009797731569
0.156565217391304
-0.400001890359161
-1.44104725897917
-0.223482041587897
-0.366434782608698
-0.880325141776933
-0.717243856332699
-0.292459357277878
-0.463616257088841
-0.598423440453679
-0.0335066162570881
-0.645359168241954
0.102113421550105
-0.653448015122864
0.0359716446124801
-0.172756143667294
-0.951285444234393
-0.233117202268427
-0.241731568998107
0.292217391304349
0.0882249527410239
-0.761939508506611
-0.736189035916818
-0.327448015122871
-0.110206049149338
-0.166338374291112
-0.075633270321362
-1.07797731568996
-1.20786767485821
-0.146559546313798
-1.23669565217388
0.0733629489603037
-0.956591682419657
-1.18947258979205
0.0440075614366761
0.366495274102085
0.423134215500945
-0.19200756143667
0.0839773156899839
-0.397120982986766
0.594393194706997
-1.0087258979206
0.268436672967867
-1.30125708884686
-0.429189035916822
-0.719453686200376
-0.416689981096407
0.388206049149342
-0.538926275992436
0.239665406427223
0.358576559546314
0.358073724007566
0.333483931947072
0.355682419659738
-0.224731568998108
-0.351816635160679
-0.791884688090733
-0.342387523629489
0.475098298676751
-1.17457655954632
-0.290041587901701
-0.96582608695652
-0.347351606805293
0.345041587901702
-0.830591682419659
-0.862068052930054
-0.0205803402646503
0.311907372400756
0.342714555765597
0.731330812854444
0.629952741020795
0.579986767485825
0.870941398865785
-0.442964083175802
0.519185255198489
0.421147448015123
0.162858223062383
-0.527086956521738
-0.887389413988657
-0.21027788279773
-0.798797731568997
0.769092627599244
0.561083175803402
-0.387096408317581
-1.06326465028355
-0.455355387523628
0.560294896030246
-0.745221172022683
0.0720661625708885
-0.595196597353496
0.472652173913044
-0.389542533081286
0.147584120982987
0.191446124763705
0.976568998109641
0.499727788279774
0.0285519848771266
0.615739130434783
0.414913043478261
-0.246232514177693
0.647007561436673
0.331421550094518
-0.724829867674858
0.039289224952741
0.606822306238185
0.755378071833649
0.280137996219282
0.11907561436673
0.895098298676748
0.347504725897921
0.616177693761815
0.604240075614367
-0.362843100189036
-0.175737240075614
0.640289224952741
-0.163158790170132
-0.522710775047259
-0.775
0.517947069943289
-1.10207939508507
-0.875158790170132
-0.600500945179584
-1.03384310018904
-0.37258034026465
-0.721
0.097
-0.371
-0.494
-0.378
-0.783
-0.624
0.394
0.307
0.382
0.223
-0.135
0.415
-0.249
0.222
-0.779
0.006
-0.305
-0.552
0.716
-0.374
0.909
0.944
-0.698
0.778
-0.046
0.029
-0.049
-0.743
0.49
-0.563
0.058
0.274
0.539
-0.184
-0.476
0.176
0.06
-0.494
0.766
0.144
-0.543
-0.69
0.482
0.692
-0.169
0.625
0.782
0.003
0.364
-0.006
0.634
-0.834
-0.524
-0.682
-0.631
0.153
-0.674
-0.272
0.667
0.187
0.425
0.136
0.816
-0.056
-0.835
0.59
0.875
0.934
-0.303
0.045
0.945
-0.812
-0.318
-0.428
-0.831
0.599
-0.539
-0.39
-0.053
0.328
0.247
0.947
-0.107
-0.505
-0.198
-0.109
-0.202
0.221
-0.553
0.371
-0.151
-0.668
-0.161
-0.422
0.719
0.32
-0.507
-0.463
0.526
0.24
0.75
0.847
-0.695
-0.682
0.049
0.446
0.483
0.904
-0.851
-0.231
-0.309
0.715
0.78
-0.662
0.939
0.477
-0.757
0.32
-0.859
0.273
-0.208
-0.346
0.487
0.326
-0.804
0.613
0.349
-0.896
-0.148
-0.152
0.106
0.924
0.084
0.706
0.578
0.399
0.642
-0.425
