-3.01324385632785
-1.01103024574841
-0.856977315689974
-1.88737051040272
-1.78992249527434
-1.05068809074179
-1.51521928166326
-0.704759924385776
0.0539319470702485
-0.946325141776574
-0.425272211720146
-0.676850661625812
-0.515563327031655
-0.457045368619945
0.202735349716596
-0.223538752362816
0.325695652174002
0.0427674858223126
-0.203068052929975
-0.102576559546312
-0.0999073724007212
-0.211795841209917
-0.133181474480105
-0.272684310018854
-0.638315689981002
-0.270224952740784
-0.475234404536656
-0.243756143667194
-0.33055576559531
-0.166950850661483
0.042400756143779
-0.241833648393072
0.111674858223232
-0.209818525519719
0.264395085066305
-0.386141776937525
-0.171669187145477
-0.208472589791932
-0.291504725897766
-0.0489300567106871
0.0591172022685006
0.0538676748583368
0.53060302457481
0.118400756143766
-0.106374291115195
-0.158381852551829
-0.294646502835448
-0.182476370510309
0.508837429111731
0.23711342155022
-0.395402646502673
-0.29122684310012
0.542311909262883
-0.128410207939434
0.254548204158959
0.193298676748678
0.0451190926277056
-0.35650472589788
0.456049149338487
0.182988657845053
0.0232627599244572
0.263453686200469
-0.00652930056701912
-0.177092627599166
0.173317580340317
0.531534971644617
7.89998298676772
0.433858223062425
0.564421550094548
0.493886578449952
0.204746691871481
0.260538752362981
0.456618147448089
0.494727788279798
0.255130434782621
0.393483931947067
0.145542533081307
0.0527655954631305
0.287321361058601
-0.161935727788272
-0.0615897920604879
0.485597353497184
0.450620037807192
-0.00723251417770682
0.0465047258979226
-0.0917580340264645
0.133151228733491
0.122355387523628
0.214689981096395
-0.272476370510412
0.30025330812854
-0.194181474480135
0.444591682419666
0.0652041587901567
-0.0457277882797809
0.189748582230628
0.000850661625706528
0.0148790170132385
-0.432098298676741
-0.467304347826084
0.356041587901684
-0.114610586011343
0.457260869565224
-0.211001890359179
-0.347122873345928
0.270334593572792
0.489812854442353
0.109493383742913
-0.260249527410206
-0.21644045368619
-0.151258979206043
-0.0435633270321309
-0.347094517958419
0.483714555765608
-0.489353497164466
-0.40893194706994
-0.0439716446124743
0.394788279773157
0.167706994328923
0.536342155009456
-0.577986767485823
-0.546096408317578
-0.163684310018908
0.899279773156891
-0.430240075614356
0.151236294896031
0.0852684310018911
0.952378071833619
-0.807425330812852
-0.0811209829867707
0.366586011342156
-0.769620037807185
-0.858291115311901
0.284398865784502
-0.255217391304352
-0.953122873345937
1.26179584120982
0.126122873345937
0.380950850661624
-0.00932892249527312
-1.1685274102079
-0.701349716446124
0.337654064272206
0.431548204158794
0.202924385633273
-0.095219281663516
0.152858223062383
-0.266911153119092
-0.481886578449906
0.606587901701324
0.669920604914934
0.291735349716446
0.375
0.852920604914934
0.750986767485824
-0.651264650283554
-0.511
-0.604172022684309
0.156801512287336
0.419827977315691
-0.122172022684309
0.888986767485824
0.449
-0.871
0.45
-0.954
0.378
0.61
-0.495
-0.204
-0.485
0.629
-0.92
0.987
-0.057
0.62
-0.027
-0.833
0.917
-0.095
-0.952
-0.843
-0.157
-0.397
-0.269
0.373
-0.027
-0.94
0.074
-0.63
0.822
-0.058
0.949
0.445
0.136
-0.826
0.084
0.832
-0.51
0.897
0.773
0.618
-0.78
-0.888
0.3
-0.858
0.552
0.388
0.012
-0.853
0.716
-0.679
-0.3
-0.493
0.593
-0.059
0.063
-0.154
0.397
-0.924
0.072
0.318
-0.465
-0.866
-0.027
0.572
0.68
-0.366
-0.15
-0.231
-0.464
0.14
0.676
-0.981
0.132
-0.571
0.936
-0.269
0.302
-0.412
0.821
0.585
0.048
-0.074
-0.346
0.501
-0.759
0.442
0.852
-0.805
0.111
-0.762
-0.566
-0.586
-0.176
-0.546
0.082
-0.914
0.139
0.727
-0.538
-0.082
-0.463
-0.758
0.611
-0.425
-0.356
-0.32
0.374
0.163
0.004
-0.668
0.543
-0.191
-0.745
0.487
-0.731
0.609
0.479
0.472
