-1.15293572778816
-0.555285444234348
0.697459357277886
-1.14472778827985
-0.40365595463137
-0.743657844990487
0.364090737240167
-1.34322117202252
-0.426831758033996
-0.0822703213610544
-0.445126654064253
-1.77156710775062
-1.19820982986778
0.0179338374291139
-0.68074102079387
0.866516068052953
0.596918714555772
0.310052930056716
0.295676748582245
-0.625187145557649
-1.02621361058602
-0.0520737240075715
-1.35724007561427
-1.06962003780716
-0.510650283553817
-1.11767674858225
0.1002741020794
-0.778234404536835
-0.40186956521737
-0.909077504725846
0.27782419659736
-0.629591682419645
-0.595035916824167
-1.59834215500948
-0.591831758034007
-1.42102268431005
0.244453686200397
-0.976451795841173
-0.849024574669171
-0.29067296786389
-0.71906238185255
-0.793654064272187
-0.406328922495271
-0.496884688090726
0.194708884688103
-0.919627599243801
-0.534914933837412
-0.641888468809052
0.471455576559568
-0.62557088846879
-0.0332136105859998
-0.246317580340261
0.306240075614384
0.0060075614366918
-0.62308506616256
-0.000200378071829228
-0.337514177693746
-1.07318525519842
-0.508423440453674
-0.0988336483931844
0.297372400756167
-0.901153119092614
-0.0183837429111315
0.490224952741025
0.550058601134231
-0.338691871455571
0.30456521739131
-1.08049149338369
-0.0882495274102001
0.870661625708892
-0.792926275992426
-0.250353497164446
0.230911153119107
-0.787051039697531
-0.0649149338374237
-0.605905482041575
0.310304347826094
0.0233875236294968
0.781039697542553
-1.36612476370516
-0.290283553875235
-0.479482041587888
-0.159007561436665
-0.258812854442337
0.035706994328924
0.682404536862058
0.376495274102128
0.0180491493383848
0.0865973534971773
0.628122873345938
0.564412098298702
0.064330812854437
0.816888468809092
-0.109413988657837
-0.192015122873351
0.200994328922507
0.00639319470699807
-0.292638941398861
-1.03660113421544
0.0882211720227088
0.0243894139886656
0.134423440453697
0.317816635160712
-0.377939508506611
0.435258979206057
-0.112727788279762
0.0118468809073771
-0.217200378071828
0.863400756143663
-0.441565217391295
1.46448771266544
-0.149708884688079
-0.0489867674858205
-0.344567107750478
-0.662047258979204
0.747971644612481
1.3088393194707
0.749826086956533
0.806124763705107
0.612400756143674
0.512073724007585
-1.09350094517951
0.810172022684304
0.78220982986768
1.16063705103965
0.456542533081286
0.989468809073726
1.33323629489604
0.998954631380013
0.151805293005677
1.69199432892257
0.688954631379962
0.075111531190936
0.617676748582228
0.300412098298677
0.414557655954638
1.41253119092623
1.00154064272211
1.19008884688091
2.41544801512289
1.29154064272205
0.814395085066168
0.376710775047261
0.12498865784499
-0.211183364839323
0.933347826086956
-0.209988657844988
0.675105860113421
0.67261625708885
1.24710396975423
-0.663137996219281
0.539175803402651
0.526
-0.721835538752363
-0.543472589792059
0.10554820415879
0.25
-0.322143667296785
-0.591088846880906
-0.127143667296785
0.96585633270322
0.214527410207941
0.375
0.196
-0.807
-0.267
0.58
-0.635
0.614
-0.906
0.412
-0.042
0.218
0.091
-0.535
-0.533
0.052
-0.873
-0.156
-0.466
-0.445
-0.689
-0.459
-0.949
-0.755
-0.471
0.256
-0.636
0.611
0.726
0.268
0.617
-0.681
0.304
0.546
-0.94
0.61
0.874
-0.232
0.613
0.798
-0.662
0.675
-0.178
-0.87
0.342
-0.763
-0.566
0.815
0.989
-0.937
0.122
0.839
0.881
-0.676
0.66
-0.327
0.324
-0.05
0.664
0.476
0.216
-0.247
0.887
-0.175
0.795
-0.362
0.913
0.545
-0.595
-0.143
0.177
0.359
0.231
-0.265
-0.784
-0.365
0.718
0.921
-0.097
-0.709
-0.178
-0.452
0.622
0.662
-0.854
0.777
-0.563
-0.02
0.885
0.386
-0.714
-0.077
0.104
-0.864
-0.418
0.584
0.787
0.997
-0.666
-0.297
-0.677
-0.112
0.41
0.131
-0.114
0.763
-0.392
0.146
-0.893
0.025
-0.045
0.403
-0.953
0.372
-0.347
-0.333
0.131
-0.775
-0.321
