-2.77582608941821
-2.0727353519321
0.442257090419371
-2.55305671648561
0.521353495572708
-0.642476375638566
1.06624575046623
0.249930057795902
-2.18921172815123
-0.325262758465163
-0.302718335843768
-1.30141399254326
-1.12107372078824
0.0941965984049383
-0.994896032627417
-0.349945174422886
-0.681105865062125
-0.280510395961499
-0.530610590455607
-0.296623816981092
-1.72151040353275
-0.708315693861784
-0.397472592445957
-0.0437674862623928
0.412404538581858
0.301578455316234
0.165071834013228
0.254175805163893
-0.0652816642026423
0.332701329611999
-0.402304357927939
-1.13104725758593
0.195527413470593
0.267691874161745
-0.414243849092097
0.158317584141016
-0.368385636301115
0.111988663256263
-1.218533084427
-0.572281666714657
0.0866049164591654
-0.440568997981501
-1.25935727658655
0.40705671129353
-0.941300569075775
-0.789499062177733
-0.613183362343279
-0.60795274067003
-0.716882790941664
0.312729676080664
-1.03395274307347
-0.726128546182158
0.523098295510856
0.306334597016979
-0.21282230891399
0.383001890473902
-0.378294892078324
0.501187141909937
-0.746226847871639
0.318916829418447
0.904408316414415
-0.398287340242845
-0.577045374037432
-0.847156907491686
-0.154243858246024
-0.48164272719805
0.69029867453453
0.363258984189969
0.451533073418231
0.0421550091103088
0.391117209402375
-0.38940831341058
-0.017270323749702
0.921633267575776
-0.215317577354427
0.384457471283964
-0.108882803923693
-0.0748034035436684
-0.687485831875668
-0.19314177575302
0.350395090409018
-0.183599246335817
0.315056709647776
0.464710777808057
0.85427221068857
-0.456618147215593
0.624729677323721
0.107623817169497
0.424843105108071
0.80010775231691
-0.29392438445578
0.777489604594481
0.745030246672763
0.555886571441657
0.746317581110861
0.983608699921292
0.845873339638047
2.04549527692576
0.772359168241358
0.311514176347417
8.35951419018352
1.97913421386452
0.10340831859311
0.852816644107158
1.02944990386309
0.592034036127054
0.0351795792964267
0.452410206917677
0.83838185420207
-0.189442345825771
-0.313313794405086
0.497493381500663
-0.964737242051677
0.768741027352323
-0.450807182396602
0.172742916095321
-0.96433648344039
-0.337266545231343
0.703580341847714
0.659928166182652
-0.0371455556496748
-0.616096408545668
-0.0484933856943012
0.28119849244842
0.386780718059665
-0.46534971901576
-0.28883364645734
0.323251415725732
-0.6340491552101
-0.0365047271542355
-0.658249529137668
-0.576589791228148
-0.213372401644836
0.020706995188071
-0.358657845884866
0.367945182422779
1.55712476413117
-0.667871454835009
0.817444233677086
0.277172025832857
0.0399054805719129
0.107567104492779
0.668903592569058
-0.158737240929764
-0.774345935884811
0.899035916532695
0.751867673470237
-0.334816635541699
-0.604514178495816
0.521778828350566
-0.689672968172328
0.447120982465673
0.561
0.371024574867784
-0.338162570855373
0.463748582892585
0.385
0.920886578880172
0.834561437169444
-0.730113421119828
-0.0601134211198209
-0.126162570855367
-0.223
0.159
-0.694
-0.763
0.012
0.9
-0.489
0.069
0.777
-0.895
0.827
0.005
-0.128
-0.282
0.389
-0.94
0.626
0.448
-0.602
0.675
0.046
0.173
0.144
0.045
-0.116
-0.925
0.922
0.592
0.506
-0.845
-0.354
0.801
0.755
0.8
-0.62
-0.784
-0.45
-0.963
-0.153
0.996
-0.928
0.334
0.421
-0.809
0.536
-0.444
-0.554
0.935
0.897
0.324
-0.82
-0.746
0.756
0.15
0.818
0.604
-0.985
0.261
0.353
-0.064
0.977
-0.082
0.562
0.622
0.458
-0.975
0.249
0.071
-0.662
0.173
0.51
0.588
-0.4
-0.598
0.603
0.712
0.752
-0.048
0.509
-0.673
0.629
0.987
0.694
-0.818
0.975
-0.608
-0.955
-0.395
0.982
-0.224
-0.8
0.289
-0.316
0.911
-0.982
0.153
0.771
0.799
-0.267
0.51
0.307
0.374
0.596
-0.276
0.814
-0.409
0.653
0.353
0.547
-0.895
0.851
0.063
0.752
0.025
0.306
0.99
0.223
0.38
