-3.70943478260684
-2.15565028355542
0.0807013232514264
-2.63078260869763
-0.842824196597306
-1.70607561436764
0.77334971644635
-2.73362003780704
-0.437935727787987
-1.76965406427263
-0.107752362948916
-1.03279962192838
-1.87627788279799
-2.9863081285442
-0.256355387523568
-1.07667674858259
-3.42192816635178
-0.0629508506616286
1.35823629489632
-5.44965784498977
0.822926275992594
0.268323251417762
-1.77340642722089
-1.16717580340239
-1.13316635160694
-2.10822495274085
2.54370132325152
-1.41027032136085
-1.83139886578401
1.7075916824194
-3.21425330812841
-0.864935727788246
-1.77245179584103
1.42430812854461
-5.13032703213542
0.281485822306318
-3.5734990548197
2.5965311909264
-3.75457088846882
2.27427032136147
-0.631145557655865
-2.4862495274105
-2.74304158790129
0.4718487712667
2.50534026465018
-0.945279773156787
-1.00572589791967
-1.82188279773163
2.8294669187148
-5.96249716446042
2.72861625708925
6.65918903591652
-1.72630623818477
0.571083175803443
-0.529317580340168
0.844020793950937
-0.955495274102149
-2.36365406427223
0.499020793951049
-2.90242344045412
1.38963705104006
3.50072778828017
0.567950850661713
-2.00994896030251
-3.40044612476376
-2.01313799621916
-2.31853119092653
0.588773156899771
0.42001134215505
-2.32186767485755
1.92735160680556
-2.08656710775038
-1.82403024574659
3.3088638941403
-2.63898298676713
-1.19602268431006
-3.72067674858263
-1.77786389414002
3.01457466918779
4.87071455576543
0.956047258979381
-0.421805293005626
-1.53421550094505
4.15283742911201
-1.65902079395112
-1.54830056710794
-0.934525519848764
4.70088846880967
-0.210362948960255
-0.954081285443905
3.4061682419668
-0.478803402646473
3.10790737240091
-2.31061436672964
-0.867729678638923
-0.365805293005651
2.46937429111523
-1.06726843100203
1.45777882797727
4.9532608695664
-2.52708695652164
-2.05060302457473
3.37530812854441
0.500578449905539
-0.440415879016951
-2.57759357277896
-0.0121096408317084
-0.559799621928198
-1.74698298676708
-1.50909829867664
1.41205103969747
2.83985444234505
4.29137618147472
-1.0493875236295
7.96478071833615
21.4021247637132
-0.111141776937504
-0.792353497164483
5.20909073724003
3.32885633270344
-0.369782608695628
1.69797164461275
0.0439376181474921
5.43363894139894
6.40854253308135
-0.524901701323259
-1.60042911153117
0.0414045368619988
2.7555160680525
1.1323043478258
-0.0194215500944901
0.289826086956513
1.75721361058587
3.21490548204154
1.24982608695655
0.909241965973537
-0.0433327032136119
-2.00643856332715
-0.449807183364837
-1.32203024574675
-0.771540642722101
-0.282625708884678
-1.87448960302456
0.535030245746692
-0.503183364839314
-0.445973534971646
0.153206049149339
-0.133875236294895
-0.43560302457467
-0.190041587901701
-0.609633270321363
-0.716587901701321
0.363
-0.59277693761815
-0.113629489603024
-1.3365897920605
0.922
0.0598166351606774
0.297557655954629
-0.24018336483932
-0.537183364839323
0.905370510396973
-0.838
0.633
0.558
0.832
-0.778
-0.493
0.904
-0.781
0.393
0.227
0.967
0.447
-0.66
0.435
-0.093
-0.123
-0.049
0.441
0.888
-0.184
0.753
0.799
0.214
0.018
0.079
0.505
-0.395
0.766
-0.182
0.946
-0.416
0.521
-0.446
-0.184
-0.033
-0.378
-0.67
0.721
0.048
-0.333
0.266
0.334
-0.351
0.548
0.358
0.916
-0.791
0.474
0.228
0.045
-0.584
-0.789
0.178
0.953
-0.825
-0.637
-0.582
-0.46
-0.247
-0.284
0.902
-0.863
0.401
0.447
-0.357
-0.554
-0.107
0.524
-0.532
-0.715
-0.454
0.229
-0.607
0.221
0.55
-0.581
0.15
0.665
0.659
0.162
0.296
0.13
-0.462
0.773
0.53
-0.628
-0.658
-0.399
-0.36
-0.396
-0.797
0.79
-0.032
-0.669
-0.236
0.128
0.932
0.202
-0.096
-0.088
0.023
-0.316
0.006
-0.058
-0.502
0.186
0.818
0.956
-0.598
0.756
0.212
-0.248
-0.12
0.59
0.42
-0.228
0.599
0.627
