-2.0121966017605
-0.777396977121427
0.713000004429483
-1.17200566987344
-0.676257091238858
-1.07589792405143
-0.863083188605661
-0.47866918426329
-0.0798298694444269
-0.505455571200212
0.596924385677834
-0.0611833625889207
-0.578671076390554
-0.50893572235708
0.0465538750133212
-1.16985822389516
-0.0547939520305494
-0.350185254883661
-0.238629486409667
0.672000004888082
-0.00013043263154385
-0.96824574565616
-0.324894141010581
0.318697543599372
-0.13618336393395
6.77724952709175
-0.788241964320828
-0.0040699454440622
0.0469187157504674
0.267531191776473
-0.274896031140079
-0.416206046604043
-0.15033459191902
-0.0124971616985119
0.111822307142138
-0.144476372712296
-0.0177523626482684
0.0573100184227285
-0.193001888697624
-0.0167712680630838
0.0154555750392345
-0.167971643662584
-0.0730926300935092
-0.171355389188383
-0.12417769312828
-0.0194461202989351
0.00924952599260136
0.0411228782135545
-0.0320000026463463
0.15839130264503
0.101795840536742
0.244035918576405
0.0867429129291813
0.14695274041217
-0.0472457494340536
0.126362949049937
0.0284442366968576
0.0881512267572649
-0.213468808035568
-0.248213608690044
0.0381947071564244
-0.0345803386069295
0.0141568988166578
0.0984253316601259
0.0730718331315853
-0.134459355675085
-0.0394877133865097
0.0342041603839591
-0.0610226844410007
-0.0625689950920001
0.248083176697212
-0.0672154991296469
-0.0621928190675184
0.10063704912931
-0.00938941369284862
-0.0457221182536775
0.116984873464267
0.146933839750914
-0.0155916819971074
-0.0711795855864086
0.0160075613070981
-0.0330586042432938
-0.0362948961084319
0.0651739114547776
-0.0323270333593241
0.130642720693711
0.00744801422291947
-0.138969756920725
0.0665066179746984
-0.164879012579614
-0.113894139078595
-0.193056707634059
-0.0299773186342611
0.0529357235200535
0.0309035909817688
0.0949319483073528
0.123967865005347
-0.0401852531041425
-0.0648903555711235
-0.0177901648160973
0.0503345976185137
-0.123024572655359
-0.495538755256369
0.132310021805613
-0.125655956848906
0.361253307301276
0.498281666203116
-0.343438564740281
-0.101124770150746
-0.0488846891836725
-0.306737239759436
0.572058606155255
-0.0384196599205579
-0.498156900348951
-0.101839318441059
-0.0288960253465603
0.20912665720146
-0.122054821696118
-0.649682419641418
-0.181869564288501
-0.423153120223546
0.157839317266584
0.437404537610563
0.201682422158318
-1.04082987230985
0.621567109713817
0.21947258837023
0.115393193464771
0.478421551088223
0.200964079340701
0.514100186689422
0.626451795570065
0.115077505573064
-1.0038034029536
-0.384139883586957
-0.340559544032853
0.400192813871888
0.567351605489837
0.0517466923855277
0.0504574615702813
-0.0328090748317404
-0.470860112553936
-0.503865784904688
0.592652174272886
-0.988860112533342
0.420703211529623
-0.802187144492899
-0.651771266346248
0.650947071996774
-0.417429109776995
0.315240075339713
0.692943288410893
-0.795
0.0827164459515261
0.527952740991927
0.093054819838429
0.952
-0.945614367105013
-0.646708885121185
0.934385632894987
0.737385632894987
-0.439047259008073
-0.916
-0.971
0.489
0.767
-0.058
0.297
-0.535
0.101
0.103
-0.994
-0.129
0.219
0.443
0.152
-0.202
0.606
-0.582
0.156
-0.147
-0.103
0.498
-0.306
0.912
0.898
0.786
0.686
-0.506
0.116
-0.741
0.783
0.597
-0.13
0.635
-0.951
-0.899
-0.534
-0.818
-0.626
-0.23
-0.13
0.882
-0.483
0.592
0.322
-0.149
-0.014
0.639
-0.625
-0.705
-0.655
0.636
0.198
0.081
-0.16
0.063
0.389
-0.884
0.591
0.98
0.256
-0.197
0.348
-0.159
0.32
-0.592
-1
0.584
0.393
0.05
-0.668
0.423
-0.957
-0.615
0.983
0.015
-0.02
0.102
-0.41
0.046
-0.2
-0.954
-0.882
-0.179
0.913
-0.854
-0.601
0.789
-0.206
-0.014
-0.288
-0.651
-0.409
-0.606
0.514
-0.933
-0.467
0.675
-0.728
-0.087
-0.149
0.402
-0.755
0.324
0.962
-0.078
0.593
-0.188
0.098
0.825
-0.918
-0.714
0.526
-0.455
0.18
0.209
-0.316
-0.473
-0.072
