-2.07370321361047
0.0262684310019026
-0.529136105860112
-0.660192816635145
0.548077504725921
-0.631761814744785
-0.922183364839296
-0.863540642722118
-0.592982986767467
-0.625257088846869
-0.00379773156899791
-0.642194706994319
-0.211627599243852
-0.849979206049148
-0.865234404536854
0.311782608695661
-0.4529168241966
-1.11371644612475
-0.541189035916822
-0.568693761814746
-0.508548204158792
-0.387230623818528
-0.241799621928165
0.418311909262764
0.0865557655954668
-0.76939697542532
-0.511763705103967
-0.859137996219279
-1.10364839319468
-0.601468809073719
-0.79401323251417
-1.2373553875236
-0.199495274102077
-0.465890359168243
-1.00911153119092
-0.014862003780716
-1.19391493383742
0.428869565217396
-1.06207561436668
-0.0886370510396947
-1.29367863894138
-1.34531568998107
-0.546315689981093
-0.37891115311909
-0.989017013232508
-0.701432892249521
0.357030245746696
-0.740030245746684
0.161226843100194
-0.123888468809074
0.239461247637055
0.214306238185258
-0.123168241965973
-0.709767485822302
0.491306238185258
-0.211519848771266
-0.814217391304345
-0.65969565217391
0.0665236294896047
-0.38579395085066
-0.989145557655953
0.136387523629489
0.518935727788283
0.681926275992441
-0.73489035916824
-0.314173913043478
-1.19464461247638
-0.792523629489603
0.767300567107752
0.120799621928167
0.0170396975425331
0.164527410207941
-1.17026086956523
0.473724007561437
-0.419155009451796
-0.344761814744804
-1.09238752362948
-0.715440453686198
0.272168241965975
-0.228606805293004
-0.341455576559547
0.868625708884689
-0.197640831758034
0.213001890359169
0.0938525519848782
0.0327958412098299
-0.0249224952741022
-0.432126654064271
0.0328241965973534
0.208551984877127
0.00440453686200376
0.646727788279773
-0.541773156899811
0.495686200378072
0.183062381852551
-0.396567107750471
-0.809903591682418
0.143631379962193
-0.674321361058601
0.498597353497165
-0.314444234404537
0.611219281663516
-0.0896162570888468
-0.626869565217391
0.940829867674858
-0.598561436672968
0.565041587901701
0.578911153119093
0.818083175803402
0.07
0.0405482041587902
-0.978739130434783
0.269931947069943
-0.456814744801512
-0.90492438563327
-0.780266540642722
-0.386725897920605
-0.381739130434783
-0.224780718336484
0.436
0.784
0.317767485822306
0.213822306238185
-0.383122873345936
-0.718725897920605
0.47469943289225
-0.073
-0.49445179584121
-0.580848771266541
-0.999958412098299
-0.37990359168242
-0.177
-0.894671077504726
0.846822306238185
-0.867848771266541
0.150767485822306
0.0352192816635161
-0.472
0.286822306238185
-0.211232514177694
0.492274102079395
0.440534971644613
-0.159
-0.954
-0.695
-0.024
-0.575
0.932
0.436
-0.031
-0.965
0.569
-0.59
-0.09
0.768
0.389
-0.613
-0.716
-0.903
-0.524
0.481
0.068
0.147
0.836
-0.57
-0.774
0.931
0.425
-0.597
-0.059
0.201
-0.91
0.339
0.976
0.938
-0.684
-0.51
0.181
-0.673
0.31
0.079
-0.005
0.078
0.469
0.982
0.069
-0.587
0.2
-0.907
-0.237
-0.224
-0.246
-0.57
-0.176
0.32
-0.571
-0.681
0.004
0.615
-0.921
0.045
-0.001
0.529
-0.505
0.768
0.945
-0.77
-0.567
-0.028
0.451
-0.101
0.205
0.957
-0.213
0.397
-0.514
0.989
0.678
0.853
0.361
0.812
-0.27
0.331
0.64
-0.836
-0.553
0.659
-0.485
-0.344
0.509
0.996
0.485
0.566
-0.752
-0.736
-0.921
0.466
-0.417
0.7
-0.963
-0.161
0.98
-0.772
-0.359
0.864
0.571
-0.204
0.643
0.426
-0.166
-0.56
-0.359
0.151
-0.746
-0.734
-0.686
0.668
0.889
-0.67
0.32
-0.715
0.715
0.777
0.463
0.454
0.413
0.639
0.709
-0.478
0.317
0.02
0.405
0.977
0.815
-0.479
0.832
-0.498
-0.31
0.775
-0.407
