-2.7343724007551
-0.519090737239861
0.606852551984901
-1.20329867674836
-1.03477126654048
-0.627831758033764
-0.820852551984775
-0.238453686200455
-1.38569943289069
-0.140695652173775
0.0914971644612897
-0.823790170132132
-1.39162948960342
0.527005671077497
0.999325141777078
-1.04375803402639
-0.665432892249508
-0.787466918714524
-0.92108884687946
-0.425765595463008
-0.578790170132199
-0.98831190926281
-0.0715444234403767
0.294374291115366
-2.80605103969627
-0.884281663515983
1.09886956521752
-0.447075614366574
-1.2908657844989
-0.0675406427221622
0.694706994328896
-0.0841928166350314
0.0817145557656568
-0.490725897920527
-3.36416068052942
-0.26057655954623
-0.366207939508444
0.533525519848897
-2.0380661625711
0.315137996219506
-0.00681096408315585
0.81310018903604
-1.07544045368597
0.30056710775056
-0.878289224952807
-0.887614366729529
-0.211332703213593
-0.45172022684319
-0.555037807183357
-0.0522098298675943
-0.310353497164412
1.73217391304332
-2.20243478260817
-0.070219281663461
0.00550472589787783
0.148079395085065
-0.225956521739033
-1.86290737240072
0.921223062382011
-1.38211342155053
1.72078638941389
0.689550094518061
-1.05392060491484
-0.527098298676685
-0.375627599243756
-0.00483931947064293
0.57128355387543
-0.192964083175736
-0.772822306238078
0.918219281663648
0.0416767485822627
-0.580865784498925
-1.04996786389394
1.77984120982985
0.961480151228945
0.07780907372405
-0.726198487712552
-0.102790170132288
1.43778638941293
0.411431001890526
0.54444234404545
1.11108128544434
0.145296786389372
-1.56479773156914
-0.807809073723894
0.695937618147621
0.138508506616395
-0.57254631379965
0.135567107750624
0.965548204158821
-1.35461814744803
1.5415954631381
-0.876355387523485
1.65306616257186
1.39769943289269
-1.06592627599219
1.21768241965818
0.648200378071837
0.405400756143682
-1.02042533081281
-0.540183364839368
0.663105860113415
1.44108506616225
-0.847130434782634
0.606436672967826
1.62495463138071
-0.568047258979304
0.357933837429061
13.8903232514248
1.4948034026461
2.15541398865683
1.28515122873249
0.555166351606882
0.96158790170111
1.04792438563333
-0.922903591682385
1.06593761814741
1.38464083175803
-1.46692627599224
-0.401960302457447
-0.875444234404513
0.998744801512358
1.14494896030218
1.3367712665406
-0.696971644612391
0.261423440453769
0.0997826086956837
-1.40299432892248
-0.151466918714568
-0.200381852551957
0.227274102079361
1.6983251417771
-0.119722117202229
-0.338156899810936
-1.69399810964103
0.528784499054831
1.03714366729681
0.720633270321401
1.48661058601138
2.13576181474473
-0.290362948960293
-1.455720226843
-0.477992438563318
0.199837429111528
0.264238185255189
-0.0102797731568922
1.92919092627578
0.0273686200378104
1.19351606805289
-1.13072022684309
-0.763771266540647
-0.698149338374289
0.738
-0.500349716446129
0.00577504725897939
0.0485009451795843
0.494
0.0470756143667336
-0.53437429111531
0.0670756143667342
0.0430756143667326
-0.137224952741018
-0.364
0.076
-0.414
0.95
-0.219
-0.809
-0.456
-0.125
-0.436
-0.546
0.752
0.032
-0.415
0.154
-0.864
0.765
0.28
-0.69
0.069
-0.067
0.524
0.475
0.276
0.131
0.828
0.537
0.64
-0.208
-0.332
0.723
-0.969
-0.055
0.889
-0.691
-0.631
-0.779
-0.821
0.258
-0.254
0.456
-0.812
0.904
-0.984
-0.869
0.598
-0.295
-0.85
0.89
0.697
0.729
-0.723
-0.256
-0.492
-0.38
0.378
0.161
0.799
0.455
-0.879
0.244
-0.45
0.752
-0.794
-0.16
-0.578
-0.194
0.143
-0.724
-0.215
0.914
0.586
-0.978
0.563
0.612
-0.255
0.619
0.459
0.145
0.532
0.122
0.387
0.749
0.095
-0.061
0.446
0.287
-0.563
0.268
-0.07
0.207
-0.579
-0.276
0.136
0.502
-0.095
-0.565
0.698
0.176
0.708
-0.209
0.562
0.874
0.105
0.782
-0.858
-0.745
0.18
-0.105
0.874
0.758
0.702
-0.346
0.922
-0.002
0.856
-0.2
-0.344
0.267
