-1.74947448712449
-0.0436238196384507
-0.115170134564527
-1.86493761903004
-0.399521746140955
-2.32919282145284
-0.58741588455949
-0.875493379721468
-1.41055387504459
-2.32115501674323
-1.03446124629264
0.34510964275718
-1.01027598716429
-0.0496313824953752
0.00333269857209873
-0.192277883780875
-0.104826083729986
0.0364045355619727
0.131909265197367
-0.320676744124054
-0.0695690007509992
-0.0745954622554989
-0.237822302183382
-0.76143667269254
-0.698580336155076
-0.140296788269426
-0.151026466028205
-0.430846882057602
-0.246603028584453
-0.345347828878351
-0.302086953946079
-0.624551985780089
-0.18366351544574
-0.420421545518168
-0.017971642939403
0.456321367533787
0.0241512220429263
-0.117487716938504
-0.171177697135481
0.107688094552731
-0.0710510379332576
0.0287372407418231
0.347981097928549
-0.461865784575083
-0.246060492732368
-0.0851172049929552
-0.286943290471878
-0.122780714755607
0.0538487690534893
-0.394304343663389
-0.0582211684582912
-0.1789338402367
-0.0946767453990016
-0.103499056327355
0.273459349731607
0.243213610248416
-0.00674669211083666
-0.0209829856750923
-0.152092624737911
-0.11881852232607
-0.199818525104679
-0.0570964097357768
0.24332136117306
-0.102493381760281
-0.0244158764106136
0.112720225245147
0.0726767513287529
-0.154599245013246
0.207659739414895
0.194120985231922
0.0927788329759196
-0.0414026466260341
-0.275128545020438
-0.0337731603314089
0.10703023961565
0.610720227818725
0.119814744345326
0.0933724023688205
0.228661615015997
0.422075612153044
0.0498052902043758
0.237869560709139
0.632506611313595
7.80408128278517
0.907809070263152
1.11881285476397
0.616809067366633
0.64407183359859
-0.0381701315779636
0.533663517105991
0.256168240161121
-0.00571644789093937
0.0633383639652765
0.158226846909877
-0.372030249168938
0.163124768026107
-0.313733456874311
0.264274106708315
0.257013230758685
-0.14881663217179
0.322357280897466
0.30253308376714
0.284257087768742
-0.328890358978668
0.280158791950908
-0.16568430869078
0.687680530137279
-0.156421548071322
0.68403591799773
-1.01651418417617
-0.405996215312679
0.0728015120190769
0.671992436942948
-0.0388657839610206
-0.637109638472004
0.454317580789491
-0.0271739110836404
-0.100795839306297
-0.178355387798976
0.435741029285281
-0.168597353076882
-0.515117204470499
-0.02655009375812
-0.278516066000893
0.204162567130808
0.788996219666875
-0.0520548208637598
-0.304480150539298
0.116187145661908
0.23005859657231
-0.570395086616874
-0.650941397314489
-0.598667297519435
0.532771267425766
0.294417771253693
0.244625710167759
-0.683871454337142
0.362996219401402
-0.364790168998535
0.391113418476925
-0.0195841213632593
-0.306786388451346
0.430593572997159
-0.598735352015684
0.439463135365979
0.129538752165075
0.600449905010221
1.18207183529862
-0.460720226989571
-0.741950853091855
-0.0691606786955327
-0.278068048651264
-0.731
-0.553026465028355
-0.0646710775047259
0.741578449905483
0.74
0.0832759924385634
0.0749338374291117
0.151275992438561
-0.363724007561439
-0.423671077504724
-0.115
0.476
-0.369
0.818
-0.468
-0.488
-0.234
0.003
0.237
0.474
0.382
0.143
0.773
0.787
0.436
0.683
-0.235
-0.531
-0.697
0.668
-0.907
-0.881
0.252
-0.429
-0.706
-0.712
0.917
0.087
-0.108
-0.149
-0.685
0.068
-0.029
-0.923
0.28
-0.88
-0.945
-0.849
-0.264
0.009
0.112
0.548
0.039
0.192
-0.245
0.125
-0.292
0.153
-0.581
-0.944
-0.608
-0.309
-0.078
0.041
-0.511
-0.235
-0.777
-0.94
0.523
-0.757
-0.406
0.679
-0.89
-0.614
0.158
-0.687
-0.829
0.695
-0.494
0.316
0.628
-0.386
0.732
0.293
-0.445
-0.456
0.08
-0.94
0.815
0.169
0.58
-0.236
-0.332
-0.164
-0.542
0.624
-0.854
0.93
0.588
-0.485
0.896
0.995
-0.373
-0.507
-0.585
0.433
0.437
-0.348
-0.967
-0.558
-0.046
0.013
-0.354
0.102
-0.572
0.777
-0.041
0.628
-0.514
0.944
0.684
-0.837
-0.756
-0.646
-0.337
0.83
0.011
0.274
