-1.70979584120969
-0.621644612476348
-0.595
-0.623249527410183
-0.675457466918682
-1.44151039697564
0.476529300567131
-0.0727391304347891
-0.844332703213589
-0.43978638941398
-1.01944801512287
-1.22259357277875
-0.233196597353494
0.237192816635174
-1.0483894139886
0.122778827977324
-0.95785822306238
-0.718716446124758
-0.820296786389404
-0.281625708884677
0.329321361058605
-0.428037807183358
0.213716446124767
-0.394824196597351
-1.29792249527407
-1.04644045368619
-0.372162570888457
0.123875236294902
-1.1692551984877
-0.50205293005671
-1.01517391304347
0.0993175803402735
0.107088846880914
-0.872703213610578
0.263737240075617
-1.31714744801513
-0.709453686200371
-0.128618147448014
-0.781710775047254
-0.320591682419655
-0.728945179584114
-0.870427221172017
-1.01055387523628
-1.12005860113422
-0.91483931947069
-0.910018903591679
-0.972567107750467
0.233769376181476
0.645741020793957
-0.0262476370510399
-0.518444234404536
0.499854442344054
0.0835236294896069
-0.805534971644611
-0.662111531190919
-0.0691474480151228
0.263410207939512
0.12071266540643
-0.23039130434782
0.723480151228736
-0.01594517958412
0.648495274102083
0.205211720226847
-1.02569943289225
-0.530054820415877
-0.321506616257089
-0.171837429111531
-0.260831758034024
-1.01053119092627
-1.02997353497164
-0.174438563327029
-0.0617542533081286
-0.820275992438561
0.326381852551986
-0.616952741020792
0.0385954631379956
-0.292247637051038
0.13901323251418
-0.625069943289224
0.348863894139889
-1.07623629489602
0.224353497164464
0.573069943289228
0.00249527410207935
-1.02808695652173
-0.595368620037806
0.910824196597354
0.0879546313799627
0.828633270321363
-0.714846880907372
-0.500689981096407
0.0044272211720227
-0.744635160680526
-0.525039697542533
0.720345935727791
-0.501313799621928
0.0358922495274103
-1.00806616257089
0.406633270321362
0.349956521739131
0.284030245746692
0.381782608695651
0.423357277882799
0.62981852551985
-0.953470699432891
0.547090737240077
0.494043478260868
0.847879017013235
0.666277882797732
0.162659735349718
-0.710792060491494
-0.936149338374291
-0.241512287334591
0.260954631379963
0.835578449905485
0.765372400756145
-0.677465028355386
-0.655088846880906
-0.888916824196595
-0.805669187145558
-0.104313799621928
0.787412098298676
-0.120710775047258
0.628228733459359
0.569015122873348
0.906618147448014
-0.223601134215499
0.732591682419662
0.609289224952743
-1.00888846880908
-0.852684310018904
-0.184937618147447
0.766824196597354
0.0386786389413989
-0.774013232514178
-0.420739130434783
0.88269943289225
0.79102268431002
-0.114977315689981
-0.640867674858222
-0.223155009451795
-0.965410207939509
0.363965973534973
-0.312342155009452
0.969897920604916
-0.549
-0.72145179584121
-0.0420340264650284
-0.45235538752363
0.961117202268432
-0.810671077504726
-0.263232514177694
0.93
0.252
-0.43
0.558
-0.489
0.737
-0.865
-0.853
-0.227
0.751
-0.735
0.747
0.073
0.537
-0.738
0.751
0.112
0.347
0.945
-0.52
0.388
0.708
0.4
-0.12
-0.544
-0.763
0.733
0.169
0.681
0.869
0.252
0.677
0.867
0.419
-0.088
-0.402
-0.512
-0.316
-0.91
-0.825
0.734
-0.184
0.665
0.118
0.797
0.625
0.626
-0.544
-0.812
-0.464
0.853
0.229
-0.957
0.715
0.362
-0.779
0.851
0.69
0.102
-0.726
-0.996
-0.034
-0.535
-0.096
-0.502
-0.413
0.88
0.653
-0.375
0.664
0.262
-0.572
0.256
0.77
-0.255
-0.429
-0.958
-0.718
0.082
-0.169
-0.389
0.276
-0.02
0.144
-0.985
-0.977
0.634
-0.849
-0.944
-0.31
-0.254
-0.202
0.582
0.816
-0.83
-0.233
-0.649
-0.24
-0.381
0.21
0.745
0.972
0.83
-0.476
0.273
0.425
0.972
-0.727
-0.031
-0.209
-0.821
0.569
-0.393
-0.73
0.663
-0.273
0.986
0.32
-0.112
-0.526
-0.047
0.728
0.596
0.935
-0.083
-0.536
-0.154
0.44
