-1.44741020975901
-0.665773158256779
0.0313175801078804
-0.629315685726405
-0.707967869575029
-0.999616260906088
-0.706325148157883
-0.34820037845705
-0.688657845943123
-1.24002457353668
-0.5662684333442
-0.177877126064934
-0.601066159301021
-0.16551984680061
-0.27669565329459
-0.24360113500366
-0.0416465026312358
-0.248935726874308
-0.414975424373877
0.0734839326380578
-0.770924381428101
-0.12173723949858
-0.14785066192077
-0.102139887872396
6.10610963912089
-0.63657844728602
-0.204850662507699
0.00925330790400996
0.302865786957286
0.0822570881022339
0.0305916833942937
-0.0826767484991583
-0.0230226857522383
-0.0584366746052391
-0.034431001004458
0.0197296795115064
-0.0534933850280935
0.0128979193169579
-0.0527315671551495
-0.047525520221959
-0.0654385619369724
0.0509262747812669
0.0452155018895177
0.0191153112727019
0.00923062496434867
0.122586012178475
0.0608998140324049
-0.00711531155505698
-0.0572079397049434
0.0154801529942326
0.0439981068852719
0.0746710784336214
0.0251833652999376
-0.0331285410974908
-0.0489886582865757
0.0453969743021156
-0.0288865797386844
0.0423818533696502
-0.00716446297436038
0.120151229943917
0.0239489595700973
-0.0599149341846779
0.0214291108917544
0.0255330809192418
0.0196011330155524
0.124773159983373
-0.0278298660249066
0.0406880898231592
0.0323724018821664
-0.00880718484861619
0.0116332682566422
0.00131568955928138
-0.0635557658708313
0.0956880890562434
0.0258790170097291
0.0420359178988119
-0.0313194661502276
0.0393119055874859
-0.102249527896793
-0.00759924461826119
0.00738941891746005
-0.0536899845034057
0.0176427211010203
0.0974914941914911
-0.00073723684889937
-0.0888884676839065
0.0824517972291883
-0.0759054841478888
-0.106706990544548
0.0672419700755754
0.0430793966012357
0.0202325150241498
-0.0591909289547932
0.0124669198554029
0.0125444273058928
-0.138423438012922
0.185168244657487
0.155646504616091
0.0713478257137319
-0.128593569664178
-0.0908412060695299
-0.0203440477643444
0.0313062377007557
-0.247274101797065
0.121608694604381
0.0303005655894774
-0.0475557619194839
-0.0552873334577056
0.149640831365696
-0.170143671864288
0.200062380158767
0.0312740982308489
-0.16132325149672
0.200954633459451
-0.0435311950219582
0.137894137128194
0.196166353122297
-0.123801508895818
-0.194105863249971
-0.422378071773151
0.104034029665692
0.0841814732745272
0.203814742944583
-0.271880902950022
0.0852514180602175
0.359359166412449
0.0437769437596076
-0.875030247583304
-0.477402644978939
-0.428379966954022
0.334837430477053
-0.269338373918574
0.00666918277242367
0.504786391463929
0.804926273654474
0.0741814767160262
-0.152765593634931
0.00583554047416169
-0.0457221169424111
0.209604915659242
0.132998107083171
-0.56367864042309
0.900776938807568
-0.291296784301422
0.252907374381002
0.080425332932536
-0.380117200839618
0.101283554771003
-0.295230621301683
-0.098034026131235
0.495372400908257
-0.126663515653981
0.61
0.340134215560104
-0.19081096407332
-0.199219281466338
-0.895
0.685457467046876
0.438835538900249
-0.877542532953124
-0.823542532953124
-0.653810964073321
-0.645
0.936
-0.19
0.246
-0.021
0.006
-0.245
0.845
0.046
0.189
0.448
-0.448
0.664
-0.595
0.173
0.016
0.403
0.731
0.201
0.175
-0.816
0.915
0.689
-0.729
0.244
-0.408
-0.577
-0.183
-0.532
0.119
-0.058
-0.298
0.114
0.167
0.96
0.797
0.441
0.425
0.876
0.31
-0.754
-0.709
0.464
-0.701
0.406
0.058
0.675
-0.596
0.623
0.089
-0.72
0.704
-0.081
-0.002
-0.838
-0.56
-0.753
-0.462
-0.998
-0.614
-0.417
0.938
0.377
0.926
-0.754
-0.254
0.437
-0.504
-0.555
0.376
0.574
0.977
0.855
0.89
-0.071
0.892
-0.55
0.39
-0.135
-0.814
-0.083
-0.981
0.193
0.379
-0.161
0.238
0.783
-0.884
0.005
0.519
0.55
-0.097
0.422
0.489
-0.273
-0.693
-0.086
0.538
-0.948
-0.341
0.62
0.179
0.958
-0.754
0.514
-0.698
0.848
0.028
-0.931
-0.73
0.989
-0.144
0.672
0.816
0.468
-0.437
-0.256
0.998
