-0.526213610586003
-1.07192816635162
-0.549
-0.0736710775047166
-0.0681285444234411
-1.43667107750489
-1.00912854442341
-0.485848771266539
-0.181665406427207
-0.283448015122868
0.311117202268432
-1.31475992438556
-0.394315689981092
-0.607568998109638
0.200431001890362
-0.357913043478259
-1.41094896030251
-1.41569187145556
-0.915189035916814
0.141364839319473
-0.337400756143666
-0.793315689981084
-0.392425330812855
-0.918584120982984
-0.321109640831753
-0.493391304347822
-1.08128355387523
-0.330468809073722
-0.104391304347824
0.107733459357281
-1.32093950850656
0.217011342155014
-0.758969754253306
-1.47923062381849
-0.885517958412095
-1.04488846880907
-1.05072967863894
-1.20746691871456
-0.203570888468806
-0.877449905482037
-1.06923440453686
-0.44667674858223
-1.09288279773157
-0.200238185255196
-0.887759924385626
0.428652173913044
-1.19815500945176
-0.51431947069943
-0.401412098298677
0.228844990548208
-1.06668620037808
-0.941839319470692
-1.05203969754252
0.269890359168243
0.17237051039698
-0.168625708884688
0.176829867674863
0.517449905482044
-0.881160680529298
-1.23352741020789
0.670077504725899
-0.35493572778828
0.667219281663518
-1.11170510396975
-0.0575538752362942
0.579873345935729
-1.14610964083173
0.0811342155009454
-0.747153119092627
0.100706994328924
-0.595463137996216
0.615933837429114
-0.08079584120983
0.72076748582231
0.310733459357278
-1.13552551984878
-0.782718336483928
0.684412098298676
0.470593572778829
0.0626200378071831
-0.309941398865785
0.375852551984877
-0.773102079395085
0.701735349716447
0.420166351606806
0.631296786389415
0.565837429111533
-0.0699754253308129
-0.446551984877127
0.161179584120983
-0.329996219281664
-0.772393194706995
0.816888468809073
0.168425330812855
-0.617052930056711
0.0891039697542533
0.147863894139887
-1.00102646502835
-0.908334593572779
-0.382621928166352
0.831850661625709
-0.112519848771267
-0.608431001890359
0.341398865784499
-0.228149338374291
-0.833431001890359
0.29060302457467
-0.74592438563327
0.900500945179584
0.257328922495274
-0.291444234404537
0.49
-0.954088846880907
-0.207013232514178
0.159062381852552
-0.502088846880907
-0.26
-0.873417769376181
-0.358013232514178
0.486480151228733
-0.682088846880907
0.0225822306238185
-0.432671077504726
0.162555765595463
-0.402
-0.63692438563327
0.933733459357278
0.899644612476371
0.532
-0.58035538752363
-0.00934215500945179
-0.542088846880907
0.820480151228733
0.210911153119093
0.562
0.906493383742911
0.0712400756143667
-0.175519848771267
-0.055937618147448
0.278644612476371
-0.627697542533081
0.367
0.141
0.393
-0.528
0.317
-0.677
0.185
-0.994
0.946
-0.607
0.052
0.374
-0.383
-0.658
-0.144
-0.66
0.211
-0.198
-0.553
-0.77
0.373
-0.268
0.487
-0.739
-0.722
0.644
-0.166
0.247
0.27
0.42
0.89
0.157
0.351
0.1
-0.042
0.882
0.18
-0.274
0.28
-0.95
-0.231
0.921
0.586
-0.946
0.95
0.09
0.229
-0.124
-0.294
0.575
0.873
-0.952
-0.477
0.077
0.038
-0.365
0.654
0.131
-0.807
0.673
0.489
0.938
-0.264
-0.474
-0.497
0.894
-0.978
0.517
0.384
-0.027
0.16
-0.516
0.522
-0.604
0.46
0.452
0.146
0.433
-0.689
0.188
-0.586
0.957
-0.459
0.695
0.546
0.842
-0.367
-0.726
-0.939
-0.678
-0.772
-0.952
-0.467
0.606
-0.439
-0.169
0.185
0.059
0.55
-0.944
0.068
0.712
0.492
0.732
-0.586
0.388
-0.475
-0.873
0.616
0.586
0.488
-0.78
-0.18
0.004
0.259
0.531
0.396
0.041
-0.021
-0.339
0.26
0.747
0.455
0.061
-0.256
0.111
0.951
0.915
0.835
-0.371
-0.734
-0.914
0.882
-0.745
-0.881
-0.298
-0.535
-0.191
0.28
