-1.66319092627591
-0.333317580340257
-0.465725897920605
-1.63438941398881
0.615714555765619
-1.26656710775055
-0.344833648393197
-0.560534971644615
-0.114782608695635
-0.511258979206042
-0.840374291115309
-0.377958412098293
-0.808283553875226
0.0577693761814772
-0.198323251417768
0.238255198487722
-0.726457466918711
-0.752693761814743
-0.795032136105856
0.365334593572783
-1.17549527410205
-0.368406427221171
-1.48004725897917
-0.883553875236289
-0.00177693761814406
-0.484644612476369
-0.574992438563321
-0.519389413988655
-0.329221172022677
-0.850644612476363
0.00245935727788507
-0.302230623818519
-1.05427410207937
-0.465495274102081
-0.638366729678628
-0.0864744801512271
-1.1817069943289
-0.15149338374291
0.042899810964083
-0.704931947069938
0.211245746691874
-1.10413988657845
-1.24655576559544
-0.627954631379955
-0.840281663516065
-1.06691871455573
-1.15153875236294
-0.407349716446125
0.51244423440454
0.249228733459361
-0.855725897920603
-0.955548204158786
-0.845459357277884
-0.594765595463135
-0.793977315689976
0.237296786389415
0.0370340264650293
-1.11389035916822
-0.842024574669185
-0.653003780718332
0.326856332703216
0.1693572778828
-0.0418601134215507
0.00193005671077647
-1.25904725897918
-0.196516068052926
-0.105875236294896
0.715340264650283
-0.186189035916821
-0.726688090737238
-0.103194706994329
0.278533081285448
0.358470699432893
-1.11042155009451
0.796338374291119
-0.942393194706993
-0.332207939508503
0.404996219281665
0.597504725897921
0.148317580340266
-0.28490170132325
0.509523629489603
-0.118844990548203
0.605387523629492
0.795196597353499
0.153187145557657
-0.211024574669186
0.602400756143669
-0.629984877126653
0.0585916824196595
0.733296786389416
-0.669005671077505
-0.20130056710775
-0.106553875236295
0.146850661625709
-0.824896030245747
-0.335436672967863
0.186241965973536
-0.505958412098298
0.627028355387525
0.152795841209829
-0.714705103969754
-0.599705103969753
0.521213610586011
-0.4812797731569
0.144041587901702
-0.260143667296785
-0.625396975425331
-0.247491493383743
-0.727293005671077
-0.273650283553875
-1.00595841209829
-0.653266540642722
0.262911153119093
0.88609640831758
0.945822306238185
-0.356465028355388
0.800767485822306
0.200117202268431
-0.224616257088847
-0.926890359168242
0.459020793950851
0.449240075614367
0.758
-0.408
-0.334
-0.343
-0.388
-0.193
0.676
0.48
0.56
0.004
-0.892
-0.961
-0.496
0.207
0.47
0.192
-0.192
-0.513
-0.494
-0.083
-0.906
-0.587
0.803
-0.995
0.557
0.021
0.235
0.549
-0.089
-0.96
0.729
0.587
0.732
-0.164
-0.344
-0.024
0.891
-0.495
-0.866
0.577
0.136
-0.152
0.181
0.007
-0.74
0.231
0.401
-0.248
0.199
-0.379
-0.581
-0.706
0.568
-0.449
0.367
0.344
-0.212
-0.34
0.099
0.59
0.571
-0.873
-0.432
0.519
0.275
-0.48
-0.694
0.667
-0.449
-0.507
0.3
-0.697
-0.647
-0.071
0.78
0.246
0.232
-0.204
0.745
-0.674
0.619
-0.518
-0.651
-0.71
0.621
0.435
-0.982
0.181
0.469
0.311
-0.812
0.231
0.405
-0.457
-0.995
0.009
-0.721
0.661
0.732
0.739
-0.076
0.734
-0.799
-0.295
0.321
-0.885
0.941
-0.361
-0.23
-0.879
-0.888
0.991
-0.086
-0.227
0.971
0.089
0.777
-0.722
0.898
0.839
-0.499
0.124
-0.802
0.239
-0.695
-0.932
-0.102
0.81
-0.077
-0.23
-0.034
0.57
0.064
-0.994
0.401
0.885
-0.72
0.644
-0.031
0.506
0.494
0.379
-0.589
0.347
0.198
-0.804
-0.683
-0.369
-0.429
-0.084
0.232
-0.999
0.763
0.892
0.237
0.8
0.535
