-0.999480151228714
-1.66818147448032
0.694015122873348
0.00101512287336522
0.558153119092665
0.0359319470699656
0.339926275992451
-0.490516068052931
0.0188960302457709
-0.370230623818521
0.0355897920604949
-0.931234404536848
-0.288317580340265
-1.38444612476362
-1.34474858223054
-0.579992438563323
-1.53436672967866
-0.837153119092622
0.145459357277889
-0.109249527410208
0.279797731569006
-0.804489603024567
-1.36722873345934
-0.23007561436673
-1.16467296786384
0.0518431001890452
-0.419234404536857
-0.479754253308122
-1.3313667296786
-1.0989697542533
-1.48910207939505
-1.21165406427218
-0.962313799621918
-0.208937618147444
-1.14931001890356
0.0450964083175815
-0.7406899810964
-0.59282230623818
-0.102913043478261
-0.802618147448008
0.0902854442344068
-1.19562381852551
0.0114782608695707
-1.41534404536861
-0.729228733459348
-1.07415311909263
0.0888071833648423
-0.222975425330809
0.157434782608701
0.169718336483936
-0.564616257088841
-1.04739886578449
0.0816956521739151
0.62065217391305
0.418657844990553
-0.664327032136102
-1.02359735349716
-0.988007561436668
0.305574669187148
-1.132213610586
-0.419652173913041
-0.857122873345932
-0.0239886578449904
0.434918714555767
-0.112697542533081
0.029325141776938
-0.790809073724005
-1.06520226843098
0.605128544423444
-0.719294896030243
-0.889451795841206
-0.0587466918714556
0.268595463137997
0.0411776937618151
0.538177693761817
0.300508506616257
0.155676748582233
-1.2047202268431
-0.419088846880907
0.588536862003783
-1.08002457466919
0.756482041587903
0.419994328922497
-0.185449905482041
0.521884688090738
0.615425330812857
-0.371799621928165
-0.416614366729678
0.561858223062382
0.561275992438564
0.339960302457467
-0.720073724007561
0.268427221172022
0.203158790170133
0.774351606805295
0.0598298676748583
0.0679678638941396
0.640776937618149
-0.201567107750472
0.165304347826087
0.847090737240075
0.455994328922497
0.313618147448016
-0.0685047258979206
-0.0424366729678639
0.479007561436674
-0.169018903591682
-0.840389413988658
-0.923196597353497
-0.938143667296786
0.246103969754253
-0.835
0.380459357277883
0.575206049149338
-0.98230056710775
-0.0820888468809074
-0.0573629489603025
-0.755890359168241
-0.870519848771267
0.501028355387523
-0.305869565217391
0.754822306238186
-0.591671077504726
-0.874444234404537
0.126
-0.97992438563327
0.803733459357278
-0.77535538752363
0.418
-0.35535538752363
-0.545342155009452
0.600911153119093
0.132480151228733
0.555911153119093
-0.975
-0.484506616257089
-0.538759924385633
-0.572519848771267
0.847062381852552
-0.971355387523629
-0.291697542533081
-0.504
-0.493
0.569
-0.656
0.226
-0.058
0.765
0.201
-0.068
-0.845
-0.102
0.593
0.312
-0.431
-0.861
0.085
0.214
0.883
-0.012
0.68
-0.362
-0.223
0.477
0.602
0.682
0.007
0.833
0.571
0.523
-0.549
-0.509
-0.628
-0.903
-0.213
-0.791
0.262
-0.155
0.817
0.9
0.088
-0.941
0.051
-0.515
-0.482
0.568
-0.986
0.845
-0.006
0.885
0.438
0.259
-0.43
-0.115
-0.623
-0.89
0.718
0.029
0.967
-0.339
-0.782
0.108
-0.807
0.678
-0.519
0.664
-0.475
0.496
-0.476
-0.64
-0.123
-0.76
0.396
0.983
0.9
0.62
0.586
-0.709
-0.041
-0.967
0.668
0.161
-0.161
0.685
-0.916
0.191
0.92
0.487
0.719
-0.323
-0.51
-0.768
-0.122
0.156
0.681
0.98
0.865
0.373
-0.996
-0.146
0.043
-0.482
0.32
-0.367
0.008
0.198
0.863
-0.413
-0.016
-0.243
-0.476
0.426
-0.93
0.933
-0.007
0.057
-0.732
-0.492
0.593
0.289
0.743
0.037
0.776
0.847
0.869
-0.356
0.361
-0.76
-0.698
0.92
0.754
-0.787
-0.713
-0.895
-0.01
0.149
0.841
-0.794
-0.323
-0.115
