-0.721155009451784
-0.115512287334583
0.400576559546316
-0.236226843100177
-0.317517958412095
-0.889378071833629
-0.521381852551972
-0.138277882797735
-0.163223062381839
-0.998735349716438
-1.29657844990548
-0.173122873345927
-0.870606805292999
-1.10007939508506
0.198491493383753
-0.175342155009455
-1.01229489603025
-1.38282041587901
-0.320153119092624
-1.26886389413975
-1.22332325141775
-1.05905860113419
-0.389328922495276
-0.604461247637048
-0.851701323251415
-0.819487712665397
-0.79037240075614
-1.10515500945177
-0.987971644612462
-0.716797731568992
-1.10563894139885
0.134516068052934
-0.396119092627596
-0.257013232514178
-0.0273043478260887
-1.01701323251417
-0.780998109640826
-0.70302835538752
-0.750448015122869
0.509750472589794
-1.16980907372398
0.167843100189039
-0.0161550094517946
-0.302221172022682
-0.334264650283553
-1.16029111531189
-0.469657844990549
-0.0545652173913048
-1.05069565217389
-0.993291115311908
-0.805826086956517
-0.565096408317578
-0.536372400756141
-0.485572778827976
0.139935727788284
-0.0831739130434781
-0.483744801512288
-0.485510396975426
-0.389306238185254
-0.920107750472588
-0.873635160680526
-0.809003780718337
0.317502835538753
-0.0867844990548203
-0.737669187145556
-0.743058601134213
-0.303941398865784
0.40147448015123
-0.187614366729676
0.268379962192817
-0.315421550094516
0.819750472589792
0.442714555765597
0.069434782608697
-0.922778827977315
-0.581674858223062
0.11966729678639
0.860852551984876
0.689160680529301
-0.528366729678638
0.579281663516068
0.261357277882798
-0.826253308128544
-0.85337618147448
-0.645903591682419
0.639514177693762
0.0871852551984877
-0.622793950850661
0.939062381852552
-0.714451795841209
0.632137996219281
0.861357277882798
-0.950355387523629
-0.504308128544423
0.706582230623819
0.72562381852552
-0.745595463137996
-0.72237618147448
-0.215362948960302
-0.375759924385633
0.379
0.548
-0.573
-0.329
0.332
-0.67
0.141
0.432
-0.543
-0.243
0.843
-0.399
-0.17
-0.903
-0.463
-0.109
-0.875
0.255
-0.345
-0.321
0.268
-0.564
0.504
-0.407
0.717
-0.105
0.883
0.025
0.481
-0.595
-0.734
-0.072
0.192
0.167
0.207
-0.938
-0.125
0.507
-0.166
-0.957
-0.485
0.667
0.941
0.208
-0.548
0.068
0.072
0.981
0.961
-0.183
0.62
0.015
0.641
-0.892
0.368
-0.058
-0.956
0.833
-0.047
-0.563
-0.554
-0.884
0.951
-0.948
-0.509
-0.086
0.409
0.663
-0.11
-0.525
-0.984
-0.383
-0.58
-0.388
-0.837
0.6
-0.505
-0.705
-0.859
-0.351
0.823
0.902
0.063
-0.336
-0.216
0.25
0.286
0.083
0.798
-0.736
-0.982
0.041
-0.446
-0.603
0.596
-0.601
0.716
0.888
-0.283
0.537
0.658
0.408
0.09
0.486
-0.2
0.002
-0.406
0.029
0.944
0.768
-0.553
0.748
0.692
-0.697
-0.387
-0.456
0.053
0.286
0.267
0.241
0.627
-0.675
0.865
-0.374
-0.543
-0.026
-0.938
-0.977
0.015
0.764
0.884
-0.394
0.578
-0.397
-0.01
-0.585
-0.189
0.576
0.863
0.782
-0.344
-0.744
0.139
-0.97
0.816
-0.731
0.348
-0.75
0.783
0.051
0.346
-0.571
-0.38
0.475
0.909
0.333
0.542
-0.536
0.029
0.826
-0.061
-0.43
-0.987
-0.82
0.883
0.84
-0.83
0.089
0.312
-0.802
0.733
0.476
0.423
0.485
-0.416
0.37
0.186
0.835
-0.191
-0.812
