-2.37426465027997
-0.940744801512158
-0.433107750472589
-1.13845368620032
-0.174202268431011
-0.743155009451631
-0.652716446124858
-0.225969754253364
-0.592291115311757
-0.549287334593524
-0.0274952741020564
-0.53279773156891
-0.66408506616251
-0.424841209829881
-0.0256843100188736
-0.172671077504734
0.0597088846880096
-0.138763705104037
-0.220580340264715
-0.0498601134215605
-0.0148147448015125
-0.240092627599296
-0.481714555765713
-0.359689981096475
-0.157368620037827
0.0916427221172188
-0.0730189035916791
0.141026465028346
-0.147899810964097
-0.0875330812854113
-0.106455576559574
-0.053943289224994
-0.00167107750472432
-0.0793572778828386
-0.239434782608682
-0.113427221172047
-0.158865784499038
-0.18240831758036
0.0836691871455781
-0.037283553875216
-0.0651814744802103
7.14332325141821
-0.122682419659802
0.0786616257088695
-0.121909262759928
-0.0430699432891936
0.326697542533118
0.0776691871455712
-0.141353497164478
-0.139158790170133
-0.20780718336482
0.141457466918697
0.0698034026464712
0.0535500945179708
-0.045300567107732
0.018001890359189
0.185582230623809
0.0815916824196574
-0.0467750472589759
-0.0890964083175839
-0.013708884688076
-0.14298676748585
-0.143342155009447
0.230591682419663
-0.0567807183364834
-0.044495274102038
-0.171540642722125
-0.062098298676765
-0.152325141776933
0.0168544423440479
-0.0294007561436441
0.0884706994329195
-0.33921739130436
-0.15027032136106
-0.048533081285429
0.335718336483932
-0.383060491493377
-0.0731909262760168
-0.0298960302457412
-0.308587901701322
0.207706994328926
0.118688090737265
0.121226843100216
-0.315979206049149
-0.0187221172022402
-0.165209829867684
0.299638941398873
0.0539470699433055
-0.014207939508497
0.0435482041587812
0.102691871455582
0.0468223062381895
-0.0434782608695608
0.0423308128544354
0.157427221172027
0.10568809073724
0.271015122873346
0.26723629489602
0.426085066162579
-0.0165047258979359
0.215372400756152
-0.310164461247644
0.432207939508531
-0.21119281663516
-0.561608695652175
-0.267032136105866
-0.0613856332703201
-0.130115311909266
0.310913043478262
-0.381546313799617
-0.307349716446123
-0.145818525519845
0.702170132325145
-0.0699999999999978
-1.16358790170119
0.0471871455576605
-0.320034026465031
-0.556151228733457
0.0153270321361105
0.181680529300572
-0.346497164461255
0.127536862003781
0.565058601134203
0.461916824196595
0.143368620037806
0.00175425330812651
0.166920604914931
-0.765818525519848
-0.462761814744801
-0.237451795841209
-0.440550094517962
-0.256156899810961
-0.349937618147443
0.857591682419649
-0.876984877126652
0.376567107750474
0.0744215500945183
0.632459357277884
0.410035916824193
-0.709629489603022
-0.64877504725898
0.810189035916823
-0.857682419659736
0.428247637051039
-0.0460775047258984
0.391650283553875
0.495826086956521
-0.228731568998112
-0.0818884688090735
-0.823597353497163
0.219618147448014
-0.758899810964084
-0.311
-0.00234215500945184
-0.697890359168242
-0.453807183364839
0.232
0.071425330812854
0.62464461247637
-0.335574669187146
-0.233574669187146
-0.24789035916824
0.179
0.365
-0.554
0.16
-0.45
0.458
-0.745
-0.199
0.666
-0.711
-0.298
0.388
-0.042
0.047
-0.761
0.986
-0.2
0.72
0.133
-0.301
0.368
-0.642
-0.01
0.833
0.827
0.667
0.65
0.84
-0.906
0.865
-0.755
-0.218
0.523
0.308
-0.47
-0.131
-0.23
0.715
-0.423
0.94
-0.436
-0.812
-0.544
-0.008
0.695
0.301
-0.949
0.256
-0.655
0.245
-0.705
0.933
0.555
-0.909
0.386
-0.18
-0.626
-0.387
0.333
-0.118
0.807
-0.585
-0.293
0.801
-0.957
0.92
0.864
0.65
-0.484
0.37
0.215
0.085
0.143
0.193
-0.865
0.18
0.901
0.997
-0.863
-0.475
0.616
-0.607
0.495
-0.152
0.569
-0.688
0.226
0.432
0.922
0.709
-0.506
-0.843
-0.619
0.694
-0.868
-0.852
0.481
-0.345
-0.052
0.775
0.436
-0.6
-0.26
-0.026
-0.971
0.21
-0.211
-0.638
0.955
-0.795
-0.081
-0.623
-0.525
-0.193
0.265
0.414
-0.08
0.858
