-2.67118714954173
-1.39329867750759
-0.163591685578765
-0.863391304104972
-1.02572023169899
-0.550051043498451
-1.31268053160202
-0.699207940399058
-0.983631380047767
-1.87161247510056
-0.58631001992691
0.544035924979952
-0.225056710591543
0.127516070493805
-0.13235916506286
-0.149542533149319
-0.252351605611632
0.0824347812661203
0.0721436655743573
-0.229224953405331
-0.199724004239138
-0.00185255119698937
-0.101623818765703
-0.307631378814219
-0.148480151992296
0.0577807206674425
-0.0185746729638023
0.0430567108074587
-0.075274103062315
0.0542173929966182
0.00315501005743602
-0.0488374321332878
-0.261241966663191
-0.11889791867875
-0.051688089726693
0.0227844982443277
-0.0568317594283719
-0.065194705433132
0.0756748583921706
0.0211928166161159
0.0822192843008634
0.12804725936946
0.049763702542705
-0.0239111555070377
0.0608487685392336
0.0517259006749466
-0.0492741026638166
0.0515179599347239
0.0585311911481516
-0.213491495499235
-0.184103972125132
7.15568430619663
0.273472592758591
0.186534969811204
0.237945182493029
0.240022683028409
0.220085064180992
0.188415879285854
0.0967542486617636
0.0977372413487943
0.093192817657003
0.0405689987884887
0.0433156928190937
0.0241001888500395
0.0335973543084069
-0.0102589772870873
-0.0790321370931992
0.133964085383872
0.0271172032290229
0.122030246499939
-0.0503194703120402
0.0764536876693735
0.0507580367264187
-0.0639432942452562
0.0104291135199239
-0.147296788351698
0.0418071789522211
-0.0224196613761675
0.0237618139455422
-0.169015123130089
-0.0220642734729451
-0.0325765609054403
-0.0349527387039195
-0.00871833631564055
0.0345879010379868
-0.134153116593601
0.0614328941621776
0.0168185229818949
0.0248601115433996
-0.185432892309424
0.121170131707083
0.0431266530995323
-0.169982987559523
0.317485824001945
-0.0499848745640059
0.0249130407655095
0.0626616267982958
-0.0482022689634085
-0.156846882678441
0.106024579219922
0.053860113968708
0.264493379861189
-0.186948959783345
0.102758033127188
-0.329051040361779
-0.114999998769062
0.435786391250671
-0.302478261571637
0.15469753856138
0.207682423645547
0.2338487711891
-0.363166349649287
-0.073633274056529
0.0409035940697397
0.14914933997987
-0.237281663149925
-0.150525518805223
0.297395087836585
0.240551980123609
0.683669188512384
-0.292580335852687
-0.335508508164125
0.152574664711192
-0.431880910890567
-0.624241966726391
-0.341563323862478
0.386646502475655
0.0131323260424745
0.0997466909122524
-0.601637048051751
0.515703210950096
-0.0584782576808554
0.108765600401074
0.345045367476323
0.113230623649431
-0.819544425022788
0.247654066122906
0.756665404830101
-0.853438562147482
-0.582697542669664
0.65094139920805
-0.0316937610175761
0.768264651262411
-0.601591683009088
-0.702930055159396
0.356311911835949
-0.253001892287985
-1.00432514203261
0.381096407704935
0.730436673878394
0.0557788280787229
-0.267633269907291
-0.47
0.39988279790904
0.899313799651502
-0.354724006969903
-0.256
0.537079395469557
-0.52929300522742
-0.937920604530438
-0.422920604530442
0.766313799651502
0.762
0.143
0.383
-0.721
-0.539
0.311
-0.259
-0.785
-0.59
-0.127
-0.697
0.281
0.721
-0.297
0.226
-0.4
-0.16
0.477
0.168
-0.594
0.168
0.309
0.388
0.164
0.905
0.43
0.247
-0.438
0.39
0.236
0.317
0.903
0.981
-0.858
0.684
-0.215
0.244
-0.854
-0.371
0.642
0.312
0.434
0.583
-0.791
-0.486
0.248
0.7
0.2
0.492
-0.857
-0.255
0.049
-0.059
-0.781
-0.398
-0.548
0.754
-0.782
-0.626
0.031
-0.937
-0.821
-0.175
0.174
0.556
-0.6
0.299
0.579
0.018
-0.56
0.356
-0.306
-0.152
0.526
0.093
0.733
0.725
0.179
-0.351
-0.344
0.73
-0.953
0.069
0.246
-0.51
-0.732
-0.038
0.762
0.54
0.231
0.03
0.025
0.772
0.598
0.579
0.132
-0.392
-0.592
-0.347
-0.886
0.949
-0.879
-0.819
0.052
-0.213
-0.95
-0.799
0.415
0.125
-0.132
-0.273
-0.425
0.569
0.717
0.3
-0.985
0.11
0.579
