-1.08273913043476
-1.44615311909271
-0.933136105860112
-0.598491493383729
0.103659735349727
-1.21058790170142
0.480090737240086
-0.768877126654065
-0.527533081285429
-0.414567107750465
-1.08699621928166
-0.900041587901693
-0.655644612476358
-0.171448015122871
-1.42596597353488
-1.1414328922495
0.0345803402646495
-0.0692117202268435
-0.569478260869561
-1.4781077504725
-0.170841209829865
0.25692816635161
0.0170869565217384
-0.66666162570888
-0.137311909262758
-0.528591682419654
-0.0831379962192791
-0.961243856332702
-0.446655954631377
0.29295085066163
-0.642028355387518
-1.39770321361059
-1.25842344045365
-0.548018903591677
-0.0990302457466907
0.14499054820416
0.262347826086956
-0.867298676748579
-1.17593761814745
-0.907988657844984
-0.309139886578447
0.0756880907372396
-0.887134215500942
-0.998967863894136
-0.589523629489597
-0.0916275992438567
-0.167850661625708
0.356654064272213
0.499310018903597
0.536920604914937
-1.09640075614366
-1.0348733459357
-0.744238185255194
0.334345935727789
-0.25485633270321
0.175873345935729
-0.482198487712665
-0.147436672967864
0.278896030245747
-1.11496786389415
-0.0362400756143663
-0.333240075614366
0.379047258979208
0.0688752362948963
-0.898247637051037
-1.08343289224951
-0.451691871455577
0.668784499054823
0.543784499054821
-0.921200378071832
-0.818241965973532
0.000650283553875097
-0.134767485822306
-0.642168241965973
-0.173221172022683
0.199122873345937
0.225347826086957
-0.101620037807183
0.616151228733461
-1.02063705103969
0.405327032136105
0.214689981096408
-0.193595463137996
0.164761814744802
0.640296786389415
-0.348230623818525
0.548275992438564
-0.5984404536862
-0.876810964083176
0.920221172022684
-0.128009451795842
-0.419610586011342
0.0636351606805297
-0.750533081285444
0.185434782608696
-0.840321361058601
-0.70180718336484
0.144179584120983
-0.675916824196597
-0.1838393194707
-0.380066162570889
0.677015122873346
-0.711287334593573
0.443667296786389
0.474727788279774
-0.0242722117202268
0.214733459357278
-0.913979206049149
-0.357799621928166
0.527534971644612
-0.981421550094518
0.743185255198488
0.248644612476371
0.195508506616257
-0.615285444234404
0.766973534971645
-0.919
-0.621253308128544
0.489960302457467
0.5024404536862
-0.528266540642722
-0.785253308128544
0.512986767485822
0.57766729678639
0.237
0.525226843100189
0.924200378071834
-0.276066162570888
0.161
-0.262066162570888
0.0639735349716446
-0.800266540642722
-0.4205595463138
-0.0662665406427221
0.521
0.837480151228733
0.0597202268431002
0.1954404536862
0.601187145557656
-0.402066162570888
0.377907372400756
0.527
0.869
-0.282
0.861
0.271
0.517
0.991
0.826
0.504
-0.901
0.953
0.657
-0.219
-0.562
-0.514
-0.802
-0.384
-0.688
0.983
0.051
-0.573
-0.067
0.883
-0.544
0.91
0.098
-0.678
0.734
-0.398
-0.298
-0.191
-0.3
-0.142
-0.919
-0.034
-0.65
-0.189
0.823
0.965
-0.962
0.997
-0.017
0.657
-0.276
0.145
-0.437
0.875
-0.484
0.035
0.664
-0.519
-0.041
0.698
0.631
0.07
-0.406
0.985
-0.739
0.951
-0.827
0.194
-0.744
0.223
-0.199
0.289
0.252
-0.201
-0.301
0.472
-0.864
0.386
-0.207
-0.654
0.944
0.054
0.444
0.275
0.159
0.311
0.346
0.223
0.805
-0.301
-0.062
-0.779
0.85
0.001
0.226
0.011
-0.629
-0.636
-0.45
0.871
0.792
-0.156
0.74
0.759
-0.144
0.435
0.892
0.764
0.175
0.044
-0.102
-0.723
0.688
-0.388
0.754
-0.424
0.625
0.318
-0.174
-0.05
-0.396
-0.051
0.389
0.556
-0.715
-0.42
0.439
-0.749
0.572
0.687
0.1
0.771
-0.164
-0.079
-0.447
0.1
0.314
0.684
-0.581
0.723
0.418
0.581
-0.953
-0.24
0.8
-0.34
