-1.47242344045326
-0.115899810964033
-0.751485822306236
-1.35390926276067
-0.292499054820364
-1.64023062381929
0.616395085066224
-1.55089035916821
-0.73090926275983
-0.588277882797667
-0.974429111531183
-1.33517391304347
-0.641805293005636
-0.934446124763665
-0.297888468809057
-0.177098298676749
-0.883378071833653
-0.438117202268445
-0.219090737240052
-0.942759924385517
0.311718336483923
-1.06739130434773
-0.381086956521737
-0.135648393194692
-1.35760113421545
-1.04718336483907
0.1611209829868
-1.41509451795832
-1.23167107750466
0.0410037807183611
0.41258223062382
0.0766446124763853
-0.470699432892229
-0.188576559546297
-1.21539697542528
-0.0785160680529397
0.00117769376183247
0.705676748582268
-0.491005671077483
-0.114230623818518
0.104162570888562
-0.0368903591682173
-1.56167674858207
0.0596483931947202
-0.706546313799596
-0.0655765595462987
-0.357117202268414
0.275325141776961
-0.17710018903589
0.271516068052946
-1.14659168241947
0.354869565217411
-0.369020793950839
0.212364839319508
0.431557655954648
-0.990625708884642
0.555829867674889
-1.02515500945177
-0.371126654064247
-0.679625708884661
0.719860113421585
-0.347109640831737
-0.280049149338352
-0.526221172022662
0.581843100189048
-0.244362948960284
-0.127761814744787
-0.560979206049132
0.49597920604919
0.446451795841224
-0.300731568998079
0.187410207939546
0.266026465028415
-0.0746691871455531
-0.25060869565216
-0.435890359168236
-0.590362948960277
0.727924385633306
-0.0817485822306142
0.486803402646559
1.0183459357278
0.412678638941436
0.739266540642726
-0.121389413988651
-0.191894139886562
-0.75372400756142
0.410166351606822
0.226671077504735
0.0215879017013418
0.721771266540649
0.82264839319472
0.354782608695665
0.177937618147424
1.05724007561446
-0.346905482041572
0.0869054820415976
0.0493421550094594
-0.542544423440439
0.235839319470717
0.513659735349728
0.544226843100196
0.00862759924385657
0.742483931947195
0.302251417769378
0.700264650283611
0.237359168241962
1.03827599243858
0.192361058601134
1.33631947069945
0.906672967863967
0.994767485822348
6.96159357277879
0.988485822306234
0.143905482041585
0.772672967863912
1.8260850661626
0.264703213610587
0.234534971644606
0.141570888468813
-0.00475236294895337
0.367627599243852
-0.371500945179566
1.41596030245746
0.147026465028356
0.422952741020795
-0.957026465028351
0.0553137996219279
0.429431001890363
-0.00192060491492857
-0.49257844990548
-1.2144933837429
-0.401788279773147
-0.567988657844991
0.0629092627599262
0.627359168241971
0.170871455576559
-0.989122873345933
0.31744990548204
-0.81125708884688
0.844376181474477
-0.204153119092629
-0.450491493383738
-0.31433459357278
0.436748582230623
0.0350775047258971
-0.223593572778831
0.195637051039698
0.587907372400759
0.603510396975424
0.337406427221175
0.817894139886578
0.147037807183364
-0.394
0.773618147448014
-0.691396975425331
-0.228939508506617
-0.552
-0.842160680529299
0.124045368620038
0.646839319470701
-1.04716068052931
0.189603024574669
-0.025
0.853
0.192
0.932
0.531
0.72
-0.544
-0.893
0.654
0.692
-0.294
0.904
0.327
0.664
0.871
0.957
-0.501
-0.664
-0.121
0.802
0.927
0.723
0.439
-0.251
0.469
-0.491
0.182
-0.242
-0.47
0.733
0.959
-0.228
0.486
-0.244
-0.365
0.12
-0.433
0.182
0.83
0.477
0.25
0.376
-0.982
-0.738
-0.179
-0.298
-0.491
-0.346
0.107
-0.51
0.794
-0.057
-0.097
-0.714
0.272
0.251
-0.587
-0.557
-0.538
0.021
-0.462
0.698
0.576
0.92
0.733
0.933
-0.583
-0.43
0.029
-0.249
0.389
0.316
-0.494
0.402
-0.449
-0.449
0.705
0.177
0.928
-0.234
-1
-0.473
0.65
-0.961
0.939
0.015
0.869
0.2
0.483
0.383
-0.294
-0.876
-0.281
-0.191
-0.062
0.552
0.8
-0.903
-0.472
-0.113
-0.715
0.939
0.625
-0.644
0.1
-0.523
-0.563
0.5
0.734
-0.279
0.546
0.236
-0.486
0.695
0.021
-0.989
-0.953
0.536
