-2.11604726302661
-1.3876956565639
-0.815189034233036
-2.16232514544807
-0.554153116627787
-1.47593573239602
0.24050094693621
-0.452378065803337
-1.33281853620538
-1.31350661879939
0.127308130871838
-1.83356522103579
-0.427862000882087
1.98906428591604
-1.28033271211651
-0.945531193931684
0.493461255163682
-0.518145557994544
-2.21758980662544
0.167525518487667
-1.86290170992953
-1.23771643947318
-0.602888473894251
-1.71366541206653
-0.682965971713011
-0.654238177619407
-0.201379959319688
-0.121495269605741
0.406640837186147
0.751899815428211
-0.162674853195003
-0.92730434450909
0.39230813003528
-0.825077507615937
0.981758040387504
-0.175241959990346
0.0134385683065801
0.434595460211582
-0.451073711722576
-1.084994327691
-0.667379966808994
-0.507926271593044
0.403085071585799
0.0827958430668683
-2.13249717186285
-0.789432889376442
0.0896635163356874
0.339631392486088
-0.828041593569938
-0.261389414332274
-1.70741776869002
-0.825960294447299
-0.415693755608436
0.144137993950531
0.463733464215816
0.776576558446316
-0.960657848684718
-0.586928157816846
-1.20809263601485
1.05863138325245
0.372845000543902
-0.0213289268691421
-1.64404538157566
-0.560576553299681
0.458754258060944
-1.15290170430107
0.436272207232302
0.708219282362072
1.34459358188222
0.935071841311139
0.850718340022035
0.221956512834334
0.0527296776453264
0.666168250849116
-0.246387526979494
-1.05517203410731
0.165051045483432
0.604194713985111
-0.422897923237133
0.672527410409493
0.14570132353033
-0.0922476416473993
0.664202273591605
-0.562451793257459
1.26026276445672
-0.376506612043735
-0.649472595601129
0.41811342183547
0.720026465960839
1.0647674857684
1.08299810785962
0.651351612053097
0.766688089420543
-0.786650285698968
0.482803409391406
1.25158601286289
1.17524952950001
0.713795839199603
2.39634027426859
9.21699433649464
2.09404915406054
1.34893005442233
-1.0997637196807
0.765659749877689
-0.497937623031149
0.506818520525607
0.562141771193926
1.14394139785669
1.47747448572644
0.928916823412931
-1.18815122824532
-0.701194713922336
0.193105857348595
-0.103737236327064
-0.82870510903806
2.13923441170545
-0.62262949292553
-0.335334588595263
0.196788281081502
0.566215498538966
-0.500506609414953
-0.577500945306954
0.432986764718926
-0.284642721772864
2.09805672564536
1.72479206836515
1.29306806291873
1.89475993796883
2.35410397685375
-0.743105859679634
-1.31619660242818
-1.40710964603658
-0.921170145404397
-1.36541210375999
0.396342152511567
-1.19411531314847
0.0128090765014241
0.670085070405419
-0.272792060725344
-0.145523626020661
1.07202458036343
-0.517941402997419
-0.359179581243557
-0.0167826075886287
0.458818528464148
0.3122173951712
-0.808586013537175
0.473449903810921
-0.64953308315372
-0.331391307340715
-0.118128544698072
-0.923119092630406
-0.282
-0.0834858216682191
-0.7352476369447
1.02404726110595
-0.93
-0.503219280281147
0.734285445829457
-0.802219280281147
0.134780719718855
-0.982247636944694
-0.72
-0.347
0.959
-0.949
-0.553
0.964
-0.148
0.162
0.226
-0.2
0.885
-0.724
0.887
0.712
-0.373
-0.993
-0.379
-0.705
-0.493
-0.193
0.513
-0.987
0.853
-0.772
0.322
-0.04
-0.809
-0.79
-0.974
-0.675
0.872
-0.003
-0.814
0.614
0.166
0.833
0.008
0.558
-0.926
-0.337
-0.033
-0.845
-0.591
-0.86
-0.756
-0.559
-0.054
-0.461
0.122
-0.937
0.696
0.232
0.511
-0.852
-0.509
-0.734
-0.201
0.731
-0.271
0.487
0.772
-0.358
0.136
-0.099
-0.073
-0.113
-0.91
-0.728
-0.455
-0.206
-0.001
0.063
-0.779
0.844
0.839
0.357
0.603
0.713
0.983
-0.119
-0.986
0.652
0.087
0.963
-0.372
-0.36
0.486
-0.963
0.123
-0.101
0.033
0.276
-0.171
-0.413
-0.11
-0.675
0.019
0.508
0.212
0.357
-0.65
-0.327
0.993
-0.673
0.063
-0.367
0.011
0.667
-0.691
0.133
-0.338
0.086
0.747
0.847
0.473
-0.88
0.554
0.172
