-1.43994329170631
-0.264975426785701
-0.202654064275026
-1.36063894218242
0.204245746644773
-1.79412287479088
-0.2068279767586
-1.09127599374512
-0.402470700744051
-0.226187147638584
-0.788544423600997
-0.341805294907027
0.000139885527081544
-0.0145255201212994
-0.824763706854597
0.631164458733595
-0.878665406014659
-0.913255202444681
-1.53319659611255
-1.3539848773844
-1.23354631502853
-0.496909262307065
-0.79971644810006
-0.639935725494619
-0.697727789958581
-0.65977126630191
-0.0976994329182786
-1.15952363149818
-0.653376180484223
-0.852725898574115
-0.309035916579107
-0.703466919322938
-0.778620037542343
-0.301860114303207
-1.04520226738928
-1.51963705044859
-0.497383742065316
-0.00392249507480278
-0.339896030176039
-0.313168242436384
-1.28607750337773
-1.24912098273695
-0.320071833214567
-0.751801512688677
-0.597608694055654
0.802771266249106
-0.538706995112668
-0.255243855854483
0.0730623827187515
0.399935725851015
0.183100188103605
-0.806519848340977
0.481068054096957
0.228984877968851
-0.90515312179817
-0.231880907744207
-0.539030246945265
0.37489980906907
0.0706824198956566
0.0089130444007889
-0.525440456198122
-0.815924383971286
-0.314884690370962
-0.224090737290779
-0.109455577567258
-0.172034027784752
-0.2719281659664
-1.38514555664948
0.468011341829729
-0.652534972563575
0.403304346976813
-0.681508508431015
0.0363289226664025
0.256712666672626
1.04140264597706
-0.348508506871876
0.121264650322973
-1.15874480243423
-0.149793953219609
-0.705319469681101
-0.231090736898527
-0.184712666749379
0.52941020672971
-0.4894650283568
1.09228544310673
0.478769376273738
-0.663323250721293
0.82315311862786
0.470913043957131
0.207559546264543
-0.201353499241858
-0.0686918705499426
0.537871453230142
0.361493385326691
-0.104788280054858
-0.488119095173309
-0.801438561825621
-0.132890361529461
1.58519848964731
0.42418903435499
-0.824875236946963
0.507260869382862
0.427965973296921
0.00154253102075952
-0.159519846847325
0.388758034599736
1.01848582226098
-0.778251419822111
1.80345368627524
0.665945178676434
0.833196596831704
-0.213705104404258
0.918502836373985
-0.552069943911007
-0.384483933882226
1.14017958433671
0.487597352598606
0.343996218605623
0.111924385093832
0.140839319537625
-0.0836238197276109
0.308644614977033
1.61515312050858
0.0204234416853664
-0.129300565054219
0.648130433793184
0.388937616891852
-0.495351607633458
0.903939510637598
1.82029867690473
0.63308128559001
0.379383741756224
0.18426276133708
0.523504726741572
1.44884877142209
0.527007560267018
0.441858223368749
-0.253370510068122
0.241652175667243
0.0754555778862854
-0.0188827970921413
1.66808695816974
0.920920604679037
0.943531191743862
0.526206050088774
1.32586011183121
0.577975426668097
0.754584121811145
2.01222684580605
0.846052934394663
0.358396975138003
0.793640830901713
0.591
-0.377285444420326
0.154119092596617
0.778381851932275
0.074
0.825548203755989
-0.349213611050796
-0.828451796244011
-0.840451796244011
0.607119092596619
0.574
0.741
0.415
0.847
-0.801
0.025
-0.885
-0.276
0.452
-0.257
0.134
-0.102
-0.059
-0.871
0.214
-0.628
0.803
0.529
0.127
-0.938
-0.821
0.818
-0.376
-0.01
0.545
0.821
0.495
-0.762
0.203
-0.394
0.544
0.939
0.935
-0.396
-0.232
0.657
0.691
-0.451
-0.18
-0.869
0.11
0.118
0.325
-0.596
-0.851
-0.308
0.663
0.021
-0.498
-0.298
0.981
0.074
0.003
-0.943
0.425
0.756
0.116
-0.575
-0.698
-0.622
0.529
0.876
0.52
-0.154
0.199
0.195
-0.037
-0.664
0.361
0.556
-0.32
0.254
-0.291
-0.004
-0.048
0.06
-0.508
-0.781
-0.16
-0.148
-0.842
-0.527
0.736
-0.499
-0.376
-0.53
-0.065
0.877
0.178
0.012
-0.459
0.266
-0.753
-0.559
-0.399
0.233
0.598
-0.522
0.205
-0.046
0.729
0.326
0.66
-0.055
-0.978
-0.273
-0.636
-0.993
0.105
-0.635
0.263
-0.104
0.584
0.449
-0.78
0.056
-0.86
0.019
