-2.28108128544051
-0.707916824196204
-1.17418336483929
-1.00442722117234
-1.55134026465081
-0.753113421549664
-0.976234404536518
-0.526971644612591
-1.17010964082875
-1.39589603024538
-0.552402646502733
-0.739434782608384
-0.823277882797467
-0.110829867674785
-0.0982268431001247
-0.202463137996217
-0.271056710775018
-0.277094517958421
-0.0655614366729434
0.0107996219283216
-0.183879017013221
-0.224689981096407
-0.0385879017013333
-0.304094517958339
-0.323342155009378
0.0671776937619486
-0.0543591682419159
0.0238317580340924
0.0954499054821747
-0.0933516068052066
-0.0781172022684219
0.16386956521743
-0.171436672967776
0.0598884688091248
-0.198311909262691
0.156236294896084
-0.18438374291112
-0.0773364839318868
0.117459357277933
0.0420699432893138
-0.0371436672967247
0.231323251417791
0.326797731568992
0.0446937618148107
0.343073724007614
-0.0313005671076333
-0.0370415879016585
-0.19298865784494
0.24091871455581
0.0345652173913663
-0.208916824196588
0.208325141776988
0.0666843100189185
0.0320869565217568
7.42216068052952
0.17092438563326
0.48089981096414
0.463977315690089
0.40817958412101
0.161255198487744
0.00534971644614997
0.191332703213632
-0.0765803402646082
0.128763705103981
0.0621285444234795
0.166998109640862
-0.0306635160680518
-0.240444234404543
0.0747221172023115
-0.0910018903591628
0.0192003780718511
-0.083661625708871
0.118623818525528
-0.0301814744801469
-0.473850661625714
0.00771077504724753
0.282160680529333
-0.0081398865784649
0.0574631379962351
0.121474480151229
0.158039697542535
-0.0834877126653838
-0.0961587901701493
0.026330812854442
-0.00925330812854455
0.0897391304347864
0.104274102079401
0.361693761814757
0.106482041587937
0.159064272211728
-0.11347069943287
0.108727788279788
0.126960302457469
-0.191298676748545
-0.378213610586017
-0.68736105860112
-0.0512646502835477
0.0576200378071988
0.0552892249527435
0.268703213610606
0.186981096408322
0.293667296786393
0.522877126654098
-0.0192684310018792
-0.190739130434769
0.0439319470699642
0.0391342155009582
-0.250069943289224
0.132064272211728
-0.740614366729671
0.31598487712667
0.238567107750478
0.183396975425327
0.169920604914942
0.196977315689983
-0.137060491493382
-0.135003780718324
-0.0377485822306183
0.131345935727795
0.424185255198494
0.0135746691871507
-0.305928166351598
0.298103969754255
0.0319149338374332
0.27955765595464
0.525311909262764
-0.454005671077496
-0.273780718336486
0.296519848771274
-0.304920604914939
0.389788279773154
-0.145079395085064
0.17800945179584
-0.641769376181468
-0.245563327032139
-0.0402192816635187
-0.224094517958412
0.23874480151229
-0.240396975425325
0.0120321361058625
-0.455538752362949
0.0419073724007569
0.0225803402646505
-0.634054820415878
0.669166351606807
0.110572778827976
-0.998164461247637
-0.213620037807179
-0.817914933837428
0.424725897920606
-0.568480151228733
0.512421550094518
0.18
-0.271124763705103
-0.545020793950851
-0.390415879017012
-0.943
-0.0222703213610589
0.183688090737241
-0.713270321361059
0.587729678638941
0.715979206049149
0.175
-0.615
0.923
0.806
0.414
-0.854
-0.921
-0.087
0.578
-0.948
0.619
0.573
-0.944
0.827
-0.889
0.227
0.185
-0.384
0.661
0.433
-0.058
0.851
-0.564
0.763
-0.973
-0.402
0.579
-0.487
-0.351
0.714
-0.125
-0.151
0.464
-0.078
0.736
-0.68
-0.308
-0.816
0.603
-0.898
-0.424
0.374
-0.909
-0.646
0.78
0.606
-0.381
-0.381
-0.682
-0.171
0.676
-0.568
-0.491
-0.963
-0.236
0.324
0.948
-0.841
0.779
-0.184
-0.434
0.565
-0.737
0.863
0.177
-0.231
-0.891
0.133
-0.909
0.791
-0.466
0.001
0.013
0.559
-0.143
0.568
0.759
-0.918
0.982
-0.58
0.978
-0.04
-0.806
0.819
-0.962
-0.558
-0.66
0.427
-0.842
-0.589
-0.628
-0.468
-0.596
-0.214
0.535
0.01
0.11
-0.773
0.177
0.011
0.497
0.486
-0.472
-0.473
-0.706
-0.326
0.418
-0.051
0.179
0.196
0.564
0.866
-0.823
0.359
-0.163
0.606
0.37
-0.557
