-3.68128922493818
-1.64110396978469
0.263107750472643
-1.31354253311606
-2.01264650283498
-2.7145879017384
-2.36850283553834
-0.366266540643284
-1.45589792057988
-1.32828733459458
-0.690109640831279
0.460149338377311
-0.281003780717607
0.0928279773159791
0.263219281665473
0.0789565217396628
0.00337807183460017
-0.0215576559543009
0.109856332703784
0.0343364839321829
0.221716446125193
0.329213610586212
-0.0370831758032084
0.277436672968915
0.0379621928174744
0.535671077506479
-0.146370510396201
0.199291115313342
0.161703213611522
0.0101436672975751
-0.143431001889403
0.0519489603032199
-0.179591682419002
-0.210848771265233
-0.410258979205425
0.241162570889802
0.145103969755471
0.161500945180749
0.0659319470708478
0.0286597353502119
-0.0381947069935958
-0.047228733459074
0.154260869566115
-0.0622079395074342
0.228005671078591
-0.060236294894924
-0.0610396975416717
0.056510396976733
0.0976729678643842
0.00754820415938722
0.142746691871923
0.0180283553880725
0.0628128544428889
-0.196718336483449
0.0933459357284075
0.00503780718371461
-0.202792060490865
-0.0426843100183134
0.201425330813656
-0.0615500945172885
0.260177693762645
0.356591682420083
0.324109640833478
0.53201323251478
0.926674858224969
11.93605293017
0.658117202269379
0.780979206050289
0.792257088847803
0.212928166351915
0.139374291115624
0.181141776937818
0.371867674859064
0.0924839319471633
0.153761814745254
0.379058601134872
0.146069943289516
0.2675085066167
0.25448015122887
-0.215183364838883
-0.0474839319469796
-0.157039697542259
-0.0851096408315793
-0.022175803402501
0.324863894140333
-0.286750472589511
-0.019425330812668
0.0208525519849605
-0.138788279772932
0.3048752362952
-0.0286351606804736
0.0573534971646549
-0.0333081285442764
0.0537580340264995
-0.0623856332703139
0.106631379962407
-0.0291833648392644
0.195971644612587
0.45251606805304
-0.562017013232668
-0.184854442343938
-0.395421550094504
0.0383005671078148
0.352608695652381
0.0538468809074193
-0.0161833648392512
0.277068052930084
-0.47490548204148
0.34748015122884
-0.592423440453674
-0.737967863894069
0.680400756143801
-1.03587712665415
-0.406170132325122
0.32000000000009
-0.235901701323207
-0.108920604914922
1.43649527410254
-0.249899810964106
1.99078071833658
-0.559699432892217
-0.748423440453718
-0.487132325141753
1.11020037807154
-0.721156899810916
-0.655219281663525
-0.178272211720197
-0.503778827977299
-0.90609451795838
-0.0743251417769233
0.156296786389407
0.00917202268433065
-0.109920604914926
0.449294896030273
0.319332703213602
-0.298565217391285
0.868404536862001
0.069315689981102
-0.655890359168295
0.0536578449905509
0.247090737240097
-0.473631379962207
-0.0846616257088712
0.513181474480152
0.466701323251415
1.51538941398861
0.681604914933844
-0.455170132325141
0.194478260869567
-0.119489603024569
-0.4645595463138
-0.572066162570891
0.753
-0.855427221172021
0.921595463137994
-0.106090737240073
-0.965
-0.213258979206046
0.250931947069945
0.326741020793954
1.10774102079394
-0.793404536862006
-0.419
0.815
0.962
0.647
-0.23
0.486
0.42
0.248
-0.032
-0.303
-0.332
0.591
0.928
-0.32
-0.97
-0.455
-0.891
-0.428
-0.67
0.55
0.668
0.134
-0.305
-0.274
-0.466
0.736
-0.943
0.131
-0.464
0.049
-0.925
-0.029
0.41
0.117
-0.601
-0.55
0.175
0.168
-0.041
-0.725
0.165
0.652
-0.459
0.915
0.845
-0.839
-0.877
0.225
-0.449
0.489
-0.525
-0.556
-0.206
-0.646
-0.477
0.447
0.12
0.235
0.113
0.033
0.428
-0.711
-0.288
0.918
-0.379
0.696
-0.82
-0.19
-0.72
0.58
0.37
-0.06
0.613
-0.945
-0.615
-0.985
-0.408
-0.221
-0.12
-0.628
0.613
-0.169
-0.421
0.047
-0.427
0.63
-0.823
0.056
-0.406
-0.049
0.329
0.939
-0.946
0.925
-0.154
-0.125
-0.06
-0.377
0.293
-0.851
0.98
0.312
-0.056
-0.03
-0.882
0.534
-0.169
-0.262
0.969
-0.493
-0.146
-0.66
-0.645
-0.26
0.42
-0.403
0.709
0.665
