-2.16395652173845
-1.05955009451806
2.07176370510393
-1.2177391304352
4.03987334593589
0.400686200378136
1.75424574669207
-0.110310018903584
-0.793771266540736
-0.174555765595471
-0.312483931947066
-0.832372400756153
-0.438735349716449
0.0590812854442673
0.0181606805292824
-0.351625708884705
-0.0155708884688333
-0.042655954631377
-0.371381852552003
-0.617854442344022
-0.367899810964101
-0.80767296786399
-0.40181852551986
-0.116226843100179
0.124179584121023
0.122022684310041
-0.26330812854444
-0.18723251417769
-0.0847655954631433
-0.332971644612513
-0.118871455576563
-0.279020793950869
-0.179277882797721
-0.367181474480159
-0.0589035916823928
-0.0373327032136195
-0.260606805292996
-0.170361058601155
-0.170198487712667
-0.122032136105878
-0.337264650283489
-0.112149338374323
-0.0866975425330787
-0.391022684310034
0.134744801512281
0.234094517958447
-0.0196975425330936
-0.204701323251432
-0.225767485822324
-0.29599621928169
-0.353395085066153
-0.0399678638941503
-0.000187145557680461
-0.0540718336484101
0.0410623818525921
0.138463137996221
0.0539886578449795
-0.291215500945218
0.0191398865784422
-0.0165141776937771
-0.0250415879017002
0.219361058601146
-0.0955425330813118
0.0666105860113379
0.374790170132336
-0.0873383742911294
-0.00895463137999789
-0.0148979206049178
-0.0857561436673052
0.316308128544424
0.0847296786389194
-0.000746691871480489
0.0419489603024632
-0.265472589792077
-0.102423440453694
0.314610586011333
-0.262145557655977
-0.31750661625713
0.223453686200345
-0.0120888468809154
0.239546313799593
-0.202801512287372
0.160880907372402
-0.385177693761799
0.016587901701322
0.445198487712648
0.137990548204151
-0.11628166351608
-0.339718336483954
0.0918034026465004
0.0244631379962185
0.135051039697537
0.29679395085065
0.193669187145539
-0.234514177693773
0.0657202268430881
-0.35167296786392
-0.181245746691894
-0.123145557655985
0.145941398865769
1.09838185255206
-0.528483931947073
-0.66762192816636
0.804750472589777
0.153718336483945
0.187049149338366
-0.0228979206049145
0.312017013232513
-0.558035916824198
-0.539671077504731
-0.527557655954635
0.722629489603029
0.510323251417768
0.404574669187155
-0.109085066162574
0.454224952741024
-0.352727788279764
0.281546313799636
-1.2453459357279
0.359175803402646
0.310587901701323
-0.699911153119103
0.0364858223062365
0.684916824196596
0.611788279773152
-0.265349716446123
-0.0721701323251426
-0.195198487712663
-0.769616257088846
-1.03823629489604
0.349648393194708
-0.760538752362949
-0.341863894139892
-1.02982041587903
0.57992816635161
0.220243856332702
0.856124763705105
0.646300567107747
0.108969754253308
0.331374291115308
0.342805293005675
0.839623818525516
0.103852551984877
0.750519848771262
-0.109844990548206
-0.87396975425331
1.01644990548205
0.89883553875236
-0.532311909262761
0.0683497164461242
-0.513026465028356
-0.245750472589792
-0.779
0.25964461247637
0.483274102079392
-0.101517958412097
0.289
-0.578436672967865
0.242111531190925
-0.658436672967865
-0.549436672967865
0.388274102079398
0.445
-0.706
-0.3
-0.958
-0.178
0.783
0.922
-0.586
0.754
-0.535
-0.784
-0.116
0.289
0.909
0.571
0.294
0.1
0.654
-0.219
0.322
-0.273
0.404
0.565
-0.096
-0.896
0.338
-0.463
-0.286
-0.918
0.427
-0.447
-0.398
-0.27
-0.907
-0.587
-0.073
0.025
-0.245
0.407
-0.846
0.974
0.918
0.078
-0.945
-0.355
0.336
0.998
0.578
0.421
0.994
0.382
0.658
0.621
0.19
-0.334
-0.959
-0.271
0.796
0.938
0.484
0.246
0.207
-0.669
-0.673
0.911
0.614
-0.846
0.196
0.495
-0.356
-0.731
-0.655
-0.753
-0.374
0.347
-0.192
-0.674
0.509
-0.742
-0.233
0.339
-0.042
0.293
-0.912
-0.956
-0.105
-0.02
0.539
0.427
-0.628
-0.802
0.229
-0.184
0.922
-0.092
-0.233
0.587
-0.25
-0.857
0.031
0.182
-0.198
-0.918
-0.223
0.725
0.037
0.411
-0.005
0.843
0.857
0.715
0.219
0.537
0.17
-0.855
-0.713
0.913
-0.757
