-1.10289603024541
-1.56565217391221
0.375648393194714
-2.19508884688006
-0.238773156899935
-1.50361058601053
-1.12463137996228
-0.842223062381943
-0.438759924385574
-1.45276748582167
-0.167268431001893
-0.138793950850688
-0.598644612476388
-0.529642722117213
0.29517958412099
-0.173725897920674
0.0130075614366387
-0.0158015122873771
-0.178423440453713
0.220342155009444
0.0565708884687702
0.21039886578443
-0.110620037807224
-0.0882741020793853
-0.122372400756188
-0.075533081285473
0.00889413988654978
0.00346691871458234
-0.331941398865808
0.148587901701311
0.223623818525539
-0.170317580340284
-0.203867674858282
-0.262977315690017
-0.357153119092659
7.14870321361088
-0.132875236294982
-0.199289224952772
-0.323086956521766
0.147810964083141
-0.253156899810971
0.0851947069943285
-0.182633270321366
0.0329924385633086
-0.102332703213628
0.148485822306207
0.1160604914934
0.114608695652175
0.175321361058572
0.0461209829867756
-0.00755576559547902
-0.0718052930056961
-0.0398809073724029
-0.0349413988657693
0.231587901701317
-0.141327032136111
-0.10389792060492
0.0309754253308346
-0.104907372400772
0.222338374291113
0.0371172022684293
0.197933837429111
0.00295085066160363
0.0652438563326725
-0.0304158790170058
0.000631379962169784
-0.0592173913043943
0.0352608695652249
0.158795841209842
-0.27560113421551
0.019113421550089
0.114943289224945
0.0657372400756145
-0.132054820415884
-0.154627599243886
0.0701474480151122
-0.275264650283517
-0.188035916824189
0.222943289224978
0.320824196597343
-0.0947126654064326
0.120601134215487
0.0219073724007481
0.0968903591682319
-0.147258979206035
-0.217330812854441
-0.138470699432887
0.158578449905484
-0.249763705104016
-0.162896030245723
0.265833648393168
0.0488147448015115
0.190534971644604
-0.141361058601126
0.265230623818543
-0.0782722117202309
0.185268431001899
-0.115079395085079
-0.180975425330814
0.0723119092627721
0.0928638941398796
0.133674858223061
0.0607277882797671
0.29018714555766
0.286877126654054
-0.19196975425333
-0.206122873345939
0.135124763705107
0.0236956521739155
0.0603062381852537
0.0804801512287297
0.133759924385638
-0.210926275992437
0.00290737240075998
-0.220756143667296
0.534136105860121
0.242661625708893
0.374396975425336
0.163771266540644
0.459599243856333
-0.785283553875242
0.0567240075614413
0.247217391304345
-0.0380037807183366
-0.0754612476370517
0.883287334593592
-0.187650283553877
0.42685255198488
-0.436982986767493
-0.466296786389421
0.201041587901702
0.74718714555766
-0.353523629489597
-0.257686200378066
-0.508862003780718
-0.529482041587899
-0.0322816635160694
0.489226843100192
0.490960302457463
-0.665173913043474
1.00296975425331
0.962699432892266
-0.548954631379964
1.04289981096408
-0.992903591682411
0.466667296786393
-0.604680529300569
0.0472684310018908
-0.262814744801514
-0.627183364839318
-0.718381852551984
0.745126654064273
0.421
-0.343315689981095
0.345780718336487
0.21761436672968
-0.917
0.84914933837429
-0.662289224952742
-0.77085066162571
-0.86585066162571
-0.233219281663515
0.754
-0.787
0.519
0.527
-0.664
-0.216
0.343
-0.197
-0.185
-0.628
-0.679
0.328
0.682
-0.377
0.126
0.545
-0.202
-0.984
0.565
0.231
-0.204
0.754
-0.643
-0.15
0.656
0.649
-0.146
-0.114
-0.957
-0.114
-0.263
-0.639
-0.848
-0.115
-0.763
-0.857
-0.633
-0.502
0.236
0.522
0.751
0.945
0.615
0.972
0.546
-0.907
-0.049
-0.282
-0.985
-0.463
0.002
-0.735
-0.385
-0.147
0.967
-1
0.856
-0.332
0.871
-0.314
0.93
-0.544
-0.24
0.928
0.634
0.96
0.175
-0.203
-0.615
-0.018
0.177
-0.701
-0.22
-0.958
0.48
-0.149
-0.862
-0.616
0.303
0.563
-0.302
-0.865
-0.13
0.506
0.883
-0.528
0.745
0.299
-0.082
-0.763
-0.713
0.699
-0.373
-0.451
0.592
0.295
0.185
0.686
-0.662
0.586
-0.083
-0.846
-0.667
0.033
0.359
-0.298
0.485
-0.428
0.373
0.115
0.861
0.471
0.364
-0.693
0.988
0.795
0.585
0.253
