-2.1651323251416
-0.322826086956513
-1.0060888468809
-1.13501323251422
0.457427221172046
-0.43231568998108
0.588510396975455
-0.352905482041583
-0.0619678638941248
-0.644202268430991
-1.12866351606805
-1.05136672967862
-0.780911153119085
-0.817967863894135
0.34043856332704
0.247482041587908
-0.053376181474478
-0.848948960302451
-1.12414555765593
0.0113251417769391
-1.08039319470695
0.0392230623818565
-0.977083175803403
-1.34081852551981
-1.41312665406425
-0.524043478260871
-0.690756143667291
-0.847948960302456
-0.788379962192805
-1.17940831758035
0.146863894139889
-0.549391304347819
-1.19266162570889
0.326056710775051
0.307459357277891
-0.72425519848771
0.210279773156905
-1.47988279773155
-0.86569187145557
0.480629489603031
-0.838034026465023
-0.198134215500944
0.317128544423444
-0.303470699432888
-1.16940075614365
-1.22122306238182
-0.792648393194698
0.317529300567114
-1.24010964083174
-1.19264461247637
-0.242880907372395
0.317243856332707
0.511544423440459
-0.196793950850662
-0.769413988657842
-0.902370510396974
-0.229068052930052
0.61917391304348
-0.750769376181472
-0.527508506616253
-0.609761814744799
-0.0323497164461249
-0.377379962192814
0.465739130434787
0.291637051039703
-0.0405746691871451
-0.323733459357277
-0.0890094517958412
-0.37737240075614
-0.122034026465028
-0.99540642722117
0.441574669187147
-1.03482419659734
-0.814132325141774
0.0435387523629485
-0.321767485822304
-1.00427599243856
0.0862570888468824
0.629094517958412
-1.12106994328922
-1.09203591682421
-0.276243856332701
-0.511485822306236
-0.538134215500943
-0.0433327032136108
0.830565217391306
-0.115283553875236
-0.0512155009451796
0.397873345935728
0.39224952741021
0.515155009451796
0.550880907372401
0.51232514177694
0.878735349716445
0.29591304347826
0.135241965973535
-0.408710775047258
-1.00825141776938
0.635516068052931
-0.177502835538752
0.148351606805293
0.606852551984877
0.0596862003780718
-0.280228733459359
0.833007561436674
0.408589792060492
0.514584120982986
0.498589792060494
0.780879017013232
0.381748582230625
-0.923141776937619
0.770213610586011
-0.867725897920605
-0.702060491493383
-0.489402646502835
0.725555765595464
-0.304
-0.809945179584121
-0.381342155009452
0.564986767485822
-0.882340264650284
0.7444404536862
0.478145557655955
0.220926275992439
0.412378071833649
-0.584149338374292
-0.978177693761815
-0.886621928166351
-0.0524442344045369
0.941378071833649
-0.741561436672968
-0.919992438563326
0.435090737240076
-0.144725897920605
-0.198533081285445
-0.645485822306237
0.700404536862005
0.567364839319471
-0.356491493383744
0.562200378071834
-0.672731568998109
0.456015122873345
0.205185255198489
-0.95835538752363
0.288926275992439
0.856
0.551822306238185
0.287637051039698
0.35674102079395
0.546200378071834
-0.479
-0.544
0.434
-0.861
-0.229
0.411
-0.817
0.826
0.408
0.393
0.399
0.422
-0.457
0.874
0.188
-0.955
-0.68
0.277
0.496
-0.809
-0.956
0.061
0.486
0.003
0.207
-0.311
-0.397
0.47
0.932
0.606
-0.102
-0.254
-0.242
0.372
0.47
0.81
-0.328
0.357
-0.911
0.432
-0.812
0.89
-0.775
0.311
-0.773
-0.047
-0.035
0.342
-0.119
0.302
0.535
-0.711
0.793
0.212
0.566
0.459
-0.03
-0.57
-0.068
-0.919
-0.193
-0.287
0.893
0.801
-0.506
-0.347
-0.337
0.171
-0.596
0.378
0.372
-0.037
0.188
-0.937
-0.997
-0.846
-0.165
-0.825
-0.224
-0.747
0.724
0.261
-0.412
-0.371
-0.929
-0.391
-0.047
0.545
0.806
-0.99
-0.161
-0.758
-0.576
-0.993
-0.375
0.475
0.996
-0.576
-0.184
0.574
-0.71
0.794
-0.062
0.503
0.93
-0.428
0.101
0.729
0.209
0.412
-0.377
-0.206
0.653
-0.322
-0.643
0.546
-0.876
0.264
0.73
0.885
0.699
0.117
0.364
-0.606
-0.462
0.129
-0.462
0.18
0.438
-0.473
