-2.19020794217326
-1.5887164472495
-0.467701324211242
-0.954296785153314
-1.32555954775557
0.119451796022584
-0.892404540447987
-1.33512665470974
-0.230321361896353
-1.93937996542086
-0.713676748535079
-0.921415880975413
-1.82206427456984
-0.533947068031399
-0.00833837202366393
-0.710372398989607
-0.577720223602094
-0.217843101032357
0.505304349729183
-0.436597355471594
-1.25535160534263
-1.19458412156297
-0.400071835324283
-1.04884121260348
-0.138243849761415
-0.419544417882277
0.0583761890329084
-0.30846691704296
-0.188631377846369
-0.16665595584946
0.297903588599142
0.0472986745775165
-0.176882795070124
-0.0974971623049412
-0.285094517556728
0.696633269484896
-0.0532703198166479
0.207421551156644
-1.02023062599959
0.544434785363969
-0.550905485002087
-0.421691869825881
-0.0492948936406878
-0.326204157683298
-0.679465027686713
0.259724008298288
-0.452215503344953
-0.0858317536291371
0.408310019234743
0.0064763726074557
-0.293071835155349
-0.0696729683786167
0.589599248624011
0.0750434809984317
-0.123689985394202
-0.0319187141501019
0.177699435317901
-0.316173911826601
0.0578998127429213
-0.303943289505133
0.046370507033001
-0.456298680533772
0.156143674074167
-0.228315687484436
0.00198866137951882
0.0856219331409868
0.393510395687688
-0.850708881673261
-0.0919527414397238
-0.158854446122079
-0.0721304338860894
-0.0157258939304697
-0.259852556770717
0.41172022175177
0.477533084029948
0.126500946557851
-0.333907373232277
-0.500474484122189
0.513374292469568
0.00368620299359345
-0.157451792202562
0.509425327669297
-0.0715028379133573
0.249449908323022
0.18662382120454
0.186432886220915
0.199192819013224
-0.00835350515985104
0.535361061009102
0.317476363065953
0.712640831996283
0.344701326207385
-0.352612484505488
0.885981092523859
-0.0115368648720222
0.414230632795942
8.3690850731989
1.17249904897216
1.47628922794405
0.500650289601563
0.410117201186913
0.970981097863161
0.241321359331919
-0.126699430544455
0.191366732292109
0.0809168268768518
0.439612476893639
0.119514179894413
0.917257081887247
-0.360020797939489
0.251697539134605
-0.0160604896180691
0.445688090053508
-0.139689985399801
-0.450421550105096
-0.280776933960458
-0.460835538507338
-0.265470703406767
0.662281661660374
0.510640823707491
-1.02780340020092
-1.22049717339235
0.15381663737619
0.558907370278278
-0.787807186386712
-0.63659357667522
0.366517959331022
-0.011334593977
-0.514510396052163
-1.273606808455
-0.215748581943368
0.695247640139758
-0.514570886550539
0.0624404587614642
-0.596884686900595
1.10800378197444
0.974192817783044
0.101077507427267
0.257886578655506
0.578761812652588
-0.159512287807825
-0.26049149757103
0.195884686175942
-0.638172023907543
-0.0704291137607333
0.469674854894965
-0.671733459476296
-0.743026465639604
-0.326175804775863
-0.14409451610068
-0.279052930901762
-0.21889414210342
0.069
0.601896030000676
0.71114933833345
-0.788013233331067
-0.181
-0.168058601665187
0.956240075001698
0.467941398334813
-0.213058601665187
-0.307850661666553
0.38
0.648
0.119
-0.572
-0.398
-0.028
-0.711
-0.058
-0.051
-0.338
-0.44
-0.543
-0.241
0.573
0.295
-0.547
-0.54
-0.228
-0.459
0.055
0.168
0.774
0.538
0.716
-0.686
-0.11
0.101
-0.868
-0.224
-0.081
-0.39
0.439
-0.438
-0.852
0.519
0.364
0.038
-0.811
0.099
0.109
0.801
0.064
0.407
-0.873
-0.615
-0.389
-0.152
-0.862
-0.067
-0.634
-0.618
0.196
-0.063
0.742
0.525
0.605
-0.89
0.403
-0.887
0.712
0.87
-0.843
-0.835
-0.971
-0.949
0.12
0.895
-0.389
-0.947
0.931
0.415
-0.729
0.672
0.431
0.254
-0.897
-0.633
0.41
0.33
0.703
-0.958
-0.038
0.199
-0.59
-0.463
0.414
-0.498
-0.18
-0.378
0.914
0.253
0.635
-0.924
0.387
0.239
0.644
-0.101
0.377
-0.924
0.264
-0.284
-0.763
-0.915
0.001
-0.049
-0.89
0.523
0.505
-0.513
0.421
0.237
-0.301
-0.928
-0.591
0.67
-0.093
-0.042
0.755
