-2.46879395085047
-1.23733837429123
0.484691871455578
-0.452470699432869
-1.00391493383739
-1.14200567107761
0.194646502835551
0.464094517958406
-1.63617013232504
-0.846378071833635
0.818332703213617
-1.54850850661625
-0.480981096408307
0.352474480151234
0.165357277882806
-0.014170132325138
-0.686860113421545
-0.132829867674856
0.175714555765599
-0.616024574669183
-1.1977296786389
0.141947069943296
-1.19806616257084
-1.07400378071832
-1.35456899810957
-1.31134404536858
-0.889822306238177
0.076476370510404
-0.199565217391297
-1.41203591682419
-0.148716446124759
0.563455576559559
0.583137996219289
0.23405482041589
-1.61148015122869
-0.292540642722112
-1.45959168241961
-1.30726275992433
-1.246202268431
0.435013232514182
-0.445667296786382
-0.037663516068051
-0.295633270321355
-0.676867674858215
-0.967117202268426
-1.34079773156898
-0.175975425330805
-0.0835406427221161
-0.467015122873345
-0.417792060491489
-0.586232514177686
0.176638941398872
-0.518128544423433
-0.705198487712662
0.172302457466923
-1.18588279773158
-1.36866729678638
-0.355820415879014
0.046655954631379
0.208603024574673
0.734056710775049
0.359136105860121
0.734548204158794
0.537153119092628
0.133568998109645
-1.22527410207939
-0.776258979206047
0.251827977315691
0.453030245746698
-0.420173913043477
-0.426561436672966
0.0636370510397023
0.116153119092632
0.749207939508509
0.265788279773159
-0.650141776937613
-0.892814744801505
-0.718741020793947
0.600107750472589
-0.752429111531187
-0.19827788279773
-0.25429678638941
-0.213597353497162
0.121763705103971
0.542816635160683
-0.338115311909259
0.202567107750478
0.208941398865787
-0.894824196597348
-1.14629678638938
0.394597353497168
0.0989149338374285
-0.282557655954633
-0.732270321361055
-0.970648393194703
0.388485822306242
1.15920793950849
-0.58945746691871
-0.334120982986767
-0.387400756143663
0.677844990548204
0.806601134215506
-0.723243856332695
1.02021172022684
0.631115311909267
0.670491493383747
0.885627599243857
-0.15869565217391
0.343703213610588
0.737378071833653
0.836839319470704
0.710659735349716
0.386226843100191
-0.0062627599243846
0.00706994328922505
-0.0849527410207929
0.0580283553875254
-0.259671077504723
-0.72878071833648
-0.149298676748581
-0.255400756143664
0.413665406427223
0.327126654064274
0.778911153119094
0.504644612476374
0.772672967863897
-0.13773724007561
-0.0580586011342155
0.75099243856333
1.14809640831758
-0.382183364839321
1.16970510396977
0.590277882797732
0.270117202268432
-0.482313799621929
0.0220586011342156
-0.0939073724007542
-0.2673629489603
0.323769376181476
0.850586011342157
0.365576559546313
0.216122873345937
1.45497542533082
-0.0773818525519848
-0.381111531190927
1.27656521739132
0.803897920604915
0.751060491493388
0.810754253308129
0.1251190926276
-0.364249527410209
0.611168241965974
-0.812
0.908750472589791
0.884958412098298
-0.571831758034026
-0.453
-0.426540642722117
-0.265623818525519
-0.513540642722117
0.390459357277883
-0.243041587901702
-0.025
0.344
0.361
-0.934
0.807
-0.883
-0.411
0.898
-0.897
-0.643
0.34
-0.965
-0.711
0.916
0.642
-0.035
0.737
0.875
0.758
-0.257
0.461
-0.498
0.388
-0.077
0.717
0.932
0.43
-0.505
-0.636
-0.553
-0.73
0.153
-0.168
0.92
0.726
-0.536
0.123
0.981
0.85
0.711
0.12
0.693
0.119
-0.83
0.912
-0.848
0.512
0.951
-0.574
0.581
-0.398
-0.411
-0.505
-0.586
0.277
-0.528
0.955
-0.562
-0.652
0.875
-0.314
-0.907
0.534
0.656
-0.913
-0.814
0.203
-0.632
-0.81
0.178
0.841
0.755
-0.975
-0.953
0.623
0.768
0.383
0.218
0.01
0.565
-0.581
0.479
-0.932
-0.218
0.844
0.681
-0.343
-0.582
-0.357
0.254
-0.492
-0.315
0.633
0.974
0.024
0.026
-0.842
0.462
-0.918
0.725
-0.051
0.143
0.761
0.248
0.74
-0.153
-0.437
-0.552
-0.21
0.508
0.088
-0.263
0.428
-0.217
0.455
0.206
-0.976
-0.249
