-2.36348015122858
-0.753181474480133
0.792015122873348
-0.583984877126638
0.786009451795866
-0.7245406427221
-0.471909262759923
0.195945179584113
-1.80394328922488
-0.335272211720226
-0.873773156899803
-0.327088846880902
-0.964181474480144
0.0705595463138051
-0.868198487712653
0.428092627599248
-0.611321361058599
-0.485807183364835
-0.736805293005663
0.521175803402655
-0.144693761814744
-0.553156899810963
-1.4291606805293
0.163034026465028
-0.504729678638937
-0.266754253308124
-0.475568998109637
-0.249113421550092
-0.219958412098295
-1.44668241965976
-1.11175614366729
0.0161776937618164
-0.840551984877118
-0.967561436672961
0.0813119092627674
-0.90782986767485
-0.29758790170132
-0.951045368620031
-0.647837429111528
-0.20662948960302
-0.00916635160680191
-0.227332703213607
-1.43656521739126
-0.447576559546313
-0.477291115311907
-1.24719848771266
0.301007561436677
-0.113109640831759
0.463933837429116
0.0885425330812883
0.475423440453691
-1.09166540642721
-1.04223062381851
-0.50354820415879
-0.787279773156899
-0.0943497164461246
-0.365608695652173
-1.24111153119092
-0.897308128544424
-0.809294896030244
-1.02401890359167
0.318264650283555
-0.83556899810964
0.732531190926276
-0.262323251417767
-0.216037807183364
-0.0947599243856333
-0.933347826086955
0.6811190926276
-0.976018903591681
-0.723807183364838
-0.348366729678639
-0.546381852551985
0.712680529300567
-0.786347826086956
-0.909327032136105
-0.249389413988657
0.396432892249528
-0.268937618147447
-0.181499054820416
0.548495274102079
0.324631379962194
0.264741020793951
-0.874190926275991
-0.808266540642722
-0.589088846880906
0.421302457466919
0.731994328922495
-0.968088846880907
-0.452410207939508
0.631219281663516
0.302219281663517
-0.99135538752363
-0.649979206049149
0.0201304347826087
-0.813253308128544
-0.0421020793950851
-0.707431001890359
0.813746691871456
0.980240075614367
-0.174177693761814
0.681843100189036
0.841877126654065
0.68617202268431
0.076
0.137117202268431
0.57617202268431
-0.764835538752362
-0.562718336483932
-0.653
-0.67535538752363
0.454822306238186
0.393555765595463
0.47464461247637
-0.206561436672968
-0.371862003780718
-0.868026465028356
-0.764780718336483
0.625391304347826
-0.50735538752363
0.402302457466919
0.392
-0.918
0.203
-0.552
0.008
-0.271
-0.844
-0.23
-0.924
0.171
-0.525
0.628
-0.236
-0.988
0.92
0.512
0.597
0.08
0.048
-0.187
0.223
0.306
0.691
-0.779
-0.834
0.876
-0.467
0.558
-0.634
-0.975
-0.257
-0.347
0.297
-0.45
0.447
0.623
-0.346
0.267
-0.932
-0.565
0.448
0.467
-0.608
0.176
0.878
0.84
-0.336
0.49
-0.12
0.152
-0.432
0.158
-0.391
0.708
-0.781
-0.914
-0.61
-0.018
-0.719
0.131
-0.805
-0.402
-0.596
-0.949
-0.572
0.821
-0.669
-0.787
-0.435
-0.704
-0.142
-0.67
0.012
-0.388
0.364
0.755
-0.086
-0.485
-0.658
-0.675
0.211
0.042
-0.323
0.213
0.456
0.584
-0.956
0.588
-0.669
0.36
0.232
0.671
-0.015
-0.064
-0.76
-0.151
0.063
-0.66
-0.253
-0.943
0.509
-0.55
-0.075
-0.417
-0.707
-0.762
-0.854
0.997
-0.657
-0.537
0.172
0.875
-0.361
0.956
0.919
0.152
0.921
0.191
-0.405
-0.157
0.777
-0.258
0.882
0.204
0.064
0.186
0.344
-0.925
-0.628
-0.485
-0.308
-0.427
0.767
-0.716
-0.184
-0.24
-0.883
-0.907
-0.081
0.217
0.438
-0.954
0.244
0.867
-0.812
0.357
0.031
0.029
0.016
0.087
-0.072
0.871
0.745
0.904
-0.72
-0.234
-0.432
0.721
0.519
