-1.44931568998023
0.0898865784501482
0.393465028355398
-1.52686956521808
-1.05974669187121
-1.12538752363256
-1.88152551984883
-0.825470699432901
-1.32294517958379
-0.877603024574528
-1.08913421550092
-0.896759924385407
-2.08417202268534
-0.452077504725922
0.79319470699447
-2.8011379962194
-1.85748960302436
0.133374291115312
0.516527410208143
-0.894525519848782
0.162077504725918
-2.31728544423394
-0.971523629489483
0.728950850661708
-1.49140075614323
-0.570102079394827
-0.635434782608741
-0.130353497164248
-1.50642722117173
-2.93425897920473
-1.12901134215454
-1.55148771266531
-0.0414517958411613
-1.20358034026502
0.0207712665406938
-0.281098298676716
0.688465028355484
-1.66565973534965
-2.12837051039656
-0.409234404536817
0.94380907372422
0.473551984877233
-0.492466918714381
0.69098298676765
-0.92155765595456
-0.144313799621846
0.244678638941572
2.00959735349709
0.350115311909317
-0.718648393194575
-1.38425141776944
-0.210969754253245
0.573771266540844
1.75940831758078
-1.18922306238153
-0.218096408317552
-2.16926843100177
-2.33648582230621
-0.129041587901652
1.32037429111533
1.05347069943301
0.530491493383852
1.64073156899843
-1.22469754253295
0.0330718336485047
0.723640831758046
-0.307158790170103
-0.399022684309943
-0.65621361058594
-3.43096030245707
0.447015122873443
-1.96498676748575
0.151103969754321
-1.37911342154985
1.61771455576574
2.26975614366744
-0.850810964083161
-0.345871455576457
1.92319281663507
1.77242344045374
-0.0747051039694775
-2.70510586011368
-2.08774669187171
1.52738374291094
1.61776181474537
-0.0215935727787926
0.184232514177719
1.07484877126697
-0.839553875236239
1.34656332703155
-0.302756143667174
0.227164461247771
-0.794706994328857
1.19917580340282
0.375196597353577
-1.76348582230607
2.23168620037851
1.8447069943283
2.65082230623848
-1.16510207939551
0.635379962192893
0.137502835538867
1.30097164461246
-0.810189035916813
2.83239130434797
3.71064272211732
12.6109338374375
0.397591682419721
3.64305671077552
0.597258979206102
3.8505784499058
0.497964083175893
0.131625708884723
-0.496455576559567
-1.34263327032051
1.07373913043478
1.43770888468801
-0.796442344045422
-0.507448015122856
-0.378281663516096
-1.68507183364853
0.839164461247664
2.48679017013197
0.959833648393211
1.6095085066161
-1.80661436672986
-0.55638563327033
-1.99703213610579
1.87092627599249
-0.147155009451768
1.96151039697543
-1.9866880907372
0.627542533081321
0.492776937618154
-1.70327599243859
-0.235892249527395
-0.137984877126652
2.74081852551971
1.46342344045355
-1.56027221172046
2.91378638941383
1.03475047258987
-0.94444423440454
1.59815879017012
-0.574903591682394
-0.0441587901701099
1.43296786389411
-0.677795841209835
-1.48371077504723
3.08637429111527
-0.376580340264654
-1.72617958412099
0.51
-0.131158790170132
0.381973534971645
-1.51852930056712
0.163
-0.814344045368625
-1.39139697542533
-0.0963440453686217
-0.391344045368625
0.830973534971646
0.063
0.768
0.958
0.315
-0.994
-0.632
0.901
0.095
-0.612
-0.306
0.389
-0.864
0.724
-0.985
-0.749
-0.317
0.194
-0.49
-0.492
0.593
0.257
0.432
0.253
-0.628
0.388
-0.894
0.435
-0.939
0.283
-0.714
0.498
-0.928
0.202
0.001
-0.637
-0.928
-0.065
-0.622
-0.597
-0.358
-0.627
0.727
-0.64
-0.753
-0.171
0.373
0.349
0.4
0.911
-0.521
0.433
0.609
-0.163
0.458
-0.392
0.631
-0.486
0.586
0.927
0.9
-0.068
0.84
0.811
-0.899
0.196
0.317
-0.066
-0.278
0.651
-0.822
0.747
-0.184
-0.894
0.866
0.22
0.529
0.071
0.006
0.542
-0.986
-0.243
-0.966
-0.851
-0.197
-0.148
0.888
0.234
0.743
-0.608
-0.268
0.558
0.349
-0.55
-0.497
0.709
-0.468
0.915
-0.742
0.05
0.512
-0.561
-0.374
0.748
0.732
-0.268
-0.383
0.502
-0.03
-0.763
0.078
-0.441
0.507
-0.956
0.912
0.142
-0.102
0.69
0.008
