-1.22992627599239
-1.29659735349726
0.168351606805296
-0.430030245746681
-0.997126654064251
0.112448015122886
0.90968052930059
-0.371992438563331
-1.02038185255195
-0.717612476370504
-0.371300567107744
-0.421060491493377
-1.39934971644613
-0.492567107750468
-1.26539319470692
-0.0407164461247627
-1.17416257088847
-1.14696597353495
-0.406827977315694
-0.579533081285442
-0.597069943289221
-1.42591871455579
-1.2833043478261
0.21980907372401
-1.08371644612474
-0.403304347826074
-1.30685444234403
0.0706086956521811
-0.423468809073716
0.255960302457478
-0.342705103969754
-0.656803402646498
0.0154612476370539
-1.02859924385634
-0.16545935727788
-0.255582230623814
0.0790037807183389
-1.04606616257088
-0.0387013232514203
0.30383175803403
-1.01196786389414
-1.17803780718336
-0.837383742911153
-0.0660661625708887
0.0814952741020788
-0.187542533081283
-0.847230623818523
-1.3268374291115
-0.25975047258979
-0.607149338374289
0.0893364839319488
0.260555765595465
-1.11000756143667
-0.14509640831758
-0.61514933837429
-0.402306238185258
-0.876241965973531
0.138941398865786
-0.356293005671078
-0.357527410207938
0.419775047258981
-0.698735349716443
-0.990584120982985
-0.500822306238185
0.505945179584124
-1.03969376181474
0.483137996219284
0.583826086956522
0.296655954631381
-0.291529300567105
0.455894139886578
-1.06435160680529
-0.189077504725898
0.292120982986768
-0.78590170132325
-0.479578449905482
0.289954631379963
-0.27631190926276
-0.725107750472589
-0.0417315689981096
-0.340627599243857
0.824748582230625
-0.634724007561436
-0.773786389413987
-0.644867674858223
0.59428166351607
-0.400820415879017
-0.508211720226842
0.612015122873346
-0.635081285444234
-0.0683761814744801
-0.876155009451795
0.258659735349718
-0.562081285444235
0.865625708884689
0.83374291115312
-1.01354064272212
0.838296786389415
0.419899810964084
0.17453686200378
0.39359168241966
-0.326141776937618
-0.389561436672968
-0.799088846880907
0.0645009451795841
0.203255198487713
-0.453485822306238
-0.35392438563327
-0.246245746691872
-0.978725897920604
0.51609640831758
0.422281663516068
0.139986767485822
0.934493383742911
-0.863362948960302
0.792041587901701
-0.982308128544423
0.907020793950851
-0.713287334593573
-0.87945179584121
0.480219281663516
0.229007561436673
-0.943177693761815
0.0758771266540643
0.933274102079395
0.34569943289225
-0.238
-0.49845179584121
0.483151228733459
-0.665958412098299
-0.36490359168242
0.463
0.319328922495274
0.0578223062381853
0.495151228733459
-1.01023251417769
0.276219281663516
-0.769
0.158822306238185
0.153767485822306
0.0562741020793951
0.970534971644612
0.73
0.637
-0.138
0.498
0.059
0.396
-0.669
-0.856
0.929
-0.913
0.621
0.382
0.785
-0.765
-0.323
0.527
-0.73
0.724
-0.494
-0.947
0.152
-0.569
0.372
-0.929
-0.873
-0.915
-0.573
-0.865
-0.471
0.789
-0.258
0.132
0.069
0.486
0.524
-0.567
-0.772
-0.56
-0.684
0.365
-0.821
0.359
-0.578
-0.433
0.841
0.943
0.286
0.28
0.326
0.753
0.96
0.448
-0.34
0.008
-0.155
0.298
-0.735
-0.21
0.371
-0.026
-0.032
-0.804
0.614
-0.861
0.344
-0.511
-0.687
-0.702
-0.29
-0.757
0.298
0.829
0.407
0.14
0.873
0.793
-0.991
-0.195
-0.771
-0.817
-0.202
0.147
-0.191
-0.224
0.829
0.293
-0.529
-0.939
-0.359
-0.775
-0.832
0.438
0.069
0.342
-0.603
0.982
0.744
-0.717
0.222
0.352
0.63
-0.012
-0.431
0.082
-0.546
-0.87
-0.959
0.519
0.134
0.051
0.289
0.46
-0.44
0.187
-0.825
0.821
0.387
-0.162
-0.69
-0.95
-0.982
-0.749
0.657
-0.515
-0.925
0.86
-0.24
-0.935
-0.257
0.891
-0.951
0.725
0.582
-0.123
-0.447
0.809
-0.423
0.726
