-2.50202646502029
-1.63554442345507
0.4879451795842
-1.43291115313335
-0.80942155009313
-1.20692627599709
-1.87561247637025
-0.352758034026939
-1.62644423439443
-1.8072930056704
-0.782693761814297
-0.307039697542836
0.0384310018911233
-0.252977315689315
-0.216744801511754
-0.30859924385602
-0.470408317579929
-0.374302457466572
-0.275561436672209
0.16358979206047
0.40999810964137
-0.124170132325166
-0.016741020793907
-0.561372400755537
-1.10843856332435
0.0401739130437545
0.143202268431757
-0.411024574668948
-0.549744801511452
-0.322241965973026
-0.376638941398321
-0.440873345935228
-0.267922495273723
-0.226275992438071
0.0391531190930646
0.203274102079714
0.0480775047261201
0.0474706994333268
0.174064272212125
0.0192589792064523
0.196788279773393
-0.0110567107746768
0.112797731569327
-0.0937448015120663
0.205449905482552
-0.123742911152824
0.259684310019532
-0.121230623818202
0.196045368620468
-0.25367296786357
0.51226654064367
0.144415879017441
0.00382608695680986
0.238810964083578
0.583608695652563
0.600404536862897
-0.069708884687847
-0.199264650283298
-0.090068052929494
0.0804612476373193
0.0648052930058852
-0.124850661625087
0.0651342155013867
-0.314599243856096
0.220519848771859
-0.153729678638686
0.0426408317580807
-0.453684310018523
-0.0053232514176165
0.296372400756394
0.231224952741843
0.468888468809725
-0.308763705103689
-0.498979206048763
0.113249527410683
0.259901701323857
-0.106060491493271
0.174357277883526
-0.0107334593571274
0.240674858223474
0.198204158790868
0.387251417770124
0.590890359169035
0.205291115312359
0.892279773157946
12.5446351607254
0.417722117202621
0.653947069943798
0.406561436673196
0.381565217391699
0.524873345935955
-0.00643856332699727
-0.0117996219280671
0.604472589792348
-0.399570888468779
0.0205444234405293
0.326928166351937
0.0630302457467964
-0.0288752362948212
0.284982986767605
0.329308128544671
-0.0300699432890967
-0.307361058601135
0.0731134215501231
0.187124763705091
0.347725897920697
-0.634722117202265
0.349631379962294
0.576829867674983
-1.61296597353532
0.569359168242107
-0.329604914933874
0.0529073724009093
0.218351606805299
0.0636767485822421
0.439313799621933
-0.883982986767407
-0.00457844990547511
-0.389353497164454
0.417850661625619
-0.314890359168215
-0.755918714555761
-0.04928166351597
0.0421682419659722
-0.504493383742903
-0.743487712665447
0.616321361058636
0.438788279773153
0.126434782608728
-2.01320982986793
0.440534971644636
0.396126654064307
0.362440453686192
0.630086956521732
-0.0404291115312088
-0.211706994328931
0.906332703213628
-0.231332703213597
-0.444026465028347
-0.456863894139882
0.693007561436678
0.706032136105863
0.471674858223059
-0.705007561436692
0.633567107750466
-1.10918714555777
0.269521739130427
-0.53219092627601
0.108848771266523
0.485311909262759
0.319406427221166
-0.975731568998111
-0.542
0.290986767485822
0.723164461247639
0.808289224952739
-0.254
-0.706862003780718
-0.566533081285443
-1.00186200378073
0.209137996219282
0.293164461247644
0.399
-0.961
0.412
-0.591
0.652
0.618
-0.996
-0.969
0.593
0.362
-0.708
0.447
-0.253
-0.442
0.856
-0.849
-0.15
0.176
0.892
-0.654
-0.128
-0.874
-0.577
0.644
-0.189
0.381
-0.423
-0.318
0.486
0.219
0.899
-0.196
-0.486
0.673
-0.77
0.565
-0.393
0.423
-0.342
0.445
-0.506
0.057
-0.224
-0.708
-0.47
0.011
-0.44
0.168
-0.992
-0.405
0.48
0.299
-0.857
-0.1
-0.577
0.272
0.615
0.767
0.598
-0.73
0.041
0.322
-0.455
-0.626
0.462
0.488
-0.068
0.074
-0.673
-0.709
0.543
0.427
-0.482
-0.553
0.851
0.815
0.35
-0.87
0.114
0.799
-0.179
0.408
-0.326
-0.109
0.739
-0.4
-0.34
0.614
0.249
-0.043
0.949
-0.161
0.824
-0.613
-0.597
0.172
-0.488
-0.598
-0.17
0.042
-0.922
0.485
-0.16
0.716
0.051
-0.947
-0.219
0.696
0.048
-0.392
0.922
0.484
-0.347
0.799
0.449
0.632
-0.352
0.653
