-1.47092627599237
-0.336213610586001
-0.0811776937618149
-0.272792060491483
-1.01539508506615
-0.154311909262757
-0.698230623818505
-0.678052930056709
-1.39756332703206
-0.215493383742908
0.554230623818529
-1.57781852551986
-0.998737240075606
0.558860113421556
-0.326727788279766
-0.524954631379958
-0.807964083175799
-0.472550094517959
0.351589792060496
-0.501236294896029
-0.428285444234402
-0.584425330812852
-0.805973534971641
-1.49073913043479
-0.33483364839319
-0.408521739130433
-0.15947069943289
-0.36997542533081
-0.471115311909258
-0.734347826086947
0.214909262759928
-0.29256332703213
-0.424671077504721
-0.53057844990548
-1.09351228733458
-0.10561247637051
0.0234007561436698
0.233071833648396
-0.345926275992435
-0.746406427221168
-0.867780718336476
-0.841538752362948
0.206013232514182
0.179421550094524
-0.57678827977315
-1.05841965973536
-0.257317580340259
0.492217391304349
-0.569047258979204
-1.10673534971643
-0.263788279773155
-1.26579773156897
0.0887296786389438
-0.231714555765594
-0.295166351606804
0.505748582230625
-0.491069943289226
-0.338548204158788
-1.04481852551983
-0.165001890359167
-0.892816635160677
0.0256597353497154
0.40364839319471
0.371701323251419
0.114493383742911
-0.539311909262757
-0.251028355387522
0.373468809073724
0.556436672967867
0.576561436672968
0.138317580340266
-0.354890359168242
0.601637051039697
-0.00177504725897917
-0.634873345935728
-0.819788279773157
0.0804896030245739
-0.324241965973535
-0.10162381852552
-0.441402646502836
0.841706994328922
0.194720226843101
-0.680417769376181
-0.0194442344045369
0.584260869565217
0.767568998109641
0.636610586011342
-0.899005671077505
-0.8162797731569
-0.645629489603025
-0.44682797731569
-0.544005671077505
0.714981096408317
-0.932869565217391
-0.691491493383744
0.0181304347826087
0.152206049149338
0.927357277882798
-0.580629489603024
-0.967587901701324
0.383952741020794
0.633336483931947
-0.833122873345936
-0.143300567107751
-0.44590359168242
-0.946287334593573
-0.749342155009452
-0.754068052930057
-0.592642722117203
-0.529780718336484
-0.396629489603025
0.861
0.767274102079395
0.205657844990548
0.101041587901701
0.0622741020793951
0.034
-0.446945179584121
-0.897342155009452
0.568986767485822
0.148274102079395
-0.180945179584121
0.259219281663516
0.342370510396975
0.236
-0.0266162570888469
0.106822306238185
0.75609640831758
-0.16
0.43909640831758
0.227438563327032
0.228274102079395
-0.616013232514178
0.0492741020793951
0.452
-0.774671077504726
0.0414933837429112
0.417986767485822
-0.575958412098299
0.52009640831758
0.496534971644613
0.41
0.695
0.747
0.75
-0.279
-0.274
-0.442
-0.041
0.301
0.994
-0.381
0.854
-0.144
-0.079
-0.411
-0.599
-0.185
0.649
0.593
-0.055
-0.514
0.422
-0.01
0.239
0.394
0.46
-0.282
0.764
-0.113
-0.983
0.599
-0.889
-0.426
-0.938
0.742
0.125
0.515
0.616
-0.485
-0.746
-0.437
-0.185
0.539
0.463
-0.385
0.378
0.545
-0.868
-0.137
0.83
-0.766
0.785
-0.151
-0.406
0.036
0.988
-0.295
-0.492
-0.644
0.26
-0.992
-0.206
-0.928
0.284
-0.605
-0.492
0.28
-0.207
0.179
0.464
-0.114
0.199
0.134
0.338
-0.619
0.671
0.882
0.526
-0.376
-0.985
0.915
-0.415
-0.099
0.056
0.782
0.813
0.262
0.979
0.025
0.753
-0.58
0.007
0.259
0.254
-0.755
0.769
-0.257
-0.745
0.068
-0.893
-0.902
-0.249
-0.047
0.399
-0.057
0.035
-0.349
0.51
-0.787
0.365
-0.895
0.179
0.883
-0.66
0.345
0.423
0.892
0.015
0.501
-0.419
0.245
0.3
0.767
0.425
0.043
0.879
0.939
0.879
0.092
-0.388
-0.073
0.627
-0.543
-0.483
0.916
0.163
0.631
0.501
-0.887
