-3.05105671620846
-1.44252362876738
-1.04608885042162
-0.742266538737891
-0.98979584647751
-0.911935732666431
-1.37607750750712
-0.753149340470165
-0.42477126535952
-1.28161625610946
-0.122926277293875
0.265848772513679
-0.323852550736629
-0.123572775392823
-0.143338376722114
0.0181644632152068
-0.109034026119569
0.104020792373342
-0.0232173882204606
0.0632570884046239
0.0649357270326785
-0.119020791491523
0.0231814776067968
0.0867769357438325
0.0638563296039276
-0.00875803273006603
0.0901568977896756
-0.054765594326443
-0.0868638987363946
0.0999073722167274
0.0578431006333805
-0.0205255186466477
-0.137268428655078
-0.00171455501140564
-0.0336956523683889
0.00291115116127791
0.0189187123903141
0.0546861992760193
-0.0830207937031006
-0.127302454274971
0.0288998131943157
-0.166727788984397
0.142455577053519
-0.108716445712211
-0.233136107247608
-0.226529306126858
6.77445179295985
0.102850659517102
0.132107747367559
-0.00391115514017267
0.0329640796673836
0.175994329168659
-0.0264669191251116
0.103688091157234
0.125818524505671
-0.112754254941342
0.181837430106132
0.182918710234974
0.0789905454344624
0.0381417757031537
-0.105258981514482
0.0877069972323138
0.155548203581243
0.0314177715430113
-0.00221928050998297
0.0425349697664877
0.125423436194735
0.0255463181508919
-0.153913046338229
0.0201417781481595
-0.0744782574268026
-0.0137202242657261
-0.1761512290831
-0.0873213649973743
0.165595462399708
0.114933836045901
-0.0357202265269373
0.0479584111257665
0.00772022852054105
-0.00465973565743982
-0.116905485134564
0.1017126689318
0.0986181484008692
-0.0502098320599277
0.147086962034171
-0.245096410650409
-0.0585274074216304
-0.099982988711618
-0.0497523655981334
-0.184788280181718
0.146168239696263
0.114867675598918
0.176113422353049
0.0433383757608521
0.0675595472764713
0.122998109585111
-0.0730396973552098
-0.270578447272465
0.226009451566852
-0.00308885117159951
-0.149172023568851
0.142336487057238
-0.127026464988817
0.0953705105187856
-0.0955954615288311
-0.146746692473683
-0.225508510339568
0.404805290525486
0.388423445195582
-0.0557107757894973
-0.281618150445845
-0.202328917692609
0.163187143762138
0.808122874962207
-0.267022683797308
-0.043982986080177
-0.33321739448726
0.317517960763586
-0.107737242112191
0.280534978601554
-0.165060489073785
-0.597466917474373
-0.894699433718326
0.669761812258357
-0.0615255164981618
-0.0222930031971619
0.043665406949745
-0.992701321957334
0.00201890711973124
-0.931457467827099
-0.0772514232629143
-0.280697540890908
0.207054822122915
-0.0824877156780446
0.196402648817545
-0.516519848098
-0.258508505826785
0.346860117007395
0.476623821086683
-0.102015123409964
0.831877131985652
0.335911150971986
-0.337933839253734
0.60907750467239
-0.32457845134914
0.782003780493021
-0.111268432811717
-0.175542535662223
0.253461241929408
-0.763275990198503
-1.02933081400387
-0.587485824911849
0.907
-0.811047258903145
-0.593841209817197
-0.629824196343838
-0.627
-0.3399357276235
0.798381852742125
0.9900642723765
0.3970642723765
0.9581587901828
0.555
0.573
-0.321
-0.329
-0.267
-0.672
-0.4
0.196
0.021
0.69
0.026
0.137
0.41
0.408
0.832
-0.288
0.139
-0.213
0.767
-0.016
-0.88
-0.747
-0.476
0.041
-0.099
0.394
0.013
0.03
0.785
-0.65
0.554
0.984
-0.797
0.417
-0.687
0.228
-0.141
-0.86
-0.063
-0.238
-0.454
-0.232
0.167
-0.594
0.653
-0.23
-0.246
-0.006
-0.546
0.66
0.466
-0.051
-0.831
-0.641
0.834
0.302
0.048
0.638
0.769
0.339
0.314
0.57
0.41
-0.33
-0.865
0.042
-0.067
0.992
0.095
-0.397
0.853
-0.001
0.85
0.004
-0.563
0.351
0.085
-0.883
0.387
-0.87
-0.361
-0.981
-0.425
-0.875
-0.117
-0.395
0.814
0.844
0.582
0.01
-0.82
0.221
-0.63
0.598
0.448
-0.024
0.357
-0.503
-0.73
-0.389
0.837
-0.239
0.899
0.85
0.807
-0.533
0.098
0.165
0.921
-0.518
-0.784
-0.07
-0.75
0.639
-0.301
0.295
-0.005
0.284
