-0.296986767485816
-1.12984310018908
0.0482268431001891
-1.57191304347838
-0.682107750472569
-1.48152362948975
0.226398865784507
-0.827130434782609
-0.186744801512284
-0.242113421550091
-0.327661625708882
-0.642207939508498
0.287332703213616
-0.718317580340262
-0.904761814744798
-0.268051039697539
-0.433207939508507
-1.71489603024573
-0.382389413988662
-0.46798865784499
-0.440542533081287
-1.28084688090734
0.159595463137994
-0.744105860113417
0.1021493383743
-1.46119281663512
-0.926156899810959
-0.692359168241961
-0.916996219281654
-1.07359357277885
-1.15899621928167
-1.36406994328919
-1.2163081285444
-0.755557655954623
0.162578449905486
0.321829867674861
-0.949782608695644
-0.132353497164462
-1.23704347826082
0.209913043478267
-0.920383742911149
0.107334593572785
-1.27736105860112
0.591693761814748
0.0342986767485843
-1.2307183364839
0.00116446124763813
-1.31125708884686
0.339869565217393
-1.00883553875235
-0.0382268431001899
-0.168359168241966
0.28096975425331
-1.19213799621926
-0.373930056710773
0.52166729678639
-0.536130434782608
-0.610368620037807
-1.13914555765596
-0.858020793950849
0.577431001890359
-0.76933270321361
0.665897920604917
-0.551769376181473
0.160211720226845
-0.476879017013232
-0.104593572778829
-0.165521739130434
-0.393710775047258
-0.252111531190926
-0.676018903591681
-1.21484310018903
0.507024574669189
-0.127746691871455
-0.534427221172021
0.123145557655957
0.528122873345936
0.780984877126657
-0.286911153119091
0.612168241965975
-0.581449905482039
-0.834181474480149
-0.370657844990548
-0.908215500945179
-0.0906597353497165
-0.0865727788279773
-0.7674404536862
-1.22927410207939
0.730848771266541
0.314296786389415
0.105069943289226
0.728111531190927
-0.156724007561435
0.669126654064273
0.884372400756144
0.856982986767486
0.568563327032136
0.350913043478264
-0.545833648393194
-0.366003780718335
-0.295839319470699
-0.561629489603024
0.0932684310018922
-0.169361058601135
0.509338374291116
0.329735349716447
0.213975425330812
-0.486841209829867
0.221306238185256
0.441905482041589
-0.921916824196596
-0.376189035916825
0.649604914933837
-0.52358034026465
0.805132325141779
0.43802268431002
0.696788279773157
0.661960302457468
0.72887145557656
-0.623780718336484
-0.74630056710775
0.144056710775047
0.0100018903591682
0.189913043478261
0.723576559546315
-0.295017013232515
0.0430151228733459
-0.92822495274102
0.0549338374291116
-0.451901701323251
0.711482041587901
-0.687211720226842
0.42317202268431
-0.843457466918714
-0.144922495274103
-1.02601890359169
0.124007561436673
0.950349716446126
-0.445909262759925
0.602706994328923
0.627618147448015
0.709948960302457
-0.4222797731569
-0.563190926275992
0.485213610586012
-0.600971644612476
-0.932835538752363
-0.632253308128544
0.879534971644612
-0.553705103969753
-0.739671077504726
0.89709640831758
0.64
-0.859671077504726
-0.53794517958412
0.58609640831758
0.383
0.862712665406428
0.118822306238186
-0.237287334593572
-0.687287334593572
0.204054820415878
0.418
-0.238
0.686
0.778
0.271
0.519
0.61
0.851
-0.634
0.753
0.097
-0.871
-0.31
-0.564
-0.403
-0.389
0.733
0.334
-0.236
-0.278
-0.796
-0.321
-0.631
0.889
-0.305
0.306
0.746
0.329
-0.349
0.275
-0.168
0.841
0.333
-0.516
-0.572
0.854
-0.219
0.753
0.163
-0.449
-0.239
-0.945
-0.906
-0.487
-0.181
0.51
0.455
-0.974
0.007
-0.229
-0.859
0.799
-0.99
0.602
0
-0.261
-0.607
0.797
0.083
0.964
0.772
-0.719
0.199
0.09
-0.079
0.255
-0.204
-0.795
-0.993
-0.257
0.83
0.979
-0.83
-0.787
0.96
-0.851
-0.416
0.856
0.07
0.184
0.85
0.72
-0.679
0.879
0.133
0.032
0.83
0.73
0.483
0.689
0.46
-0.016
-0.33
0.198
-0.222
-0.52
-0.145
0.004
0.591
0.563
-0.286
0.25
-0.982
-0.736
-0.059
-0.838
0.628
0.797
0.641
-0.149
-0.846
-0.464
-0.273
0.898
-0.886
-0.948
0.959
0.319
