-2.8157939552357
-1.39382231047067
-1.19251985187811
-1.30779206040813
-1.82360870048884
-1.64056144230169
-0.591880915922495
-0.504245744209402
-2.29649338945152
-1.95090926461311
-0.62317391306462
0.159266549963014
-0.318071832736304
0.156482047762418
0.335627596186135
-0.0654782583898456
-0.227756138500852
0.0367032134365694
-0.153795836858093
-0.114247635176256
0.0397731610474414
0.0691531242150783
-0.104988654980996
0.0122041637692623
-0.202888464472375
-0.0838676839085465
-0.100792057508212
0.0347334600918665
-0.0586181455779074
-0.230185255783621
-0.0236389482839102
-0.234393203219925
-0.234744802271519
-0.231196593727289
-0.057024568505748
-0.0376370485029695
-0.000875236578579948
-0.0340529339803855
-0.0551606767833162
-0.147516067125424
-0.322056713824555
0.139695655625441
0.100103973089056
0.110614367032172
0.153434785057032
0.043850663056857
-0.178803403493259
0.0273062434472395
0.0872741003169944
-0.188209832362374
0.0805595470202014
-0.0935689994256724
-0.0585085072594395
0.0500964061014746
0.0905103970505249
0.160083174586415
-0.0553270284839606
0.110351608971088
0.248916827051571
0.138567106954329
0.0750623886645309
0.330143665132885
0.272465026332376
0.269364844208371
7.90831567885521
0.903657844890391
0.793160675226066
0.494638934448821
0.610623816109168
0.443058598321235
0.229718334563992
-0.0344877086534673
0.122385635073877
0.141775042946094
0.196844995294082
0.0403894112119048
0.00156332856519124
0.176449908730612
0.0518695582104609
0.0702268428902711
0.311516067225422
0.10899243438119
-0.230328927049021
-0.144328922605834
-0.042368628717297
-0.0526200332368521
0.00341587683253907
0.099461253447521
-0.241988657203434
0.0760793971315152
0.0526540655658785
-0.154468806512398
0.255916827773172
-0.0394272235839422
-0.0392608678519015
-0.629705103336026
0.280928171851584
0.125722108375638
-0.0515292996791115
-0.06690548883231
0.102344046800979
-0.333894139976859
0.696448016625767
-0.441000000922457
-0.148126656372053
0.0803119091508492
-0.526824202166411
-0.148258975620194
0.00197543261313134
0.0477580374623424
0.0212325182543442
0.497901705163285
-0.00545936148063712
0.0673950857182601
0.153366725080186
0.181657849092569
0.207826086921283
0.25989413909301
0.654361060021582
0.306533084166387
-0.336722114781896
-0.829465027391263
-0.515128547181145
0.204865783905388
-0.249867672977249
0.762298675268418
0.0944650270476803
0.260482040049218
0.0718204173733643
-0.428892252094274
0.70577505161884
-0.926805294211968
0.444425325335562
-0.348482042702626
-0.183251416882069
-0.0431606755899181
-0.934336483293202
0.258111529866253
-0.602818530157754
0.000381850106959447
-0.583553876787667
0.499689985786463
0.0766918754555117
-0.178168239421647
0.413676752364529
0.763353503071396
0.219799621357042
-0.247017013199439
0.146667297672282
0.542117198856533
-0.84556521688427
0.472633272155128
0.624
0.3452854448851
0.322880907480853
0.024618149616993
-0.313
-0.622548202748958
-0.34278638778725
-0.601548202748959
-0.443548202748959
-0.794119092519152
-0.119
-0.25
0.921
0.628
0.466
-0.955
0.748
-0.654
0.609
0.556
-0.4
-0.88
0.164
0.797
0.091
0.387
0.09
0.238
-0.267
-0.664
-0.473
-0.128
0.355
-0.418
0.23
-0.596
0.156
0.552
0.755
-0.96
-0.151
-0.569
0.04
-0.335
-0.698
-0.67
0.085
-0.988
-0.6
0.086
-0.192
-0.394
-0.665
-0.532
-0.413
0.504
-0.8
0.528
0.995
0.299
0.328
0.465
0.706
-0.74
0.682
-0.991
0.395
0.338
-0.603
0.061
-0.112
-0.805
-0.409
0.569
-0.294
-0.832
0.079
-0.502
0.495
-0.239
-0.698
0.077
-0.162
0.647
0.527
0.92
-0.463
-0.114
0.994
0.725
-0.796
0.627
0.556
-0.545
-0.288
0.384
-0.275
-0.22
-0.017
-0.707
-0.065
0.746
0.614
0.339
-0.803
-0.387
-0.986
-0.235
0.762
-0.582
-0.575
0.702
-0.967
0.234
-0.003
-0.75
-0.373
-0.941
-0.267
0.762
0.472
-0.492
0.344
-0.328
-0.143
0.261
-0.362
-0.865
