-1.44974291115303
-1.13535538752366
-0.138362948960302
-1.32263137996232
-0.667224952741
-0.708247637051025
0.660192816635181
-1.01362948960302
-1.44488468809059
-0.101187145557651
0.116349716446125
-1.08050661625711
-0.76012665406426
0.111035916824201
-0.523068052930048
0.0917882797731607
-0.0488563327032127
-0.774298676748581
-1.05698676748582
-0.41905293005671
-1.14765784499051
-0.516130434782609
-1.13755576559547
-0.910105860113412
-0.864956521739131
-0.47691115311909
-0.223480151228728
-0.444538752362948
0.0462117202268493
0.271223062381857
0.474916824196606
0.657829867674864
-0.766251417769368
-0.135557655954629
-0.103372400756142
-0.648113421550091
-0.639410207939507
-0.721820415879009
-0.857793950850658
0.253984877126655
-0.360982986767482
0.104907372400757
-1.160224952741
0.530956521739135
-1.03448960302456
-0.420170132325142
-1.06383175803404
0.527001890359174
-0.603204158790167
-0.876837429111523
0.109465028355393
0.310306238185258
0.373393194706997
-0.309637051039694
0.693253308128549
0.12168052930057
-0.860275992438562
-0.798727788279772
0.455786389413996
0.279858223062385
0.407899810964087
-0.374529300567108
-0.510274102079395
-0.809207939508504
0.119493383742914
0.213190926275996
0.702285444234406
0.228928166351607
-0.937765595463136
-1.11461247637051
-0.41010586011342
-0.25572967863894
0.677958412098299
-0.359175803402645
0.702799621928167
-0.520578449905483
-0.232614366729677
-0.933162570888469
-0.99423629489603
0.441792060491494
-0.66686011342155
-0.0473232514177693
-0.804
0.205657844990548
-0.94935538752363
-0.816013232514178
-0.783671077504726
0.499907372400756
0.213249527410208
0.81364461247637
-0.604
-0.863421550094518
-0.121368620037807
-0.220355387523629
0.808223062381852
-0.796
-0.296026465028355
0.725960302457467
-0.474697542533081
-0.207092627599244
-0.103079395085066
-0.0583553875236295
0.728
-0.443750472589792
0.495933837429112
-0.351724007561437
0.79964461247637
-0.0103421550094518
-0.0370661625708885
0.299315689981096
-0.524776937618147
-0.817
-0.77235538752363
-1.01105293005671
0.0582495274102079
-0.43135538752363
-0.39
0.512328922495274
-0.796052930056711
0.0749206049149338
0.181644612476371
-0.754671077504726
-0.986684310018904
-0.865776937618147
0.634
-0.564697542533081
0.851933837429112
-0.011421550094518
-0.227
0.571578449905482
0.831631379962193
0.0376446124763705
0.464920604914934
0.190644612476371
-0.397
0.434973534971645
0.374960302457467
0.428920604914934
0.527249527410208
0.243578449905482
-0.786790170132325
0.22
-0.43
0.998
0.224
-0.787
0.993
-0.134
0.642
0.352
0.593
0.22
0.504
0.387
0.701
-0.253
-0.067
0.452
0.03
0.105
-0.216
-0.274
-0.773
0.363
0.445
0.551
-0.385
0.037
0.454
0.697
0.17
0.078
0.883
-0.085
-0.196
0.99
0.681
-0.963
0.051
0.421
-0.518
0.07
0.46
0.421
-0.909
-0.343
0.561
-0.82
0.517
0.855
-0.465
0.974
-0.5
-0.47
-0.428
0.646
-0.008
0.206
-0.447
0.673
0.597
-0.045
0.412
0.944
-0.818
-0.485
0.336
-0.411
-0.418
0.711
0.065
-0.105
-0.6
0.609
-0.377
0.714
0.266
-0.194
0.272
-0.213
0.989
-0.565
0.519
0.598
0.161
0.196
-0.423
0.352
-0.658
0.158
-0.003
-0.525
0.484
0.378
0.823
0.526
0.657
0.515
0.238
0.575
0.32
-0.028
0.597
0.806
-0.21
0.639
0.574
-0.109
0.907
-0.143
-0.62
-0.815
0.933
0.765
0.683
0.162
0.435
0.814
-0.217
-0.014
0.937
0.983
-0.753
0.424
-0.286
-0.41
0.411
0.021
0.786
0.096
-0.943
0.751
0.568
0.696
0.467
0.017
-0.162
0.713
-0.193
0.522
