-3.10424574668094
-1.93262192818155
-0.0862419659735324
-0.126404536867787
-0.200565217391487
-1.50501512288405
-2.3775368620038
-0.58700756143741
0.192396975426562
-0.593504725898445
-0.198920604914693
1.14754631380722
-0.00998676748497443
1.06832892249719
9.94128922494396
-0.950790170131234
0.246083175803956
-0.379300567107429
0.175646502835943
-0.271586011341898
0.0434328922496021
-0.00337807183344953
0.0401455576560688
0.0844763705104115
-0.100606805292911
-0.0806786389413106
-0.0498846880903105
0.137669187145638
-0.0438884688090243
-0.12856710774991
0.0142741020794333
-0.134922495273759
-0.0120850661622671
0.0448355387524216
0.056646502835666
-0.0396483931946331
-0.00420604914931707
0.105708884688197
0.0111361058601413
-0.079892249527162
0.0298034026465859
-0.0711890359167936
-0.0593081285443887
-0.0762022684307917
-0.00286389413980146
0.124211720226877
-0.0290699432891435
0.0612438563328678
0.137680529300796
-0.0780982986767269
-0.00708128544408845
-0.0603761814744293
-0.00202079395085277
-0.0501720226843355
-0.0709489603023089
-0.0621153119092672
-0.0649224952741342
-0.00153119092617576
-0.00175047258972269
-0.0244234404536313
0.0953818525520011
0.0787844990548296
-0.0431190926275288
0.0132533081285669
0.0996332703213764
-0.00119848771268146
0.0726748582230746
-0.0775066162571055
-0.0181455576559116
-0.029931947069956
0.0340396975425467
-0.110625708884675
-0.0260699432892155
-0.0823629489602774
6.80529300483273E-05
0.0966086956523382
-0.078340264650288
-0.00327221172023778
-0.0223553875236306
0.0932344045368822
-0.0761833648393008
0.0590037807183285
0.171956521739188
0.0516408317580416
-0.172998109640782
0.000926275992439397
-0.0304045368620147
0.0805652173912788
-0.0293553875236099
-0.0683837429111522
0.0314177693762151
0.0511455576559553
-0.046659735349716
0.00106049149338274
0.0784517958412113
-0.044255198487719
-0.0630415879016668
0.0857561436673158
0.0632400756143681
0.0408128544423274
-0.0321115311909107
-0.0640396975424811
-0.00478638941397216
0.0428487712665995
0.063192816635197
-0.154544423440429
-0.0707504725897719
0.239550094518055
-0.202886578449873
0.272896030245889
-0.0287258979205795
0.18031568998114
0.0618846880907418
-0.181468809073738
0.168489603024654
-0.22165595463135
0.0258657844990441
0.332879017013299
-0.472120982986721
0.709765595463104
-0.236444234404528
-0.36516824196598
-0.0311928166351466
-0.157756143667297
0.102166351606816
-0.0946105860113451
0.119344045368639
-0.0904574669187059
-0.326693761814741
0.433737240075618
0.313659735349736
-0.0256275992438574
-0.283958412098323
0.56821172022686
-0.542478260869553
0.0974971644612631
-0.380499054820426
0.11960113421551
0.0848563327032338
-0.245296786389407
-0.187829867674861
0.83212476370512
-0.0752986767485811
-0.362742911153112
0.0175255198487716
-0.0293875236294823
0.342758034026466
0.649877126654059
0.0711739130434759
-0.17962570888469
-0.549381852551987
-1.17191304347822
-0.678
0.14364461247637
-0.594725897920601
0.3084820415879
-0.195
-0.76243667296786
-0.22188846880907
0.66956332703214
-0.76543667296786
0.5702741020794
0.717
-0.407
0.833
0.159
-0.532
0.557
-0.294
-0.455
-0.068
0.066
-0.675
0.19
-0.368
-0.087
0.97
-0.341
0.544
-0.653
-0.892
-0.489
-0.458
0.868
0.08
-0.608
-0.506
0.062
-0.865
-0.402
0.188
-0.395
-0.788
0.36
-0.125
0.447
0.918
-0.571
-0.312
0.789
0.358
0.453
-0.041
-0.876
0.55
0.447
0.677
0.132
-0.461
0.496
0.432
-0.854
-0.246
-0.498
0.623
0.784
0.032
0.848
0.513
0.441
-0.335
0.406
0.421
-0.893
0.357
-0.673
-0.147
-0.035
-0.686
0.185
-0.005
0.54
0.971
0.754
-0.011
-0.346
0.552
-0.583
-0.682
0.632
-0.286
0.362
-0.478
-0.362
0.165
0.041
0.85
0.709
0.736
0.091
-0.586
-0.931
-0.085
0.246
0.124
0.951
-0.968
-0.148
-0.233
0.223
-0.407
-0.289
-0.183
0.354
-0.499
0.892
-0.826
0
0.513
-0.031
-0.768
-0.385
0.53
0.881
-0.274
0.302
-0.117
-0.218
-0.059
-0.685
