-3.22314745267007
-1.55835349736503
-0.519438566469996
-0.412431001611655
-1.0166616292397
-0.888395086569816
-1.26265785056442
-0.510958411646253
-0.530291113386593
-1.2565066211118
-0.568020796650858
0.240120982949693
-0.686425332054299
-0.194277881397784
0.0472514176962283
-0.0647655967314027
-0.0906332684948239
0.0398034030493984
-0.0238128526617572
0.00646124698710735
0.0205236288022469
-0.126472589439202
-0.352960296798323
-0.259858220502846
-0.0608317577356272
0.00430812952964587
-0.262551988942825
-0.0200907364443344
0.0299886557316357
0.0934555746412186
0.0477315689481557
-0.0783913010393028
0.0141398900453728
0.0541020788422894
0.241920608123843
0.0807523644074629
0.0487807177604651
-0.129984875278595
0.0371531205736338
-0.0138733425378156
0.0197655952519152
-0.162466922523053
0.136754253368885
0.00457655977027525
0.174799618905914
-0.037480153587907
0.180565216737771
0.122001889021755
-0.202160682930928
-0.168170129742399
6.94106804935027
0.212317578214344
0.227903585366292
0.303570886058068
0.2488601150087
0.0434404499003749
0.144228735384396
0.0949565200651217
0.0971644608589141
0.152463136634854
-0.0290642738976256
0.225856331723007
-0.0920340266959558
0.0809716450075305
-0.00215878578355749
0.00843289053619352
-0.0373534987186499
-0.0479470708679526
0.126459355432143
0.0998090740386077
0.00200189026905574
0.134759924449049
-0.0148827973667708
-0.129693760428746
-0.024504730109091
0.0310529265328335
0.0263289230248363
-0.0349470722918055
0.12001322976504
-0.26517579895435
0.0381493360257451
0.201646506645893
-0.269922496643129
0.0388412161832721
0.143124765015366
0.0998204142119153
0.256788277880553
-0.18239697956393
-0.135731568040602
0.0175255167805399
-0.00893951269598528
-0.00893572613546996
-0.214775052006095
-0.118909269794935
0.177667297115232
0.017200379218313
-0.188958411645388
-0.174187148247628
0.179506617169754
-0.115816633780587
0.084553875489822
0.00223629570377286
0.101166350040658
-0.26496597425543
-0.0821833624182276
-0.126544425629871
0.318119090866518
0.508400758054961
0.385164460137867
-0.187493381163493
0.213748583085473
-0.456417772621861
0.0886408325636659
-0.501364836379235
-0.365317580386819
0.143761812596911
0.365533086838927
-0.0646257033334026
0.312232512327068
0.471311911796498
0.201920605607879
0.0371984850774897
0.567266536293551
-0.554913043591668
-0.815258978780719
0.368073726769511
-0.0252287322966981
-0.501321362178279
0.164228730953804
-0.213262762175768
1.27047637091285
-0.455344045379961
-0.772164463072315
0.590217388428403
-0.794255198232781
0.13388090667592
-0.62036105819837
-0.353775049549096
-0.866506619328116
0.115368615731525
-0.294298674666197
-0.391404537002883
0.485935727148136
-0.183595463899944
-0.177090739278759
0.132347826870762
0.744145556180643
-0.742238186667838
-0.407939512654396
0.190561433992055
0.53219659688451
-0.291062382815894
0.146
-0.198854442213054
-0.820809073702184
0.942818525956461
-0.594
-0.691517958128309
0.411863894467347
0.146482041871691
0.705482041871691
-0.872809073702182
-0.828
-0.534
-0.329
-0.2
0.87
-0.346
0.865
-0.169
-0.551
-0.084
0.054
0.653
-0.424
0.06
0.316
0.113
0.708
0.429
-0.574
0.736
0.719
0.555
0.213
-0.024
0.44
0.685
0.751
-0.628
-0.595
-0.728
-0.763
-0.949
-0.681
-0.392
0.92
-0.052
-0.889
-0.915
-0.218
0.278
-0.451
-0.781
0.308
-0.359
0.677
0.492
-0.812
0.112
-0.498
0.292
-0.48
0.889
-0.361
0.889
-0.598
-0.383
0.253
0.694
0.359
-0.816
-0.098
0.493
-0.575
-0.824
-0.322
0.002
0.334
0.968
0.14
-0.632
0.002
0.622
-0.354
0.148
0.186
0.499
-0.754
-0.429
0.298
0.948
0.497
-0.362
0.869
0.113
0.752
-0.653
0.412
-0.571
-0.794
0.302
0.695
-0.584
-0.274
-0.402
-0.625
0.056
0.793
0.132
0.963
-0.326
-0.842
-0.781
0.972
-0.866
-0.711
-0.103
0.243
0.49
-0.298
-0.098
-0.629
-0.319
-0.604
0.411
-0.314
-0.736
0.623
0.311
