-1.59629868406725
-1.4850548201913
-1.31587713239427
-1.24196407830152
-1.03791871703585
-0.907387526555616
-1.06703592329248
-0.423440453294742
0.343096411587877
-0.945824196532549
-0.667958414844171
-0.271913040057429
-0.268272212743582
-0.309017013226869
-0.33136862062435
-0.323347821704292
0.173406428944799
-0.405190924732264
-0.72331568872643
6.20577126694185
-1.42155576504867
-0.0296937628314838
-0.0262476349101522
0.134529305264034
0.0294083176107439
-0.0377618130604703
-0.122884689666959
0.0876748579481044
0.0832173905598995
0.0576616275590437
0.103612479741503
-0.127578448622399
0.00431568633746229
0.0498298702832881
0.0711285434911535
0.0851285444833277
-0.0225652158194949
0.00142911415015218
-0.0347391308263277
0.0250453656081024
-0.00493383827697965
0.0597788302294222
0.0848657847448405
-0.0267637049174537
-0.0392344055079408
0.0997202265303698
0.129788281119392
-0.0213081313084566
0.015306235786727
-0.0366540628341727
-0.0249924376042219
0.00620037852531538
0.0203364842657778
0.0359867713083265
0.0290189032917192
-0.00489225009079356
-0.000725893522107788
0.0698676786039592
-0.0387712677849988
0.0305538758187377
0.0757920604127733
-0.120975422351515
0.0267466908722142
0.0172873349125948
0.0429546342954737
0.0966162571864684
-0.0397920577626631
-0.00165595605457915
-0.0487655970019048
-0.0350302425284043
-0.000979210727237157
0.078302457788752
0.0864877100085002
-0.00569376288162083
0.0834291104129075
-0.137485823451152
-0.0311001844845833
0.0031550058898834
0.0793799601942822
-0.101172022611058
0.0345292992974384
0.0121285447557886
-0.0149659757342271
-0.0565935730767403
-0.00109640806832414
-0.0664423439770646
0.01763326909676
0.0410056723500355
-0.0799999990154941
0.0377807171801644
0.0913364837453285
0.0286843101294652
-0.0722287369684327
0.179981095666771
0.0792154999134053
-0.224270323780638
0.122965975154668
-0.0260415872432633
0.123996217953364
-0.160283555554507
-0.0576994319288696
0.0227410209721283
0.0997637029631719
-0.154255196722933
0.163655951803219
0.033425329452316
0.0769357280875528
-0.218865784874347
0.00539319575205534
-0.106510397156407
-0.0415689952828948
0.0407240061663765
0.231461246000404
0.161219282346663
-0.0587958430267029
-0.16743289339315
-0.139429110722758
0.266792060940109
0.218517958218374
0.663642727709965
-0.451688092202725
0.325149339091879
-0.089858221665962
-0.44827410273852
-0.326461253206656
0.262018903522744
0.0941512289214832
-0.390137996210166
0.256395083321065
-0.562102082259163
-0.463436674425528
-0.166731572035401
0.103206045325541
-0.300742911905293
0.665601132138069
-0.579003781525332
-0.110981095571695
0.484327031616391
0.0761512272377099
0.37436294674774
0.0505255208734044
0.200338375502334
0.687408319182415
0.69494139950589
-0.560686198207703
0.874139887665041
0.127043479429861
0.245703215446462
-0.362081280969679
-0.95959735324647
0.308771267220898
-0.515289223386576
0.081
-0.844088846902036
0.704818525516329
0.337370510326556
-0.515
-0.938359168287738
-0.950722117255085
0.938640831712262
-0.296359168287738
-0.793181474483671
-0.373
0.67
-0.26
0.984
0.568
0.584
0.808
0.509
0.653
0.927
0.356
-0.073
0.816
-0.144
-0.965
0.129
0.704
0.807
-0.712
-0.05
-0.624
-0.161
0.176
-0.681
0.975
-0.039
-0.574
-0.755
0.648
-0.549
0.403
-0.458
-0.647
-0.602
0.924
0.795
0.04
-0.541
-0.763
0.38
0.03
-0.489
-0.516
0.183
-0.328
-0.846
-0.654
-0.151
0.326
0.355
-0.628
-0.741
0.666
0.768
0.832
0.788
-0.506
-0.58
-0.992
-0.394
0.157
0.562
0.861
0.201
-0.477
-0.187
-0.426
0.418
-0.068
-0.761
-0.911
0.245
0.57
-0.092
0.919
0.864
-0.645
0.993
0.647
0.821
-0.386
0.577
-0.082
-0.707
-0.922
0.143
-0.124
-0.416
-0.434
-0.865
0.301
-0.381
-0.55
0.63
-0.778
0.467
-0.35
0.282
-0.341
0.858
0.579
-0.072
0.916
0.087
0.266
0.127
-0.311
-0.243
0.849
0.967
0.432
-0.5
-0.227
-0.813
0.991
0.579
-0.356
0.568
