-1.3716276005891
-1.38738185340019
0.200618147448018
-0.156792062493445
-0.177018903975394
-0.568767486188349
0.839100187371991
-0.863612482193682
-0.455007564868921
-0.137795838849997
-0.116083179113903
-1.49593005806029
-1.20105481927944
-0.324064273967364
-0.50219092545766
-0.947950853369993
0.157555767468682
-0.849850664103106
-0.693521738702918
-1.00352363191978
-1.14456522089849
-0.164534970070679
-1.09661247957248
-0.796395083317527
-0.744879016965298
-1.25782230860229
-0.118676748611782
-1.51428544618941
0.263867675949832
-0.743047260570704
0.505824196472011
-0.768531194535358
0.189340266511531
-0.372500946314065
-0.70047826086458
-1.05685255659181
-0.752911150880329
-1.32762003813213
0.0155860082907785
0.242860110736413
-0.998153116265625
-0.0163440450812996
-1.44088279682993
-0.762060493286941
0.0367088851197776
-0.72600944962756
0.808274100724534
-1.24899621695186
-1.34973345821053
0.0317561404082071
-0.843799626775977
0.0777863872492307
0.392729679424193
-0.151756139978631
-0.795795842298482
-0.148680526524557
0.196935724740504
-0.156578452146979
0.0281153122613702
-0.724017010118413
-0.428965976021536
-0.208240075663621
0.478143665343328
-0.400145558117938
-0.740689982804089
-1.51588846769516
-0.0659489609172348
-0.606160679465251
-0.190323252059273
-0.142321364800078
1.18604915007099
0.0528979204823817
-1.04635160589829
0.317635159986874
0.795236296316448
0.264493380540896
-0.80678828230339
-0.809362950035611
0.345196598081634
0.721725897751632
-0.308069943783548
0.3375973538394
-0.374909264657767
0.0327655959075011
-0.0463251399438648
-0.10093951065869
0.37412854262771
0.224311909857779
0.62891871367976
-0.0953232524360668
-1.04778639012147
-0.0833364839270105
0.57894517684901
-0.317391303045735
0.264973534724494
0.338718334017076
0.653432894272055
0.59791304141561
0.126975426293475
-0.136344048563641
-1.33185444421846
0.72293383962907
0.272037805667927
0.507986764711233
-0.0975897875302435
-0.300998106968356
-0.0783194695910278
-0.652741023294592
0.53886956209273
0.311119091557257
0.368071835070203
0.812111529106459
0.38654442517358
0.385973533404093
-0.605274105291312
0.0109810956174897
-0.069531190252338
0.618905479455737
0.672778826656945
0.502357278881354
0.295136101727097
1.76786011131091
0.685525516514325
1.20500000091091
-0.15913799491293
0.266739127080644
0.810192816054879
-0.482181476492824
0.839752364478509
-0.427272212544847
1.31432136027131
-0.0202495298601614
0.599531192493136
0.758848773336918
0.69440453542755
1.36441209742628
1.07813043560926
0.604052929437006
-0.568281662054114
0.703066161349781
0.981105860345874
1.16159735359767
1.50099054659068
0.585514177512097
1.26835538565053
0.557580339630858
0.892311910030354
-0.291007560316268
0.234243856674256
0.660412103251401
-0.181258979518722
0.798327031076964
0.724
-0.29873535004602
-0.400289225007672
-0.672784500153399
0.415
0.658240074900296
-0.0533383751150455
0.117240074900296
-0.0187599250997051
-0.57728922500767
0.173
-0.51
-0.187
0.818
-0.73
0.793
0.484
-0.566
0.307
0.68
0.817
-0.543
0.897
0.497
-0.894
-0.162
0.039
0.938
0.143
0.539
-0.816
-0.426
0.596
-0.791
-0.078
-0.049
0.396
0.342
-0.735
-0.883
-0.811
0.021
-0.377
0.429
0.866
0.39
0.84
-0.078
-0.78
0.733
-0.026
0.576
0.47
0.085
0.817
0.266
-0.236
0.095
-0.914
-0.424
-0.468
-0.093
0.886
0.354
-0.768
-0.401
-0.106
-0.396
-0.105
0.318
-0.604
-0.859
-0.832
0.19
0.49
-0.204
0.833
-0.533
0.63
-0.285
-0.002
-0.883
0.718
0.409
-0.435
-0.392
0.104
-0.49
-0.609
0.656
-0.813
-0.699
0.255
0.688
0.584
0.282
0.134
0.268
0.197
0.267
-0.505
0.235
-0.974
-0.099
0.336
-0.168
0.407
-0.721
0.594
0.021
0.432
-0.704
0.464
0.37
0.578
-0.585
0.189
-0.524
-0.211
0.623
0.495
-0.616
-0.788
0.239
0.131
-0.905
-0.114
-0.52
