-2.14393383848551
-0.475189036550608
-0.569362948960302
-0.60008695707099
-0.933737240117833
-1.47961058656052
0.370415878974793
-0.209933838569935
-0.513096409458394
-1.17882230737918
-0.482238185255194
-0.281202269698586
-0.831043478852426
0.461175802515323
-1.38584121008327
-0.90121928191706
-1.29025330812856
-0.150438564129835
0.052646502793283
-0.193945179964373
0.207589791891482
-1.08564083289903
-0.491107750472587
-0.0409867674858212
-0.788551984877119
-1.09702457466917
-0.749090737240072
-0.571557655954631
-1.1439527410208
-0.153018903591681
-1.31168241965972
-0.813238185255199
-0.940999999999997
-0.674258979206049
-1.32143100189032
0.163219281663516
0.253277882797734
0.3097618147448
-0.208827977315689
-0.680640831758031
-1.23798487712661
-0.675827977315689
-0.11902079395085
-1.16853875236294
0.433103969754253
-1.10678638941398
-0.806495274102077
-1.17658034026465
-0.405134215500942
-0.620243856332703
0.119771266540646
-0.413937618147449
0.073393194706996
-0.745366729678638
-0.950054820415878
0.454884688090741
-1.05213421550095
-0.371531190926273
-0.732667296786389
0.241264650283556
0.406003780718337
-0.615682419659733
-0.0126332703213605
-1.24009451795842
-0.844510396975424
-1.07831758034025
0.0194385633270329
0.799264650283554
0.433308128544425
-0.739986767485821
-0.443304347826088
-0.792413988657844
-0.656638941398866
-0.241192816635159
-0.227699432892249
-0.0593988657844991
-0.0616654064272212
-0.272001890359169
0.303792060491494
-0.823124763705103
0.681115311909262
-0.879693761814743
0.712120982986766
0.428559546313801
0.720593572778828
0.00820982986767483
0.0282476370510395
0.522703213610586
-0.545620037807183
-0.727638941398865
0.298474480151228
-0.183319470699432
0.144453686200379
0.507374291115312
0.0650018903591687
0.503406427221173
0.396769376181475
0.189126654064273
0.53366729678639
0.785941398865785
-0.40410775047259
-0.403491493383742
-0.325444234404538
-0.690249527410208
-1.00497164461247
0.129994328922496
-0.773894139886577
-0.590896030245746
0.463846880907373
0.0351474480151225
-0.519894139886578
0.271379962192816
0.482049149338374
-0.791449905482041
0.648468809073725
0.139194706994329
-0.18182797731569
0.754931947069944
-0.876567107750473
0.34854820415879
-0.408132325141777
0.64365595463138
0.24086011342155
0.135899810964083
0.0121058601134215
0.669126654064272
0.143
-0.22503213610586
0.739173913043478
0.319461247637051
0.63409640831758
0.792213610586012
0.163557655954632
0.551822306238185
0.596578449905482
0.193775047258979
0.56762381852552
0.316831758034027
0.463249527410207
-0.400003780718336
-0.224512287334593
-0.277831758034027
-0.960992438563327
0.343618147448015
0.726037807183365
0.977
0.347809073724008
-0.0891984877126654
0.804030245746692
0.747640831758034
-0.26
0.707
0.137
-0.718
0.135
-0.173
0.271
0.481
0.326
-0.762
-0.97
0.488
-0.383
-0.78
0.513
-0.246
-0.879
0.959
-0.423
-0.473
0.659
0.421
-0.8
0.461
-0.469
0.898
0.771
0.978
0.372
0.148
-0.588
-0.774
-0.056
0.949
-0.336
0.945
-0.298
-0.015
-0.57
-0.117
0.961
-0.895
-0.9
0.332
-0.318
0.339
-0.754
0.844
0.892
0.102
0.855
0.42
-0.661
0.38
-0.772
0.319
0.506
0.675
0.751
0.236
0.055
0.293
-0.891
-0.823
0.825
0.804
-0.457
-0.332
0.555
0.568
-0.948
0.136
0.528
0.693
-0.434
0.553
0.32
-0.133
-0.221
0.192
0.652
0.926
-0.914
-0.73
0.292
-0.008
0.886
0.563
0.72
0.345
-0.561
0.027
0.234
0.194
0.827
-0.333
0.995
0.922
0.507
-0.122
-0.205
0.578
-0.711
-0.676
0.049
-0.281
0.891
-0.355
-0.186
-0.325
0.998
-0.361
-0.105
-0.441
0.584
0.128
0.207
0.839
-0.116
-0.167
0.917
-0.02
-0.053
-0.791
0.128
0.025
0.901
-0.666
0.866
0.899
