-1.91663705103958
-0.700952741020777
0.811274102079395
-1.39994139886594
-1.04794328922492
-0.880119092627583
-0.83249149338372
-1.18658034026459
-0.111646502835531
-1.25201512287336
-0.518693761814742
-0.0158449905481954
-1.34915879017021
-0.321325141776936
0.225300567107758
0.155323251417776
-1.4500869565218
-1.05548960302457
-0.0380434782608678
0.365413988657847
-0.259914933837427
-1.07789603024575
-0.364793950850659
-0.86837240075614
0.307810964083184
-0.140638941398865
-0.579788279773152
-0.287975425330808
-0.323315689981089
-0.227880907372402
-0.41367674858223
-1.29708506616253
0.316551984877131
-1.27669565217393
-1.13410207939508
-0.953746691871449
-1.15551984877126
0.399491493383745
0.312822306238193
0.205657844990554
0.136073724007561
-0.406835538752361
-1.69143856332699
-0.999604914933833
0.409684310018909
0.309833648393195
0.288555765595467
0.11682230623819
-1.24165028355388
-0.620241965973533
-0.516625708884686
0.0576635160680542
-0.969756143667295
-1.06194139886577
-0.912839319470698
-1.0773988657845
0.311761814744803
0.0779848771266549
-0.797126654064271
-0.406413988657847
0.757325141776938
-0.156574669187145
-0.796211720226842
-0.888018903591679
-0.023648393194707
-0.530737240075614
0.833482041587901
-1.00588279773157
-0.365389413988657
0.345871455576559
-0.220402646502833
-0.736684310018902
-0.300731568998108
0.612158790170134
0.851213610586013
-0.787862003780717
-0.87375236294896
0.216041587901702
-0.630190926275992
-0.857882797731569
0.439425330812855
-0.016608695652174
0.060952741020794
0.0715009451795842
-0.539759924385632
-0.911376181474479
0.893843100189036
0.605754253308129
0.625274102079396
-0.757553875236294
-0.0925954631379962
0.0759867674858223
0.493877126654065
0.069843100189036
0.813644612476371
-0.316102079395084
-0.398958412098298
0.844973534971645
0.0934593572778832
0.31660302457467
0.784480151228734
0.785404536862004
0.200075614366731
-0.397540642722117
0.697459357277883
-0.400979206049149
-0.485177693761814
-0.484088846880907
-0.840903591682419
-0.80645179584121
0.93907561436673
-0.633068052930056
0.111294896030246
-0.842835538752362
0.253404536862004
-0.159485822306237
-0.980759924385633
0.362383742911154
0.679568998109641
-0.0503629489603025
-0.365506616257089
-0.715616257088847
-0.616034026465028
-0.622068052930057
-0.524725897920604
0.723877126654065
-0.23245179584121
0.644493383742911
0.80607561436673
0.172931947069944
0.612931947069943
-0.715417769376181
-0.881198487712665
0.0541512287334593
-0.64992438563327
0.655383742911153
0.804109640831758
-0.533
0.384911153119093
0.858383742911153
0.575637051039698
0.379767485822306
0.457
0.427
-0.673
-0.461
0.968
0.348
0.824
-0.017
-0.324
0.249
-0.82
-0.842
-0.316
0.518
0.409
-0.185
-0.862
0.974
0.831
-0.124
-0.293
-0.012
-0.427
0.662
-0.741
-0.95
0.8
0.606
0.052
0.565
0.977
0.833
0.373
0.249
-0.167
-0.035
-0.933
0.941
0.77
0.428
0.828
-0.168
-0.487
-0.621
-0.894
0.966
-0.61
-0.159
-0.747
-0.01
-0.671
0.417
-0.967
-0.298
-0.314
-0.531
-0.147
-0.336
-0.72
0.918
0.548
-0.782
0.931
0.111
0.272
-0.654
-0.216
0.434
-0.316
-0.557
-0.252
-0.804
-0.796
-0.597
0.047
0.874
-0.525
-0.807
0.556
-0.708
0.66
-0.042
0.352
-0.939
0.236
-0.44
0.8
-0.33
-0.437
-0.636
-0.889
0.402
0.66
0.852
0.879
0.61
-0.099
0.402
0.107
0.759
0.181
-0.045
-0.843
0.809
-0.759
-0.868
0.212
0.63
0.654
-0.188
0.994
-0.34
0.107
0.987
-0.743
-0.41
-0.135
0.869
0.875
-0.289
-0.455
-0.887
-0.129
-0.681
-0.668
0.345
-0.465
-0.649
-0.477
0.436
-0.028
0.072
0.086
0.797
0.11
-0.296
-0.2
0.543
