-1.19892627599239
-1.19466540642729
0.188637051039698
-1.13936672967871
-0.756512287334569
-0.382982986767472
-0.849094517958388
-0.54925897920605
0.136274102079411
-0.16593194706994
-0.314618147448012
-1.05752930056708
-1.03740264650284
-1.2503913043478
-0.298880907372394
-0.965291115311903
-0.135880907372401
-0.497482041587896
-0.742627599243847
-0.288387523629486
0.389629489603029
-0.219230623818522
-0.89713421550094
-0.0490926275992444
-0.615092627599241
-0.578701323251414
-0.398931947069935
0.465574669187148
-0.367119092627595
-0.342544423440451
0.404844990548208
-1.21813421550093
-1.16224763705102
-0.705869565217385
-0.0739243856332673
-0.881701323251414
-0.0942098298676733
-1.38959168241966
-0.375311909262759
0.0289527410207979
-0.925648393194702
-1.47565028355388
-0.589134215500941
-0.310958412098297
-0.62660869565217
0.204395085066164
0.323652173913048
0.220820415879021
-1.29896408317578
-0.742330812854436
-0.148536862003779
-0.0841928166351602
-0.758941398865782
-0.175916824196594
0.551589792060495
0.267468809073728
-1.13921361058599
0.329829867674861
0.499355387523635
0.207822306238189
-0.871102079395081
-0.957918714555763
0.443986767485826
-0.420992438563325
0.0142344045368632
-0.314347826086955
-0.866981096408316
0.537559546313803
-0.294669187145554
-0.702206049149337
-0.114465028355386
0.218684310018906
0.613179584120985
0.0932589792060508
-0.590999999999999
0.526432892249528
-0.576275992438561
0.0413686200378075
-0.611574669187144
-0.197614366729676
-0.18165406427221
-0.0266521739130435
0.893973534971645
-0.202293005671075
0.695351606805295
-0.424533081285443
0.44434404536862
0.0472230623818525
-0.172393194706994
0.745563327032138
-0.586587901701323
0.479551984877128
-0.772689981096407
0.472576559546315
0.00307939508506617
-0.878410207939508
-0.713642722117201
0.841310018903592
0.833124763705105
0.769497164461249
0.192831758034027
-0.874115311909262
-0.126342155009451
0.355455576559547
0.186406427221172
0.732440453686201
0.423555765595463
0.321240075614367
-0.627449905482041
-1.0216843100189
-0.115194706994329
-0.182
-0.068992438563327
-0.469381852551985
-0.571771266540643
0.207007561436673
-0.67
-0.148198487712665
0.0126181474480151
-0.392572778827977
0.461007561436673
0.127801512287335
-0.286793950850662
-0.156962192816635
-0.928
0.498610586011342
0.0750226843100189
-0.703969754253308
-0.855
-0.594969754253308
0.457412098298677
-0.332992438563327
0.264427221172023
-0.279992438563327
0.825
-0.254190926275992
-0.763786389413989
-0.649572778827977
0.483228733459357
0.865030245746692
0.0134423440453686
-0.832
-0.262
-0.025
-0.222
0.637
-0.331
0.7
-0.01
0.917
0.818
0.47
-0.169
0.185
-0.571
-0.832
0.432
0.912
0.412
0.735
-0.344
0.058
0.188
0.941
-0.499
-0.665
0.459
-0.79
-0.233
0.749
-0.05
0.886
0.274
0.106
0.542
0.318
-0.605
0.759
-0.806
-0.566
-0.135
0.453
0.41
-0.772
-0.309
-0.971
0.861
-0.827
-0.683
0.657
0.345
-0.63
0.031
0.846
0.313
-0.9
-0.021
-0.203
-0.527
-0.557
-0.822
-0.541
-0.068
0.24
-0.034
0.931
-0.805
0.725
0.642
0.11
0.773
0.672
0.718
-0.023
-0.13
0.203
0.648
-0.04
0.249
-0.528
-0.526
0.285
0.892
0.11
-0.596
-0.421
-0.146
0.427
0.792
0.442
-0.662
0.597
0.286
0.75
-0.744
-0.595
-0.48
-0.83
0.261
-0.241
0.834
-0.865
-0.469
0.207
0.883
0.672
-0.348
-0.946
-0.024
-0.89
-0.548
-0.981
0.547
-0.999
0.968
-0.108
-0.434
0.822
-0.164
-0.613
0.076
-0.233
0.933
-0.8
-0.229
-0.825
-0.614
0.967
-0.28
-0.536
-0.318
0.478
0.699
-0.511
-0.363
-0.661
-0.246
-0.315
0.226
-0.268
