-1.05640642722115
-0.326737240075603
0.550939508506618
0.231767485822323
0.883824196597379
-0.26467863894139
0.65867296786392
-1.0559395085066
-0.835300567107732
-1.10803024574668
-0.12117958412098
-1.42008695652177
-0.417835538752353
-0.719716446124757
-0.760939508506607
0.0150264650283581
-0.13315879017013
0.246162570888469
-0.868646502835531
-1.37329678638935
-0.130565217391303
-0.0493421550094539
-0.706519848771259
-0.541727788279773
-1.17455387523627
-0.150553875236293
-0.0128790170132298
-1.07370510396974
-0.146763705103968
-1.06022495274102
-1.09986011342155
-0.923981096408308
-0.306448015122869
-0.973149338374285
-0.407391304347821
-0.835247637051034
-0.0214555765595445
-0.24408506616257
-0.466448015122874
-0.485718336483927
0.502396975425336
-0.870120982986764
-0.0287599243856304
-0.467026465028353
-0.418725897920602
-0.816402646502833
-1.34352362948958
-0.235705103969751
-0.380151228733458
0.131584120982992
-0.39817958412098
0.055262759924387
0.59371644612477
-0.767563327032134
0.632323251417775
0.511839319470703
-0.531843100189033
-0.737727788279773
0.524941398865788
-0.599364839319469
-1.09584499054819
-0.00817013232514214
-0.151196597353495
-0.563882797731568
-1.09796219281664
-0.454287334593572
-0.120255198487712
-0.297238185255198
0.483933837429112
-0.998998109640831
-1.11947258979207
-1.00585822306238
-0.137578449905481
0.531060491493385
-1.07423629489604
-0.490650283553874
0.81395652173913
0.511924385633271
-1.18213043478261
0.295858223062383
0.296939508506616
-0.888759924385633
0.580493383742912
-0.987705103969754
0.413514177693762
-0.159903591682419
-0.500739130434782
-0.0980132325141777
-0.382937618147448
0.149767485822306
0.897918714555765
-0.143896030245747
0.718213610586011
-0.663869565217391
-0.0473005671077505
-0.307485822306238
0.781965973534972
-0.271170132325141
0.0165141776937618
-0.747574669187146
0.65262381852552
0.259897920604915
0.700438563327032
-0.226671077504726
0.317219281663517
-0.384759924385633
-0.356308128544423
-0.752088846880907
-0.644232514177694
0.156
0.919
-0.057
-0.609
-0.986
0.245
0.938
0.692
-0.103
0.283
0.172
-0.713
-0.855
-0.886
-0.594
-0.861
0.229
-0.597
-0.348
-0.244
0.341
-0.017
0.208
-0.283
0.779
0.949
-0.946
-0.585
-0.191
-0.296
-0.197
-0.788
-0.734
-0.451
0.488
0.243
-0.012
-0.491
0.751
0.101
0.044
0.017
-0.107
0.486
0.862
0.99
0.527
0.17
0.301
-0.36
-0.909
-0.776
0.994
0.498
0.028
-0.827
-0.289
-0.774
-0.389
-0.935
0.19
0.522
-0.118
-0.807
-0.521
-0.041
-0.979
0.595
-0.374
0.163
0.15
-0.281
-0.348
0.55
0.711
-0.677
-0.91
0.721
-0.146
0.789
-0.578
-0.117
0.113
-0.831
-0.388
-0.422
-0.782
-0.233
0.521
0.314
-0.469
-0.238
0.898
0.686
0.911
0.522
-0.865
-0.3
0.006
-0.098
0.969
0.931
-0.456
-0.862
0.489
0.372
0.572
-0.556
0.787
-0.296
-0.918
-0.01
0.371
-0.178
0.643
-0.693
-0.592
-0.287
0.58
0.9
-0.259
0.253
-0.927
0.311
-0.368
-0.612
-0.179
-0.035
0.639
-0.811
-0.813
0.389
-0.286
0.951
0.819
-0.51
-0.662
-0.025
-0.321
0.24
0.006
0.773
-0.021
-0.184
0.231
0.541
0.39
0.075
-0.957
0.603
0.113
0.422
0.119
0.105
-0.839
-0.285
0.857
0.233
0.506
0.101
-0.45
-0.394
-0.195
0.597
-0.484
-0.307
-0.725
0.419
0.002
0.152
0.968
