-1.09666540642719
0.0552911153119292
0.883090737240078
-0.467875236294881
-0.523716446124763
-1.0779243856333
-0.195964083175796
-0.366846880907373
-1.57868052930037
0.00615689981097673
-0.237255198487711
-1.85061814744801
-1.06690548204157
-0.836465028355379
-0.831610586011333
-0.961623818525506
-0.717347826086955
-0.0442778827977281
-0.689151228733455
0.451300567107758
-1.20148393194702
-0.365807183364835
-0.450334593572784
0.156652173913046
-0.420877126654062
-0.787975425330802
-1.2744083175803
-0.495754253308125
-0.236266540642712
-0.938408317580326
-0.514396975425327
-0.242695652173909
-0.168088846880902
-1.00725897920603
-0.611956521739125
-0.978406427221164
-0.927886578449899
-0.233423440453683
-0.230829867674854
-0.460257088846879
-0.614344045368618
-1.41661058601129
-1.23586200378071
0.339079395085072
-0.807068052930051
-0.649742911153113
0.376077504725902
-0.841652173913037
-0.491525519848769
0.207952741020797
0.220224952741023
-1.09629489603024
0.0489584120982994
-0.707551984877125
-0.111478260869564
-0.984693761814744
-0.540742911153116
-1.0887788279773
-1.00782797731569
0.257170132325143
-0.508620037807181
0.527105860113424
0.254525519848772
0.209916824196599
-0.411920604914934
0.340924385633273
-0.649448015122874
-0.990703213610584
0.341654064272212
-0.675510396975425
0.409551984877128
0.570841209829868
-0.51193572778828
-0.955737240075613
-0.247264650283554
-0.753737240075616
-0.191381852551984
0.290926275992438
-0.0906824196597353
-0.741888468809073
-0.170251417769376
0.178775047258979
-0.925306238185254
0.46504347826087
-0.0726219281663516
-0.184642722117203
-0.948553875236295
-0.34475236294896
0.339568998109642
-0.303593572778828
0.57315122873346
-0.556971644612477
0.0210415879017014
0.451035916824197
-0.760765595463138
0.135487712665407
-0.665937618147448
-0.166005671077505
-0.273156899810964
0.103370510396975
0.934960302457466
0.835062381852552
0.36909640831758
-0.653916824196597
-0.845266540642722
0.887568998109641
0.532843100189036
0.133712665406427
0.751850661625708
-0.167814744801512
0.308294896030246
0.433926275992439
0.190412098298677
0.936274102079395
-0.211574669187146
0.345686200378072
0.708028355387524
-0.883958412098299
-0.608820415879017
-0.87
0.496
-0.960232514177694
-0.280177693761815
-0.331122873345936
-0.152725897920605
0.0486994328922495
-0.265
0.0625482041587902
0.819151228733459
0.637041587901701
0.95709640831758
0.993
-0.406671077504726
0.858822306238185
-0.676848771266541
0.0267674858223062
0.825219281663516
0.765
0.360822306238185
0.0567674858223062
0.294274102079395
-0.0884650283553875
-0.108
-0.487
0.458
-0.901
0.246
0.097
-0.302
-0.098
0.443
-0.773
-0.57
-0.38
0.631
0.932
0.128
-0.296
0.529
0.098
0.17
-0.516
0.306
-0.855
-0.132
0.328
-0.106
0.358
0.598
0.772
0.562
0.978
-0.242
0.376
-0.17
-0.443
0.16
-0.779
0.225
-0.248
0.832
0.638
-0.627
-0.063
-0.788
0.749
0.563
0.979
-0.758
-0.59
0.912
0.125
-0.765
-0.724
0.9
-0.185
0.632
-0.253
0.645
-0.871
0.205
0.887
0.499
-0.075
0.339
0.464
0.468
0.054
0.789
0.074
-0.229
-0.093
0.478
-0.223
0.266
0.531
-0.89
-0.631
0.933
0.118
0.764
-0.086
0.116
0.187
0.86
-0.563
0.743
-0.519
0.475
-0.986
-0.076
-0.587
-0.424
0.095
0.546
0.944
-0.862
0.448
0.597
-0.253
-0.719
-0.491
-0.811
0.167
0.638
0.005
0.647
0.457
0.01
-0.632
-0.295
0.263
-0.187
-0.474
-0.636
-0.709
-0.229
-0.688
0.064
-0.098
0.721
-0.014
0.578
0.774
-0.851
-0.642
-0.67
-0.618
0.231
0.321
0.393
-0.339
-0.229
0.186
-0.163
0.255
-0.276
0.948
0.548
-0.146
