-3.43258979205816
-1.35504725898025
-0.386890359168265
-0.555079395085935
-0.631143667296478
-0.416701323251105
-1.83642533081206
0.463079395085113
-0.0140132325127469
0.433958412098437
-0.0742268430997722
8.76558034026171
0.145221172022615
0.153521739130182
-0.0732438563326969
-0.0929432892249622
-0.047453686200411
-0.097166351606791
-0.0903761814744671
0.0879281663516708
0.113062381852598
0.173353497164516
0.22937240075617
-0.0853913043478186
0.100827977315793
0.00500000000000011
0.00576181474482777
0.0561644612476477
-0.0363175803402563
0.116710775047289
0.0761701323251795
-0.0196937618147319
0.0299943289224832
-0.0303894139886347
0.0424045368620312
-0.000642722117223512
0.081657844990573
-0.0572778827977331
-0.0708431001890535
-0.0444896030245651
-0.121856332703194
-0.0730793950850336
-0.0860964083175706
-0.0930548204158776
-0.0884990548203967
-0.136574669187174
-0.0502495274101955
-0.0184177693761754
-0.0925066162570886
-0.0782117202268532
-0.0318317580340201
-0.111625708884669
-0.0498903591682239
-0.0580907372400484
-0.0264593572778911
-0.0326918714555725
-0.0508657844990498
-0.0241436672967621
-0.0401776937618141
-0.0709262759924556
-0.00994706994328612
0.0506994328922556
0.00317769376182653
-0.100005671077491
-0.0240642722117258
-0.0181436672967754
0.0360982986767578
-0.0366370510396988
0.0571871455576797
-0.0158903591682407
-0.014393194706994
-0.0298733459357259
0.00150472589792577
-0.0151682419659844
-0.0146956521738968
-0.0237429111531192
0.0136483931947197
-0.0334877126654169
0.0224839319470737
-0.0409527410207845
-0.0393232514177541
0.0227618147448036
0.0295236294896037
-0.0478979206049086
0.0530793950850762
-0.0655671077504752
0.00320415879017079
-0.0102684310018865
0.00499432892250303
0.0344536862004079
0.0299017013232715
-0.036975425330818
-0.0261342155009522
0.0123705103969872
0.021640831758034
-0.0548809073723868
0.0636294896030233
-0.0466370510396996
-0.0623742911153055
0.0571890359168328
0.0465538752362974
0.00948960302457954
0.0476862003780882
-0.0184877126653945
-0.00332703213610775
0.0513894139886746
0.0347901701323197
0.209134215500952
0.000555765595475492
-0.111939508506544
-0.0638809073723921
0.0775576559546278
0.078608695652194
-0.210472589791986
0.043956521739134
-0.0204215500945118
0.0423875236295085
0.12952551984875
-0.0916483931947054
0.798591682419613
-0.398001890359213
-0.412572778827954
0.039181474480155
-0.334071833648396
0.0335482041587834
-0.0436351606805341
0.300608695652186
-0.141827977315676
-0.254672967863861
0.371888468809085
0.0170699432892597
0.159056710775073
0.0142362948960309
0.0971474480151052
0.0882419659735314
-0.0209300567107724
0.358763705103974
0.0409224952741067
-0.0488790170132363
-0.0281379962192783
-0.498332703213598
0.310610586011321
-0.69466162570888
0.570092627599218
0.283062381852544
-0.189905482041596
0.539843100189028
-0.655981096408317
0.149888468809071
-0.285024574669193
-0.142164461247637
-0.255877126654064
0.459
-0.110493383742912
0.424417769376195
0.860355387523629
0.716
-0.18156899810964
0.657266540642723
-0.695568998109639
-0.484568998109639
0.240417769376181
-0.325
0.734
0.276
0.304
0.042
0.817
0.37
-0.575
0.109
-0.276
-0.557
0.806
0.786
0.186
0.025
0.462
-0.767
-0.717
-0.54
-0.767
-0.193
0.613
-0.554
0.341
-0.731
0.008
-0.195
0.587
-0.185
0.684
0.576
0.081
-0.312
-0.131
-0.829
-0.329
-0.576
-0.495
-0.033
0.996
-0.087
0.404
0.709
-0.87
-0.714
0.653
0.094
-0.763
-0.194
-0.746
-0.434
0.352
0.826
-0.737
-0.569
0.061
0.287
0.935
0.035
-0.967
0.012
0.782
0.609
0.425
0.148
0.361
0.117
-0.084
0.015
-0.647
0.037
0.728
0.316
-0.537
0.32
0.403
0.904
-0.684
0.054
-0.384
0.913
-0.433
-0.219
-0.439
0.117
-0.776
0.255
-0.575
-0.562
0.109
0.383
-0.511
0.47
-0.066
-0.016
0.13
0.794
-0.716
-0.019
-0.076
-0.465
-0.822
0.222
-0.548
0.216
-0.163
-0.964
0.362
-0.058
0.027
0.157
-0.029
-0.12
-0.582
-0.88
-0.556
0.001
0.048
