-2.7033251417755
-1.34308884688129
0.834466918714558
-1.07389413988656
0.586285444234493
-1.0901153119093
0.784913043478371
-0.276916824196607
-0.703098298676604
-0.392272211720159
0.352013232514188
-2.13580151228748
-0.0850340264649568
-0.0977372400755894
-1.11642533081264
-0.0987882797731142
-0.794984877126892
-0.469355387523626
-1.08223629489597
-0.186336483931929
-0.907328922495245
-0.585771266540657
-1.21951228733449
-0.134487712665383
-0.278030245746665
-0.418207939508328
0.617786389414026
-0.0157958412098026
-0.620829867674787
-0.550650283553848
0.0319905482041856
-0.999391304347518
-0.38276181474472
-0.640257088846809
-0.959315689980902
0.244092627599246
0.973427221172122
-0.843612476370381
-1.26509640831747
-0.105449905482022
-0.134120982986724
-0.502901701323168
-0.432173913043407
-0.320504725897874
-0.676947069943263
-0.509499054820357
-0.380476370510355
-0.489103969754221
0.423553875236349
0.442202268430989
-0.135682419659713
-0.380767485822238
-0.165005671077492
0.334391304347865
1.04337429111543
-0.432771266540613
-0.317393194706962
-0.381761814744784
0.254175803402666
-0.396262759924382
0.0760699432892755
-0.995132325141752
0.244141776937682
0.0597448015123161
-0.0291776937617155
-0.489332703213576
-0.0848525519848405
0.366659735349755
-0.633277882797609
0.417782608695685
0.378107750472632
0.162994328922525
-0.305448015122829
-0.0207920604914755
0.167538752362967
-0.0944083175802971
0.156839319470725
0.477173913043486
-0.364913043478265
0.457366729678674
0.421625708884723
0.440538752362994
0.536493383742949
0.341922495274136
-0.216062381852552
0.523816635160692
0.468544423440491
0.148158790170162
0.26385633270325
0.0278034026465087
0.567629489603009
1.47942533081319
1.43860113421547
0.469013232514223
8.08265784499079
2.04810207939524
0.527476370510389
1.22641776937623
0.888202268431031
0.989551984877112
0.233616257088859
1.37142911153127
-0.580361058601134
0.164979206049153
0.934550094517966
-0.233931947069951
-0.710534971644618
-1.15324763705099
1.05762948960301
-0.210988657844987
-0.888814744801536
-0.141448015122876
0.686364839319458
-0.853001890359158
-0.733767485822305
0.798992438563331
-0.149773156899809
0.135206049149346
0.251650283553908
0.418177693761817
-0.0821682419659731
-1.53405103969748
1.01862759924386
0.822795841209824
0.735786389413989
-0.714739130434779
1.21772211720231
-0.11241776937618
-0.716453686200372
-0.258689981096406
0.0670964083175849
0.163408317580342
-0.671480151228732
-0.150361058601133
0.102240075614366
-0.105812854442346
-0.187094517958415
-0.385156899810961
0.125708884688088
-0.165550094517957
-0.257196597353496
-0.206240075614367
-0.34525330812854
0.780610586011339
-0.227049149338377
0.020931947069941
0.0486767485822315
0.429544423440456
0.28831947069943
0.837068052930058
0.109973534971646
0.45228922495274
-0.763
0.139684310018905
-0.886219281663516
-0.800385633270322
0.108
0.168149338374289
0.0237107750472585
-0.495850661625711
0.47314933837429
-0.373219281663516
-0.667
-0.524
-0.384
-0.195
-0.548
-0.168
-0.288
0.778
-0.34
-0.509
-0.845
0.981
0.336
-0.755
0.693
-0.642
0.142
-0.348
0.306
-0.726
0.94
0.153
0.913
0.577
0.08
0.186
-0.189
0.24
0.866
-0.007
0.171
-0.956
-0.419
0.693
-0.553
0.932
-0.05
0.674
-0.666
-0.832
-0.412
0.17
-0.339
-0.348
0.353
-0.744
0.78
0.864
-0.569
-0.251
0.977
-0.686
0.149
0.15
-0.317
0.18
-0.437
0.039
0.725
0.266
-0.979
0.471
0.911
0.666
0.32
-0.89
0.399
0.642
0.797
0.76
0.408
0.468
-0.683
0.137
0.685
-0.231
-0.508
0.26
-0.777
-0.176
0.405
-0.054
-0.191
0.117
0.016
-0.144
-0.105
0.431
0.01
0.267
0.369
0.91
0.948
0.067
-0.853
0.117
0.259
-0.006
0.332
0.242
-0.144
-0.862
-0.934
-0.33
0.341
-0.492
0.997
-0.989
0.465
0.913
-0.313
0.303
-0.184
-0.1
0.861
0.074
-0.339
-0.206
