-0.811824196597322
-1.61383364839348
0.623665406427224
-1.36322117202292
0.00393194706996102
-1.34304914933883
-1.17461247637045
0.432187145557641
-1.72285444234385
-1.21566351606803
-0.764429111531169
-0.476412098298652
-0.976748582230593
-0.561633270321353
-1.10762948960299
0.387013232514191
-1.6976049149339
0.145198487712673
-0.685739130434778
-0.661841209829858
-0.960415879016838
-0.715688090737243
-1.82807750472575
-0.816952741020773
-1.03328733459355
-0.783332703213593
-0.375030245746676
-1.43720415878999
-0.0257315689980911
-1.40203591682416
1.05780718336485
-0.299697542533068
0.988060491493407
-0.336232514177676
-0.893580340264634
-0.538913043478249
-0.0464820415878998
-1.0729810964083
-0.322353497164452
-0.161287334593559
-0.690737240075601
-0.309818525519846
-1.6329943289224
-0.222990548204147
-0.901347826086947
-0.36602268431001
-0.792555765595445
-1.12536862003775
0.400837429111549
0.0149130434782649
-0.330935727788265
0.49047258979208
0.451816635160691
-0.342100189035908
-0.354062381852542
-0.417551984877121
-1.63027410207933
0.0270472589792071
-0.429650283553854
-0.0440207939508483
0.213873345935738
-1.23273724007544
-0.140907372400746
0.697139886578465
0.102238185255201
-0.407603024574663
-0.208801512287331
-1.06253875236292
-1.26068052930056
0.350888468809077
-0.898735349716428
0.0941304347826219
-0.347192816635154
1.17776181474484
-0.613408317580339
0.0156994328922613
-0.372863894139883
0.485595463138009
-0.684563327032124
0.832207939508522
0.107466918714561
-0.000606805292990576
0.106610586011345
-1.00614555765594
1.26863705103984
0.185427221172034
0.0306219281663668
0.882563327032144
0.122689981096414
-1.34753875236294
0.799300567107756
-0.643054820415869
-0.483122873345934
0.163538752362964
-0.475822306238183
-0.363536862003776
0.926079395085075
0.696330812854457
0.213051039697549
0.551623818525527
0.752514177693776
-0.975291115311901
0.0171644612476462
1.07027032136112
-0.282003780718324
1.08102268431005
-0.132088846880905
0.74706238185257
-0.16872778827977
-0.305017013232504
0.880642722117173
0.117062381852552
-0.229315689981091
-0.735920604914937
0.0526162570888507
0.467788279773159
0.737684310018911
-0.418788279773148
1.39583931947067
-0.793073724007559
-0.0375236294896004
-0.293688090737235
0.391748582230624
1.26402457466922
-0.847332703213602
1.45551228733457
0.908538752362951
0.190064272211723
0.707931947069943
1.64332325141779
2.03716257088851
1.752584120983
-0.904676748582228
-0.0112344045368579
-1.02522117202269
0.943816635160691
0.498714555765601
-0.203735349716444
0.627882797731576
-1.01707183364839
1.61944612476372
1.66582986767486
1.85658412098297
1.14368052930057
1.76987334593578
2.33624763705106
0.678888468809074
-0.542625708884685
0.886914933837433
0.176844990548206
0.910593572778831
0.630311909262763
0.489
0.143593572778828
-0.224234404536861
0.544311909262762
-0.567
0.332952741020793
1.51348393194708
0.900952741020792
0.810952741020792
-0.105234404536861
-0.7
-0.425
-0.147
0.766
-1
-0.936
-0.49
0.544
-0.09
-0.241
0.209
0.419
-0.637
-0.606
-0.836
0.232
0.264
0.384
-0.955
-0.547
-0.246
-0.796
-0.885
-0.295
-0.666
0.584
0.963
0.722
-0.432
0.971
0.028
-0.826
0.025
0.314
-0.844
-0.899
0.63
-0.12
-0.126
0.544
0.608
0.237
-0.891
-0.184
0.306
-0.931
-0.554
-0.674
-0.736
0.2
0.344
-0.707
0.13
-0.368
-0.915
-0.905
-0.541
-0.853
0.432
-0.584
-0.899
-0.213
-0.024
-0.062
0.73
0.034
-0.606
0.049
-0.763
-0.938
0.602
-0.617
-0.491
-0.499
-0.155
0.516
-0.905
0.298
0.399
-0.735
0.138
0.637
0.458
0.367
-0.373
-0.265
0.043
-0.607
0.228
-0.939
0.641
0.482
0.448
-0.542
0.442
-0.18
-0.739
0.171
0.086
-0.729
0.675
0.396
-0.912
-0.799
0.597
-0.04
0.783
-0.372
0.787
-0.432
0.999
0.16
-0.253
0.167
0.277
-0.536
0.329
0.608
