-2.06721739130178
-1.65269754253547
-0.912725897920593
-0.886954631379484
-1.60207183364857
-1.02872967863878
-0.587194706994227
-0.729001890359226
-0.342914933836954
-1.4199981096406
-1.06078260869547
-0.999956521739505
-0.484474480150827
0.144421550094565
-0.0154442344044476
-0.237820415878913
-0.384285444234412
-0.164943289224958
-0.419856332703159
-0.320584120982993
-0.752274102079211
-0.986971644612126
-0.620381852551948
-0.501344045368456
-0.330754253308069
-0.441693761814341
-0.388896030245607
-0.652113421549993
0.128183364839548
-0.7376918714553
0.26533459357284
-0.114294896030141
0.0415671077506307
-0.22911153119085
-0.297965973534891
0.171559546313922
-0.0763705103968924
0.242330812854541
0.309013232514354
0.0772911153119951
-0.391209829867593
-0.202249527410144
0.64692627599257
0.11431947069952
-0.123483931946961
0.0163686200379351
-0.051340264650203
0.0234782608696487
0.0268223062382827
-0.4831115311908
-0.455933837428973
0.0466465028356011
-0.702317580340191
0.0275009451796535
0.611001890359285
0.161247637051116
0.0466068052930751
0.23370321361067
-0.372362948960239
-0.23746502835534
0.366727788279901
0.504844990548287
0.520413988658
-0.0811209829867001
-0.0553705103968998
-0.0103421550093543
0.0024272211720491
-0.259616257088785
0.686243856332904
0.181143667296878
0.202862003780829
0.188601134215656
0.61725330812864
0.505688090737277
-0.0555557655954291
0.195194706994367
8.70205860113449
1.15985633270313
0.499684310018948
0.747395085066223
0.79915500945177
0.505867674858292
0.395260869565234
0.472298676748625
0.383593572778835
0.0981228733459796
-0.0372136105860013
-0.308294896030241
0.272362948960302
-0.0716899810964049
0.292722117202293
0.273574669187159
0.539079395085071
0.2534177693762
-0.435994328922476
-0.0969054820415903
-0.210376181474496
0.287120982986776
0.155984877126659
-0.116977315689996
0.0966446124763932
0.0405066162570901
-0.270098298676731
0.0555085066162528
-0.583476370510389
-0.297181474480149
0.56213610586012
-0.423034026465027
0.523982986767546
-0.489257088846867
0.206298676748583
0.616374291115319
-0.271234404536856
-0.515843100189034
-0.0422911153119048
-0.0673610586011358
-0.289754253308125
0.294279773156904
-0.434523629489598
-0.122829867674863
-0.526058601134215
0.251593572778806
-0.0632249527410215
0.165778827977319
-0.638570888468804
0.328153119092629
0.692527410207944
-0.424026465028354
-0.217635160680519
-0.93596597353498
0.99678071833656
0.0207977315690004
0.343663516068053
0.379366729678643
-0.801100189035911
-0.362807183364839
-0.765204158790163
0.185688090737244
-1.07707750472588
0.501190926275992
0.868217391304351
0.223194706994328
0.00420604914933753
-0.00166729678638845
-0.0545085066162579
-0.3420831758034
-0.647062381852554
0.200897920604913
0.152986767485822
0.38940075614367
-0.345013232514178
0.296328922495274
0.999
0.801026465028356
0.381671077504727
-0.679578449905484
-0.195
0.372724007561439
-0.323933837429111
-0.314275992438561
0.459724007561439
0.675671077504727
0.485
0.347
-0.867
-0.03
0.466
0.157
-0.582
-0.344
-0.029
-0.621
0.162
-0.767
0.784
0.254
0.141
-0.917
-0.293
-0.599
0.09
-0.783
0.44
0.832
0.633
-0.309
0.138
0.544
0.889
0.834
0.62
-0.266
-0.791
0.481
-0.416
0.382
0.344
0.428
-0.491
0.415
-0.094
0.169
-0.194
-0.737
0.796
-0.707
-0.86
0.766
0.982
-0.879
0.066
-0.279
-0.409
-0.81
0.522
0.168
-0.77
0.653
0.713
0.442
0.831
0.921
0.267
-0.417
0.036
-0.764
-0.83
0.68
0.649
-0.599
0.909
0.713
0.574
0.292
0.494
0.921
0.41
0.176
-0.964
0.34
-0.449
0.371
0.561
0.767
-0.232
-0.102
-0.857
-0.982
0.959
0.415
0.152
0.691
0.714
0.066
0.583
-0.015
0.901
-0.778
0.226
0.559
-0.878
-0.541
-0.883
0.581
-0.788
0.352
0.146
0.299
-0.305
0.6
0.757
0.053
0.617
-0.627
-0.109
-0.541
-0.641
0.5
0.815
-0.862
