-2.3328147444342
-1.54123818476119
-0.792793951075272
-1.67644234500701
0.00741020637410657
-0.675465027959481
0.068270319261906
-1.21773534917198
0.0873913034500391
-1.20115311904467
0.798162571554673
-1.01339697593522
-0.319856333679221
0.245204158799305
0.393710776373247
0.396457468512434
0.00195085168978358
-0.356480149751972
-0.963453688741178
-1.03003591632923
-0.412251420268609
0.13534971459333
-0.237302455693009
-0.847030248052217
-0.503633271429056
-0.542088848686476
-1.37824385731098
-0.972786387720965
-0.604869564235569
-0.661321358887477
-0.721041590417818
-0.277090735961898
-0.562049148015763
-0.485054819072854
-0.526998111559127
-0.795657845967223
0.0737183343924121
-0.978300566451396
-1.16514934101551
-0.312871457164603
-0.164238184368575
-0.308863895171553
-0.0773251412220003
-0.0165727807110234
-0.0341965951098111
0.0190302452474068
0.0343780724540632
-1.45703969894644
-0.0622986756788603
0.0363402649763349
0.156508507422617
-1.29254820557786
-0.603274102094876
-0.0518998095225541
-1.12844801703289
-1.03839130310974
-0.453517958167059
-0.646897919746501
-0.796729680563543
0.0601795837597442
0.209387523406251
-0.317969755311011
0.0972476382165231
-0.775294896858463
0.500417768516362
0.61031947124381
0.366508508922577
-0.424506615447243
-0.38620983196264
-0.0245727756639804
-0.761531191643841
0.166160680115949
-0.564345934739034
-0.955260871156762
-0.337308129194387
-0.831892248744286
0.0912589805109699
0.512958412104653
-0.41137618133645
-0.478909260983119
-0.249584119987852
1.07586578670424
0.509778827772409
0.399614366050922
0.444733459973467
-0.0877164449240715
-0.267775048625119
0.564748580580689
0.859035916867941
1.10780151447798
-0.390729677457311
-0.68902457460372
0.0438468812989188
-0.272068053377905
0.449047260927167
-0.401136103817858
-0.686364836980736
-0.395839320626271
0.656544425791806
0.454153120502514
-0.320965970368111
0.589642722109485
0.381627599782671
-0.198973536750552
1.09234215778641
-0.517024575017073
1.15341398749216
1.63681663614368
0.850625707504474
0.302160682589803
1.37271266508563
0.242172020820964
-0.417003779384513
0.787850661689109
0.445200379811935
0.711971644113241
-0.453181475250629
1.02196408299483
-0.302172022225265
0.681935730358635
0.70535538555114
0.327035915460826
1.0053440443557
1.62271833921306
0.961478260518874
1.74809829922042
0.425992440552044
2.92028544774076
0.244928166177647
0.424413990282446
0.422620039048669
0.0726294904656833
0.798285444790719
1.40190926573425
-0.895230624441762
1.51890170047216
0.0717353505445973
0.118440453942518
0.389455577990499
0.573478261674479
0.269920605643769
-0.74599055107665
0.484727787380475
-0.0751190943085603
0.109230621341779
0.228196595921088
0.661950850227125
0.70297164441109
-0.115472591153297
0.145763702282907
-1.01629111553154
-0.743922495896618
0.975
0.860423440343819
0.931737240057315
-0.578255198853899
0.161
-0.948415879255025
0.259058600859572
-0.101415879255036
-0.885415879255025
-0.934262759942685
0.37
-0.021
-0.563
0.81
-0.596
0.63
0.024
0.803
-0.111
-0.973
0.218
0.614
0.588
-0.723
0.614
-0.791
0.889
-0.337
-0.808
-0.519
-0.497
-0.423
-0.348
0.643
-0.801
0.05
0.223
0.454
-0.431
0.89
-0.353
0.548
-0.631
-0.078
0.504
-0.106
-0.285
0.792
-0.35
-0.937
-0.256
0.507
-0.019
-0.97
0.266
-0.639
-0.672
0.663
-0.007
-0.049
-0.717
-0.265
-0.173
0.754
0.571
-0.207
-0.673
-0.206
0.611
0.354
-0.594
0.57
0.233
-0.001
0.379
0.67
0.244
-0.334
-0.227
-0.281
0.494
-0.903
-0.988
-0.871
0.737
-0.004
0.595
-0.379
-0.624
0.837
-0.279
0.559
-0.539
0.618
0.607
0.912
-0.28
-0.385
0.35
-0.289
-0.433
0.921
-0.82
0.296
0.656
0.174
-0.726
0.982
-0.35
0.596
0.116
0.662
-0.11
-0.726
0.457
-0.815
-0.278
-0.303
-0.984
-0.425
0.197
0.705
-0.582
0.773
-0.368
-0.153
0.109
0.615
