-1.79236862003767
-0.620192816635144
-0.634334593572777
-0.0487485822306134
0.548790170132347
-1.36302268431016
0.36215879017014
-0.537805293005676
-0.602865784499037
-0.948304347826078
-0.818790170132321
-0.674431001890348
-0.944092627599232
-0.858277882797726
-0.679086956521731
-0.656226843100179
-0.637790170132326
-0.465160680529301
-0.203606805293003
-0.519888468809071
-0.912814744801502
-0.973328922495266
-0.0484480151228703
-0.0655746691871446
-0.107173913043474
-0.531913043478255
-0.571111531190921
0.443198487712676
-1.2147542533081
-0.1162438563327
-0.560361058601129
-0.2475236294896
-0.793185255198483
-0.191149338374285
-0.528725897920603
-0.836553875236285
-0.846383742911147
-0.646344045368615
-0.433657844990546
0.503982986767489
0.219173913043478
-1.03176181474479
-0.908691871455572
-0.711599243856328
-0.843671077504723
-0.271744801512284
0.380143667296789
-1.11169376181472
-0.947720226843098
0.0256068052930061
-0.993914933837424
-0.591754253308123
0.334444234404538
-1.02025708884687
-0.747565217391302
0.546217391304349
0.366345935727791
0.0205595463137996
-1.06728355387522
-0.422604914933836
0.299771266540645
0.525238185255203
-0.302784499054817
0.404209829867678
0.530298676748583
0.0732911153119091
-0.670943289224952
0.214393194706996
0.453056710775049
-0.844423440453685
-0.886402646502835
-0.847833648393193
-0.959196597353496
0.225720226843102
0.182905482041589
-0.875381852551985
0.865837429111534
-0.124238185255198
-0.224739130434783
-0.767431001890358
0.239589792060492
-0.467506616257089
0.398952741020795
-0.1903213610586
0.0921720226843103
-0.883595463137996
0.56169943289225
-0.684608695652173
-0.280122873345935
-0.0267391304347827
-0.0602325141776938
0.183151228733459
-0.551650283553875
-0.943
-0.575088846880907
0.841383742911153
0.333349716446125
-0.225
-0.266472589792061
0.206383742911153
-0.357890359168242
-0.693
-0.464088846880907
-0.938835538752363
0.00416446124763705
0.873240075614367
-0.487
-0.716
-0.137
-0.815
0.798
-0.439
-0.604
0.831
0.48
-0.091
-0.705
0.982
-0.559
0.549
0.607
-0.95
-0.419
-0.472
0.246
-0.037
0.761
-0.943
-0.168
0.385
-0.162
0.157
-0.803
0.583
0.607
-0.04
0.998
0.36
0.823
0.234
0.619
0.307
0.485
-0.45
0.196
-0.608
-0.194
-0.369
-0.423
0.522
0.553
0.365
-0.667
0.185
0.605
-0.407
0.726
-0.985
-0.182
-0.957
-0.876
-0.545
0.451
0.477
0.346
-0.36
-0.637
-0.187
-0.777
-0.48
-0.09
-0.065
-0.841
0.207
0.929
-0.7
-0.436
-0.97
0.331
-0.147
-0.843
0.13
0.48
0.309
0.832
0.473
-0.176
0.012
0.978
0.013
0.233
0.983
-0.459
0.779
0.109
0.163
0.855
-0.992
0.204
-0.445
-0.971
0.993
-0.593
-0.943
-0.389
-0.383
0.206
0.126
0.255
0.304
-0.971
0.695
-0.317
0.964
0.886
-0.006
-0.025
-0.858
0.645
0.873
0.816
0.35
-0.166
0.21
0.286
-0.073
-0.607
-0.62
-0.903
-0.235
-0.555
-0.444
-0.174
-0.225
-0.177
-0.836
-0.278
0.422
-0.303
0.214
-0.734
0.698
0.756
-0.327
-0.016
0.538
0.299
-0.423
0.892
-0.886
-0.812
0.712
-0.638
0.33
-0.261
-0.321
0.158
0.197
-0.23
0.684
-0.776
-0.175
0.028
-0.51
-0.141
0.472
-0.131
0.907
0.141
0.722
-0.728
0.552
0.444
-0.569
0.606
-0.882
0.594
-0.839
-0.775
0.748
