-1.30536294896024
-0.702417769376162
-0.53369754253308
0.0206351606805398
-0.527888468809064
-1.4873383742913
-0.456204158790168
0.0791247637050994
-0.619570888468792
-0.24855576559546
-0.840699432892244
-1.59543667296786
-0.943177693761808
-0.536977315689978
-0.644926275992431
-0.337470699432893
-1.20278449905482
-0.27591115311909
-0.413160680529299
-0.168357277882794
-1.12952741020793
-1.32326465028349
-0.598956521739128
-0.469967863894138
0.257604914933844
-0.0991379962192807
-0.631538752362943
-0.687219281663509
-0.602877126654054
-0.950474480151221
-1.09200756143666
0.386533081285452
-0.502671077504722
-0.75125708884687
-0.178979206049148
-1.0581531190926
-0.261192816635156
-0.538378071833643
-0.861750472589789
-0.277982986767484
-1.28396030245747
0.0865916824196609
-0.758729678638937
-1.00436672967863
-0.808342155009446
-0.74215689981096
-0.381166351606804
-0.00907939508506612
-0.921281663516064
0.569041587901703
-0.838332703213609
-0.188829867674857
-0.739421550094516
-0.598389413988655
0.288708884688091
-0.345102079395082
0.570869565217394
0.30205482041588
0.575884688090737
-0.314438563327028
0.305771266540643
-1.14091304347824
-0.689453686200376
-0.847317580340261
-0.356926275992437
-0.6025236294896
0.288559546313801
0.810914933837431
0.320640831758035
-0.740364839319468
0.389640831758036
0.591209829867677
-0.242665406427221
0.697525519848773
0.0149413988657846
-0.435928166351606
-0.00309829867674791
0.0462419659735349
-0.783081285444234
0.254905482041589
-0.484094517958411
0.08022684310019
-0.764047258979205
0.261918714555767
-0.812574669187144
0.583534971644613
0.428357277882798
-0.966190926275992
-0.0641228733459358
-0.632136105860112
-0.482102079395085
0.628096408317581
-0.223903591682419
0.548568998109642
0.609480151228734
-0.894465028355387
0.154589792060492
-0.476684310018904
0.267438563327033
0.892897920604916
0.0439527410207939
0.0848563327032136
-0.882177693761813
0.832733459357278
-0.718574669187145
-0.250485822306238
-0.957561436672967
-0.508780718336483
0.543096408317581
-0.023
0.766164461247637
-0.335068052930056
0.539712665406427
-0.441362948960302
-0.645143667296786
-0.669068052930056
0.762020793950851
0.198383742911154
-0.915650283553875
0.224
0.065
0.390383742911153
-0.00308884688090737
0.0524385633270321
0.898637051039698
0.868349716446125
-0.045
0.398274102079395
-0.76692438563327
-0.0159792060491493
0.49354820415879
-0.387
0.850164461247637
-0.675088846880907
-0.77392438563327
0.468383742911153
-0.023890359168242
-0.594
-0.0180888468809074
0.438383742911153
0.556637051039698
-0.0392325141776938
-0.498
0.974
-0.37
0.86
-0.906
-0.767
0.206
0.288
-0.64
0.977
-0.554
-0.95
-0.148
0.671
-0.913
0.071
0.953
-0.577
0.812
-0.353
-0.748
-0.432
0.473
0.155
-0.172
0.22
-0.675
-0.114
0.368
0.365
-0.784
-0.347
0.665
-0.909
-0.106
0.03
-0.571
-0.96
0.788
-0.279
-0.804
-0.046
-0.367
0.526
-0.834
0.802
0.48
-0.436
0.387
0.906
-0.548
-0.434
0.632
-0.089
-0.279
0.934
-0.5
0.475
0.031
-0.126
0.908
-0.681
0.919
-0.006
0.761
0.793
-0.616
-0.24
-0.224
0.056
-0.359
0.913
-0.366
0.09
-0.55
0.297
0.935
0.947
-0.012
0.026
0.74
0.761
0.498
0.462
-0.088
0.649
0.021
-0.246
0.369
-0.04
-0.47
-0.046
0.008
-0.087
-0.187
0.877
0.034
0.638
0.765
-0.627
0.417
-0.281
0.787
-0.669
0.264
-0.461
0.931
-0.458
-0.54
0.423
0.999
-0.447
-0.514
-0.995
0.134
-0.854
-0.179
-0.543
-0.918
-0.889
-0.229
0.63
0.391
0.816
-0.474
0.687
-0.096
0.721
-0.723
-0.427
-0.738
-0.704
-0.818
-0.385
0.608
0.02
0.974
0.167
