-2.98672590210048
-2.21577694291856
0.275954629206846
-1.46269943281166
-1.19693573336198
-1.91626276380084
-0.914381862186853
-0.956177692482719
-0.93335161444422
-2.14506427599679
-0.389924384530327
0.020844993515404
-0.521085067638629
-0.463697539557334
0.194741021131051
0.244638948577005
-0.0815860083283069
0.0834971584751284
-0.301379962601073
0.61457467394388
0.234419657383225
0.104113421166075
-0.707340260664581
0.149642727230153
-0.218992437700805
-0.132671073722246
0.250410214104307
0.10947825913814
-0.022258977990439
0.0152967873408581
0.0662646490979331
-0.57173156856307
-0.401034020618299
-0.190119085299543
-0.0362211639778421
-0.0166181472351031
0.0874328957952414
-0.126215505673894
0.171319465890264
-0.0636635186444498
-0.138107746601048
-0.0987202227856604
0.118119092448613
-0.0210415898388036
-0.204459357008103
0.00642911158479285
-0.371007561330582
0.0472854440634282
0.0958790197379959
-0.0683440409056583
0.0592060507095286
-0.0366975425154326
-0.211623815471028
0.029434781221482
0.189780718138389
0.000795842800023608
-0.00262381412125592
-0.25440643056734
-0.345266542123973
-0.0491493338278766
-0.213561436930656
0.184315684755203
0.412623817388994
0.239482042412524
0.190884690870225
0.130105860448201
-0.0705671070165555
-0.162582233904587
0.325682415773751
-0.0609943347293141
0.139342155488247
0.168818526712708
-0.0102703217969263
0.156557651590314
0.173381851966598
0.159644612439451
0.213255193846139
8.16756899077857
0.833300566473351
1.05699054585192
0.357988652465949
0.671083175345036
0.429423436920128
0.394470698765368
0.37154442356512
0.172094516286063
0.0648374270009842
0.0853156932388047
-0.0945028383654555
0.293417770162653
0.0695595487123559
0.0164612490884203
0.254826083672259
0.29215312148823
-0.469627598920597
-0.160986772031457
0.210765597410826
0.0636011380605237
0.00952173082064711
-0.27681474941477
-0.176311913935942
-0.077092626220349
0.104582229279438
-0.0634007582464489
0.445149338889758
0.133676749814627
0.0154442306933286
-0.525655959135597
-0.681194709117419
-0.31538185410054
-0.219555770123478
0.733863888863281
0.896413996033097
0.329635154806751
-0.534461247044919
0.0890321379847013
-0.507449907660895
0.709504727709893
-0.376013234210723
-0.088724008698031
0.698436678264139
-0.619587903409717
0.195759923363843
0.130610590042965
-0.00560113496055563
0.89362003477738
-0.156147449688329
-0.014009452026115
0.892678639527268
-0.264071835063858
0.210930059552961
-0.638727784182719
-0.951593571723812
-0.0940907358605148
0.0293799631336458
-0.349141775084872
0.539886582461132
-0.207412096128963
0.434529300248094
-0.59285821983705
0.455988657583712
-1.2360189027676
0.710311910391609
0.419319470716325
-0.672714554245188
0.374771266193463
-0.0868601134278867
0.913612476808512
0.377268433075091
-0.543442343310882
-0.7815217390586
0.314918714795195
-0.661
-0.35086389406805
-0.205977315678016
-0.04254631356019
-0.917
0.300294896185871
0.761340264829859
0.431294896185871
0.733294896185871
-0.739977315678016
-0.331
-0.028
-0.537
0.747
-0.143
0.762
-0.81
0.403
-0.588
-0.805
0.027
-0.417
-0.883
0.087
0.101
-0.272
-0.43
-0.349
0.181
-0.757
0.44
0.077
0.138
0.459
0.908
-0.835
-0.979
-0.719
-0.332
0.46
-0.531
-0.542
-0.69
0.253
0.405
-0.302
-0.034
-0.526
-0.406
0.032
0.628
0.621
-0.777
-0.97
-0.68
0.755
-0.451
0.709
0.915
0.355
-0.231
0.155
-0.711
0.529
-0.178
0.592
0.833
0.004
0.839
-0.309
0.741
0.909
-0.265
-0.049
0.725
-0.431
-0.727
-0.136
0.682
-0.597
0.762
-0.904
-0.943
-0.852
-0.386
0.819
-0.147
0.107
0.139
-0.848
0.615
-0.689
-0.635
0.312
-0.309
0.314
-0.832
-0.22
-0.57
0.813
-0.136
0.962
-0.366
0.902
0.29
0.719
-0.115
0.272
-0.695
0.75
0.481
0.685
-0.973
0.511
0.593
-0.327
0.098
-0.86
-0.086
0.003
-0.262
-0.274
0.864
0.686
0.075
0.43
0.543
0.423
