-0.909187153714618
1.35397543340687
0.730034026468629
-0.325763701807788
-0.842892251224166
-1.05115690134182
-1.6070453730421
-0.192003780342116
0.175599246049321
-0.28122117076561
-0.122226843940365
-0.0119735347977341
-0.0921550088095542
-0.0595576544715037
-0.0454517971961188
-0.0435519832165839
-0.0215103962303909
0.0732854454576529
-0.040519849634615
-0.0151947076316189
-0.0831172006071706
-0.0225463140467741
-0.0477844982942861
-0.00497542414068737
-0.0591644604574948
-0.00187145632583383
0.0140850657224415
-0.0163081286796326
-0.036476370358999
-0.0110226842698754
0.0153648382286648
-0.021132325246716
-0.054663515917336
-0.0320056717436747
0.0029943281563191
-0.0266257100571633
-0.00539886529719438
-0.0106483926876618
-0.0211323253544617
-0.00895085151584194
-0.0268714556054568
0.0124120976099746
0.022665406523023
0.00144801408908297
0.00417391265336387
0.02667674868296
0.0181776931392868
0.00837807308505391
-0.00650283568521615
-0.0184725896688415
-0.00488468728648462
-0.0126294896058467
0.0141871456302189
-0.00448960275062488
0.0242476384523976
0.00508884631544926
-0.00235916843280867
0.00358223081959785
0.00424196639606846
0.0077429112348134
0.00611909323463797
0.027788280302027
-0.00349527449218228
-0.00298865661541738
0.0011379966101275
0.0199754247174466
-0.0223383735326659
-0.0114725885963203
0.0171266535501977
-0.0251115321430054
0.00976748630119351
-0.00783742870873934
0.0373686197723355
-0.0155954635851691
0.00676181363355885
0.0048412096340931
-0.0206446127270624
0.0114877132808993
0.0355028370880166
-0.00597353505685962
-0.00493383781571663
-0.0215689984251322
0.000536861958704567
-0.00108506521331879
0.0349773160526611
-0.0060396967777517
0.0203516065841705
0.00326843245750278
-0.0528506613609346
0.0283327047699261
0.0419829863935744
-0.0517580347729425
-0.00620226997671572
0.0552457468270893
0.00132136111705045
-0.0730510401200691
0.0200661629962199
0.0267410206129674
-0.00857466761040859
-0.0748355380207238
-0.0500472585489208
0.00805293014193994
0.0176143670085535
0.00773913086013234
-0.00257845060405796
0.104701322936681
0.0266086968098991
-0.00112476383608039
0.0756975435527847
-0.132342156560803
0.0897145547289547
-0.0362079394218888
-0.0269659737011603
-0.0647372417129046
-0.0392211695099796
-0.0709017002563792
0.131449906257441
0.0112003778225404
-0.0760094525169613
0.550648394314485
-0.385017011525358
-0.180623820757125
-0.0160018898950905
-0.0306843087520307
0.188568996074378
0.0355727769632
-0.0537221162614419
0.589542529999652
-0.308323249659327
-0.276708886076749
0.0669111549472406
0.318674857278086
0.0412344041516568
0.0603308150614413
0.44288468784992
-0.264782607539373
0.41629867706829
-0.480500945097183
-0.727381851434356
0.129228732010801
0.303551983648984
0.233716447387404
0.572372400039943
0.363139887360851
0.00241020709656983
-0.544879015306936
-0.877209829269096
0.504368620421611
0.343947069156675
-0.413937617519295
-0.349782608564682
0.0693572780996962
0.92
0.230183364750578
-0.948136105874896
-0.467722117498031
-0.676
0.532230623626286
0.0209584118764726
-0.751769376373714
-1.05376937637364
0.593863894125104
-0.524
-0.563
-0.671
0.22
-0.223
-0.17
-0.783
0.618
-0.776
-0.582
0.215
-0.075
0.616
-0.366
0.584
0.646
-0.334
0.51
0.277
-0.096
-0.995
-0.846
-0.937
0.413
0.731
0.649
-0.574
0.008
-0.855
0.792
0.531
0.918
0.513
0.999
-0.017
0.552
0.164
-0.67
0.419
0.384
0.367
-0.631
-0.561
-0.683
-0.905
-0.006
0.657
0.425
0.09
-0.322
-0.042
0.617
0.064
0.134
0.596
-0.679
-0.627
-0.084
0.489
0.128
-0.596
0.209
0.472
-0.568
-0.114
0.296
0.411
0.616
0.651
-0.969
-0.518
-0.664
-0.91
0.892
0.537
0.636
0.715
0.746
0.318
-0.264
0.992
0
0.917
0.466
-0.166
0.913
-0.147
-0.621
-0.597
-0.339
0.178
-0.752
-0.159
-0.709
-0.02
-0.842
-0.104
-0.993
0.43
-0.202
0.582
-0.96
0.773
0.058
-0.804
-0.379
0.527
0.172
0.597
0.96
-0.395
-0.373
0.597
-0.248
0.135
0.403
0.291
-0.994
