-1.6100359168241
-0.41807939508505
-0.834102079395084
-0.43584310018902
0.751126654064299
0.15013043478263
-0.384846880907373
-0.114665406427223
-1.12830056710769
-1.15448771266539
-0.205211720226841
-1.77695463137997
-0.110706994328914
0.288207939508516
-1.45896408317574
-0.692497164461238
-1.46477882797734
-0.93238185255198
-1.34820037807179
0.139374291115321
-1.26775236294894
-0.941179584120968
-0.800911153119089
-0.234986767485822
-0.294105860113417
0.163686200378076
-0.196268431001887
-1.29377504725895
-0.562155009451787
0.174827977315697
-0.943969754253307
-0.495349716446118
0.365514177693771
0.248761814744803
-0.173283553875234
-0.378657844990543
-1.28311531190925
-0.0887599243856309
0.0121663516068051
-0.529746691871451
-0.794258979206045
-1.05540075614365
-1.38706049149336
-0.824705103969746
-0.45004347826087
-0.251856332703209
-1.1807920604915
-1.34553686200379
0.387417769376189
0.322822306238191
0.467421550094522
0.0843648393194763
0.360665406427223
0.231544423440454
0.158529300567109
-0.910404536862002
-0.767034026465026
-0.42478449905482
-1.11249149338374
0.412527410207941
-0.503790170132323
-0.803737240075614
-0.794531190926276
-0.512068052930055
0.474682419659735
0.495241965973536
-0.994603024574668
0.641421550094517
-0.754009451795841
-0.233480151228733
-0.79081663516068
-0.530555765595462
0.130120982986768
-0.133253308128545
-0.0508260869565218
0.541429111531191
-0.765421550094518
-0.628907372400755
-0.88749527410208
0.69640831758034
0.64599054820416
-0.127251417769376
-0.854688090737241
0.030429111531191
-1.02179962192817
0.189056710775047
0.474325141776937
-0.756444234404537
-0.682034026465028
-0.220873345935727
-0.451415879017013
0.267378071833648
0.17679584120983
0.572228733459358
-0.813763705103969
-0.86103213610586
0.898338374291115
0.338618147448015
-0.452506616257088
0.0929943289224953
-0.0900113421550094
-0.681436672967864
0.862631379962193
-0.203298676748582
0.416514177693762
0.117487712665406
-0.907814744801512
-0.490540642722118
-0.509689981096408
0.774
0.94764461247637
0.908132325141777
-0.432846880907372
-0.654362948960302
-0.950436672967864
0.628132325141777
-0.829538752362949
0.346117202268431
-0.417489603024575
-0.376
-0.766
0.959383742911153
0.443911153119093
0.490438563327032
-0.630362948960302
0.0703497164461248
0.459
0.620274102079395
-0.20092438563327
-0.178979206049149
0.69554820415879
-0.053
0.943164461247637
0.141911153119093
-0.15592438563327
0.413383742911153
0.036109640831758
0.385
0.750911153119093
-0.134616257088847
0.151637051039698
0.0517674858223062
0.723
-0.448
-0.074
-0.37
-0.339
-0.123
0.559
-0.397
0.96
-0.376
-0.312
0.932
-0.099
0.029
-0.071
-0.591
-0.478
-0.651
0.71
-0.521
0.717
0.725
-0.932
0.028
-0.958
0.507
0.493
-0.309
-0.331
-0.129
0.616
0.84
0.469
0.169
-0.758
-0.101
-0.428
0.741
-0.576
-0.419
-0.934
-0.794
-0.131
0.08
-0.742
-0.986
-0.753
0.824
-0.509
-0.371
-0.138
0.408
0.161
-0.325
0.348
0.997
-0.517
0.897
-0.412
0.154
0.383
-0.132
0.933
0.089
0.008
-0.152
-0.538
0.732
-0.213
-0.971
0.836
-0.219
0.924
0.129
-0.587
0.51
-0.144
-0.012
-0.23
-0.972
0.259
0.668
-0.801
-0.96
-0.992
-0.793
-0.322
-0.206
0.821
-0.756
-0.585
-0.325
0.153
0.27
0.197
0.197
-0.728
0.78
-0.928
0.41
0.551
-0.485
0.037
-0.539
-0.208
-0.919
0.484
-0.968
-0.739
0.837
0.141
0.495
0.126
-0.441
0.894
0.715
-0.332
0.893
0.08
-0.2
-0.831
0.668
0.91
-0.458
0.614
0.161
0.627
-0.346
0.931
0.215
0.238
0.075
-0.085
0.36
-0.524
-0.256
-0.369
0.737
