-2.46442344045356
-0.182022684310008
0.524466918714558
0.0948790170132516
0.673810964083203
0.129761814744822
0.516090737240103
-0.498971644612476
-1.682810964083
0.1808638941399
0.485177693761817
-1.26049527410202
-0.961553875236285
0.24328922495275
0.0179754253308199
-0.214425330812852
-0.672699432892245
-0.344049149338373
-0.0105085066162539
-1.44824007561422
-0.793943289224944
0.0282381852552012
-1.18285633270319
-0.0427485822306187
-0.438674858223062
-0.680727788279763
-1.15682797731571
-0.0173459357277892
-1.3828676748582
-0.398158790170134
-1.04966729678639
-0.235722117202264
-0.219827977315687
-0.42860869565217
-1.10974102079393
-1.37793194706993
-0.482843100189036
-1.13403213610584
-0.867323251417763
-0.653187145557649
0.326366729678645
-0.272665406427218
-0.792593572778821
-0.182731568998106
0.289778827977324
0.204629489603029
-0.10831001890359
-0.119166351606805
-0.392765595463134
-0.776905482041582
-0.270448015122869
-1.24043478260868
-0.178584120982986
0.195644612476372
-0.373192816635159
-0.929389413988655
0.122289224952744
0.363056710775049
-0.475425330812851
-0.437994328922492
0.509652173913048
0.603852551984879
-0.380281663516068
-0.217071833648391
0.0329886578449923
-0.815017013232507
-0.141856332703214
0.326640831758037
0.361064272211724
0.303279773156902
-1.03120415879017
-0.631349716446124
-0.486650283553873
-0.308226843100186
-0.862508506616255
0.0292344045368624
0.043421550094518
-0.496398865784498
0.624412098298679
-0.105497164461248
0.300873345935728
-0.360967863894139
-0.320287334593571
0.708782608695654
0.857584120982987
-0.586224952741021
-0.887950850661624
-1.03362003780718
-0.608818525519848
0.925035916824197
-0.362752362948961
0.196105860113422
0.606988657844992
0.769576559546314
-0.167565217391303
0.694158790170133
-0.452875236294895
0.316672967863895
-0.794170132325142
0.264003780718336
-0.26037429111531
-0.936368620037807
0.811357277882798
0.294975425330813
-0.905436672967863
-0.536601134215501
0.32324763705104
-0.678013232514177
0.0709130434782608
0.477480151228734
0.0621058601134216
-0.282068052930056
0.734336483931947
0.456631379962193
0.268166351606805
-0.0169035916824197
0.279
0.0612192816635161
0.186631379962193
-0.153052930056711
-0.61090359168242
0.0132192816635161
-0.0631228733459357
0.376482041587902
-0.162
-0.0704650283553875
-0.145710775047259
-0.112614366729679
0.959
-0.488614366729679
-0.296245746691871
0.78009640831758
-0.620052930056711
-0.50490359168242
-0.581
0.296315689981096
-0.0750264650283554
0.224947069943289
0.545166351606805
0.330385633270321
-0.0158601134215501
0.816
-0.062
0.011
-0.191
0.942
0.544
-0.809
-0.526
0.95
-0.54
0.535
-0.852
0.33
-0.006
0.811
0.156
-0.619
-0.44
0.199
0.611
-0.601
-0.621
-0.441
-0.231
0.376
-0.715
0.252
0.083
-0.979
-0.958
0.985
0.447
0.826
0.825
-0.409
-0.921
0.94
-0.339
-0.105
0.412
-0.28
-0.511
-0.991
-0.873
0.198
0.651
0.117
0.519
-0.393
-0.838
-0.422
-0.267
-0.582
0.795
-0.309
0.437
-0.622
-0.758
0.432
0.656
-0.709
0.108
-0.547
0.908
-0.526
-0.913
-0.678
0.505
-0.597
0.732
0.215
0.72
0.664
0.787
-0.11
0.909
-0.631
-0.568
0.57
0.725
0.167
0.733
-0.525
0.858
0.463
0.252
0.029
-0.969
0.133
0.153
0.7
0.698
0.229
0.239
0.12
0.612
-0.965
-0.899
0.652
0.11
0.328
0.612
0.115
-0.125
-0.053
-0.142
0.069
-0.369
-0.096
-0.219
0.067
0.946
-0.328
0.706
-0.511
-0.442
-0.368
-0.405
-0.556
0.222
0.058
-0.709
-0.629
0.25
-0.969
0.517
-0.51
-0.575
-0.334
0.278
0.874
-0.732
-0.22
-0.541
-0.603
0.555
-0.383
0.6
-0.09
