-1.48759168241937
-0.800353497164408
-0.361224952741018
-0.874251417769332
-1.07772022684299
-1.21443100189056
-0.110897920604908
-1.61293194706985
-1.16112098298668
-0.514482041587866
-0.0931909262759832
-0.250922495274061
-1.07538185255194
0.116192816635169
-0.646858223062362
-0.353818525519843
-0.803260869565201
-0.467814744801513
-1.22634026465017
-0.95710586011339
-0.0887882797731517
-0.414436672967875
-0.759485822306226
-1.03652741020782
-1.5341001890358
0.06968431001891
-1.26872211720224
-1.35056332703205
-0.147903591682402
0.0973950850661761
-0.996062381852504
-0.643013232514169
-0.473051039697527
-0.80156710775043
-0.32385822306236
-0.75566540642721
-0.051731568998086
-0.15696597353495
0.614069943289251
-0.868716446124743
-1.07127599243849
-0.549342155009444
0.866379962192822
-0.455459357277869
-0.0753516068052861
-0.61813988657843
0.0688657844990639
-1.97240642722103
0.52204536862005
-0.905580340264669
-0.47230812854441
-0.209826086956516
0.679548204158812
-0.28220982986766
-1.62464272211721
-1.38181096408314
-0.922247637051017
-0.893695652173876
-0.642663516068027
0.972633270321372
-0.807767485822297
-0.621448015122865
-0.261396975425323
0.405417769376196
-0.845979206049147
0.596081285444244
-0.0232003780718293
-0.601846880907362
-0.468793950850658
-0.0764480151228621
0.452166351606801
-0.297523629489586
1.12605482041588
-0.288207939508504
0.279576559546324
0.191650283553879
-1.33143856332699
-0.663249527410194
-0.114349716446121
-0.999608695652172
0.463011342155044
0.916349716446126
-0.901436672967861
0.115899810964095
0.276697542533104
-0.330659735349708
0.0512570888468852
0.69337429111532
0.367971644612482
-0.41463705103969
-1.08010964083171
1.27958223062383
0.902939508506622
0.230756143667299
0.226330812854456
0.434332703213636
0.0215463137996484
0.190168241965972
-0.453107750472584
-0.871393194706984
-0.109172022684302
1.30203780718337
-0.255502835538742
0.660875236294897
1.72968241965982
0.0142514177693792
0.563457466918707
0.261652173913052
-0.63267485822306
0.915275992438576
1.14380718336484
-0.214629489603028
0.506988657844994
-0.212052930056713
-0.549924385633268
1.88646880907376
-1.18503969754251
0.612778827977326
0.610761814744804
1.97475614366729
0.603897920604938
0.466790170132328
0.618973534971653
1.23695841209828
1.00644234404537
0.707555765595463
0.68086200378072
-0.156741020793949
0.88805293005671
0.0195746691871483
-0.279383742911154
1.05920604914931
3.42029300567108
0.413415879017013
-0.0885066162570869
0.367440453686201
0.444064272211721
0.475022684310021
1.30771266540642
1.34982041587907
-0.310941398865783
0.547584120982985
-0.62905482041588
-0.705621928166354
-0.63978449905482
-0.57578260869565
1.04853119092627
0.805918714555764
0.233366729678638
1.35309451795842
0.887803402646502
-0.548226843100189
0.913
-0.840434782608696
0.127260869565218
-1.13078260869565
-0.221
-0.611608695652175
-0.872086956521739
-0.887608695652175
0.264391304347825
0.692260869565218
-0.505
0.989
-0.226
0.276
-0.056
0.499
0.685
-0.985
-0.543
0.563
-0.031
-0.879
0.246
0.509
-0.562
0.809
0.742
-0.707
0.805
0.554
0.426
-0.233
-0.468
-0.459
-0.333
-0.676
0.194
-0.634
0.914
-0.382
-0.902
-0.575
0.998
-0.137
0.122
-0.12
0.819
0.45
-0.836
-0.813
0.653
-0.396
-0.155
-0.851
0.203
0.791
0.043
0.639
0.865
-0.03
-0.071
-0.839
-0.411
0.992
-0.713
0.728
0.456
-0.768
-0.392
-0.381
-0.695
0.318
-0.9
0.839
0.464
-0.457
-0.877
-0.618
-0.613
0.557
0.989
-0.708
-0.872
0.617
0.9
-0.178
0.921
-0.618
0.338
-0.125
0.28
0.554
-0.5
-0.056
0.689
0.937
0.836
-0.995
-0.424
0.394
0.423
0.586
-0.159
0.545
0.882
-0.666
-0.497
0.006
-0.315
-0.341
0.667
-0.339
0.252
-0.692
-0.019
-0.364
-0.968
-0.029
-0.909
0.464
0.806
0.073
-0.106
0.733
0.338
-0.249
-0.182
0.156
