-1.88518714555753
-1.23862192816644
-0.831362948960302
0.224937618147465
0.713357277882822
-0.112678638941395
-0.314224952741019
-1.05934971644611
-0.958136105860097
-0.208979206049145
-0.436315689981094
-0.609846880907363
-1.42507561436678
-0.06875236294896
0.557538752362959
0.625633270321366
0.0032514177693763
-0.634597353497161
-0.826436672967859
-0.821442344045368
0.0429546313799635
-0.243502835538752
0.144914933837428
0.110017013232518
-1.08990737240072
-1.13695274102074
-1.13393194706992
0.454638941398867
-1.21574480151228
-0.476534971644609
-0.767599243856327
-0.732266540642716
-0.973992438563321
-0.322453686200374
-1.11337051039697
-1.00466351606805
-0.203744801512284
0.560922495274107
-0.181924385633267
-0.743410207939498
-0.198344045368618
-0.954818525519846
-0.296436672967859
-0.652064272211717
0.470155009451801
-0.650969754253305
-1.17002079395083
-0.130120982986767
-0.810226843100184
-0.15651417769376
0.565206049149345
-0.546181474480146
-0.548334593572774
0.430739130434784
0.48321739130436
-0.461209829867673
-0.435049149338372
-0.560472589792058
0.162671077504731
0.403712665406429
0.0155822306238205
-0.267918714555764
-1.06908506616256
0.503748582230626
-0.55574669187145
-0.971062381852546
-0.556514177693758
-0.165003780718334
-0.112336483931947
0.439274102079399
-0.366328922495271
0.124275992438565
0.476383742911156
0.656994328922498
0.330115311909263
-0.269294896030244
-1.04872778827978
-0.406706994328921
0.346801512287336
0.31862381852552
-1.03787523629489
-0.132882797731567
0.320103969754253
-0.0644291115311911
-0.183100189035915
0.693516068052932
0.70826275992439
-0.444429111531192
0.37811153119093
0.146516068052931
0.387852551984879
-0.673100189035916
-0.49210775047259
0.36285066162571
0.25613043478261
-0.966342155009451
-0.665088846880907
0.174240075614367
-0.950759924385633
0.612712665406427
-0.977725897920604
0.103151228733459
-0.905362948960302
-0.298232514177693
-0.810506616257089
-0.614362948960302
0.096
-0.222814744801512
-0.887088846880907
-0.30992438563327
-0.258
0.981109640831758
0.0809111531190926
0.814746691871456
0.642383742911153
-0.631308128544423
0.583
0.053
-0.0834725897920605
-0.0976162570888469
-0.548890359168242
-0.967
0.489020793950851
0.869219281663516
-0.814362948960302
-0.543
-0.136979206049149
-0.68047258979206
-0.321253308128544
0.492109640831758
-0.376
-0.0542533081285444
-0.288177693761815
0.969856332703214
0.56
-0.108
-0.203945179584121
-0.357088846880907
-0.182088846880907
-0.484198487712665
-0.320253308128544
0.00338374291115312
-0.481308128544423
-0.252
-0.51047258979206
0.522
0.328219281663516
-0.251088846880907
0.75254820415879
-0.107362948960302
-0.544671077504726
0.275767485822306
-0.73
0.152
0.172
0.993
0.625
-0.776
-0.474
0.74
0.515
-0.225
-0.895
-0.374
-0.924
0.792
0.257
0.112
-0.742
-0.244
0.574
-0.068
-0.772
-0.605
-0.775
0.442
0.51
-0.251
0.383
-0.334
0.125
-0.884
-0.443
0.788
0.032
0.335
-0.321
0.573
-0.197
0.566
0.267
-0.427
-0.877
0.084
0.006
0.908
-0.096
0.896
-0.328
-0.303
-0.735
-0.78
-0.503
0.006
0.32
0.529
0.061
0.874
-0.073
0.73
-0.517
-0.125
-0.159
0.86
-0.386
0.399
-0.783
-0.683
0.594
-0.26
0.113
0.683
-0.692
-0.309
0.489
0.001
-0.192
0.143
0.389
-0.683
-0.463
0.614
-0.923
-0.315
-0.6
-0.095
0.618
0.551
-0.533
0.502
-0.726
-0.196
-0.354
0.073
0.083
-0.609
0.732
-0.737
-0.531
0.606
0.69
-0.413
-0.699
0.931
0.584
-0.419
0.911
0.806
0.517
-0.681
-0.28
0.917
-0.515
-0.39
0.192
-0.132
-0.202
-0.845
0.459
0.709
0.78
-0.334
0.85
-0.909
-0.534
-0.692
0.037
0.235
0.607
0.097
