-1.93562759924373
-1.23172211720231
0.294200378071837
-0.424654064272204
0.829257088846902
0.348659735349732
-0.719587901701301
-0.597892249527411
-0.929599243856316
0.0353894139886667
0.123257088846885
-0.539759924385628
-1.08791304347825
-0.88955387523629
-0.0355500945179546
-1.34157844990547
-1.05608506616257
0.250671077504732
0.175937618147458
-0.303797731568995
-0.0408317580340261
-0.682461247637041
-0.705865784499057
-0.349718336483932
0.245455576559553
-0.312349716446117
-0.960413988657838
-0.781141776937611
-0.444262759924381
-0.673534971644605
-1.26236862003777
0.441266540642728
-1.06580529300566
-0.728207939508496
-0.175111531190922
-1.19259168241965
0.170349716446128
-0.819321361058597
-0.523657844990544
-0.933586011342151
-0.0633894139886574
-0.228485822306234
-0.657534971644607
-1.06484120982984
-1.00437996219281
-0.795266540642719
-0.621701323251415
-0.345689981096405
-0.321922495274098
-0.671461247637046
-0.773327032136103
-0.398926275992433
0.156708884688094
-0.928807183364838
0.00303213610586265
0.0370037807183368
0.462801512287336
-0.814965973534968
0.0476994328922506
-0.339017013232511
0.255616257088848
0.519020793950852
-1.13336294896031
0.727340264650287
0.184281663516068
0.300610586011347
-0.209776937618146
0.425739130434786
-0.0278241965973516
-0.125094517958412
-0.639109640831753
-1.04920037807183
-0.217164461247636
0.0981266540642757
0.566720226843102
-0.796750472589792
-0.968270321361055
-0.684975425330812
-0.577434782608695
0.237792060491496
-0.750249527410205
0.185843100189038
0.469364839319474
-0.640476370510394
-0.825120982986766
0.166803402646505
-0.656841209829865
0.703739130434785
0.324470699432895
0.697147448015125
-0.595846880907373
-0.170693761814743
0.00390737240075603
0.786003780718339
-0.230844990548201
0.325379962192818
-0.188750472589792
-0.423682419659733
-0.30210775047259
-0.379714555765594
0.335115311909264
0.0513308128544425
0.753440453686204
0.604211720226844
0.655211720226845
-0.679703213610585
0.659393194706993
-0.73967674858223
-0.611839319470697
-0.170916824196597
0.0628752362948968
0.183638941398866
0.824850661625709
0.81274291115312
-0.759372400756143
-1.00725897920605
-0.806258979206048
0.607302457466921
0.543427221172023
-0.888476370510395
0.169172022684311
-0.0141776937618148
-0.887916824196598
0.166805293005673
-0.331759924385632
0.527275992438563
-0.111708884688091
-0.0145652173913043
-0.714088846880907
-0.70531190926276
0.343268431001891
0.462973534971645
0.59066729678639
0.728028355387523
0.850691871455577
0.218213610586012
0.577960302457467
0.601920604914934
-0.519750472589792
0.742578449905482
0.320209829867675
-0.921
0.428
-0.36
-0.431
0.237
0.133
0.193
0.526
-0.113
0.203
0.271
0.03
-0.46
0.591
-0.457
-0.022
-0.48
0.15
-0.718
0.388
-0.345
-0.985
-0.908
0.473
0.762
0.558
-0.89
-0.925
0.132
-0.589
-0.464
0.059
0.78
-0.255
0.118
0.571
0.508
-0.26
0.443
-0.533
0.82
0.579
0.406
0.207
-0.881
-0.534
0.156
-0.828
0.31
-0.713
0.109
-0.446
-0.694
-0.532
-0.177
-0.936
0.336
0.166
-0.193
0.679
0.023
0.118
-0.607
-0.524
-0.334
-0.788
0.249
0.795
-0.528
-0.028
0.469
0.779
0.707
0.814
0.568
0.076
-0.391
-0.116
0.353
0.295
-0.598
0.938
-0.235
-0.155
0.302
0.982
-0.248
0.312
0.922
0.054
-0.765
-0.658
0.932
0.764
0.444
-0.298
0.185
-0.071
-0.459
0.906
0.217
0.361
0.7
-0.662
-0.183
0.329
-0.154
-0.508
-0.1
0.746
0.455
-0.549
0.812
0.512
0.277
0.085
-0.648
0.548
0.174
-0.317
0.46
0.937
0.873
0.417
-0.264
0.127
0.847
0.943
-0.631
-0.135
0.891
0.679
-0.657
0.446
-0.923
0.04
-0.762
-0.573
-0.972
