-0.392950850661619
-1.59959546313808
0.358822306238187
-1.62568052930071
-0.247257088846876
-1.13147448015129
0.556085066162592
-0.693408317580342
-0.942325141776921
-0.811793950850649
0.674455576559549
-0.996436672967852
-0.891319470699422
-0.362457466918712
-0.239667296786379
-0.436436672967855
-0.957646502835535
-0.760911153119087
-0.00493950850661486
-0.114221172022683
-1.24386767485818
-0.31866162570888
-0.512809073724007
-0.423353497164459
-0.168604914933833
-0.643491493383734
0.220582230623827
-1.05266162570887
-0.369557655954625
-0.882466918714548
-0.174066162570888
-0.397782608695647
-0.110058601134215
0.147336483931951
-0.788752362948951
-0.396744801512287
-0.819274102079387
-1.04613610586008
-0.0287523629489591
0.085230623818529
-1.1957013232514
-1.49546502835538
-0.357045368620036
-0.526247637051036
0.288279773156902
-0.945943289224949
-0.582911153119088
0.259752362948964
-0.870327032136101
-0.750937618147445
-0.565308128544422
-0.265710775047258
0.475638941398869
-0.135306238185255
-0.956077504725893
-0.416916824196598
-0.397805293005668
-1.0482192816635
-0.526073724007562
0.58337996219282
-0.339824196597352
0.00708506616257095
-0.231223062381849
0.592315689981102
0.015863894139886
-0.434850661625705
0.227043478260868
-0.149241965973534
-0.95886578449905
-0.915756143667294
0.690020793950853
-0.709296786389412
0.242321361058604
0.711759924385635
-0.297536862003777
-0.867022684310017
0.375285444234405
-0.626030245746688
-0.00941965973535002
-0.272756143667294
-1.09844234404536
0.613948960302461
0.663073724007563
-0.159262759924385
0.766907372400757
-0.470264650283553
0.102003780718336
-1.05042155009451
0.108139886578451
0.713648393194709
-0.84965595463138
-0.579238185255198
0.426062381852554
0.449249527410208
-0.380765595463138
0.0273100189035917
-0.157964083175803
0.516612476370512
0.348247637051042
-0.0637315689981096
-0.26703213610586
0.833344045368619
0.745028355387526
-0.878538752362949
-0.458026465028355
-0.54084877126654
0.524103969754253
0.806357277882799
-0.739470699432892
-0.87077315689981
0.264508506616257
-0.62810775047259
0.212090737240076
0.872336483931948
0.881672967863895
0.0206521739130435
0.458378071833649
-0.892376181474479
0.887317580340265
-0.34090359168242
0.481103969754253
0.434782608695651
0.774281663516069
-0.716519848771266
-0.997574669187144
0.430829867674858
-0.00775992438563327
0.896986767485823
0.245644612476372
0.733281663516069
0.378370510396975
0.903514177693763
0.111206049149339
-0.819506616257088
-0.960410207939508
-0.902013232514177
0.96060302457467
0.624788279773158
-0.602992438563327
0.381425330812855
0.0193364839319471
0.341960302457466
0.710315689981097
0.0298979206049149
-0.486115311909262
0.751514177693762
0.196328922495274
0.545164461247638
0.584589792060491
0.574007561436674
0.582164461247637
-0.23345179584121
0.643
-0.293835538752363
0.45652741020794
0.29954820415879
-0.914
0.464856332703214
-0.827088846880907
0.0988563327032136
0.467856332703214
0.65352741020794
-0.428
-0.435
-0.243
0.404
0.306
0.084
0.837
0.829
0.104
0.86
0.703
-0.428
0.627
-0.867
0.767
-0.25
0.754
-0.742
-0.732
0.456
-0.698
0.674
-0.821
-0.374
-0.723
-0.577
-0.268
-0.243
-0.971
-0.501
0.467
0.317
0.931
0.396
-0.18
0.167
-0.704
0.15
-0.538
-0.883
0.711
0.782
-0.505
0.724
0.072
0.07
0.082
0.324
0.542
0.335
0.716
0.921
-0.163
-0.982
0.352
-0.102
-0.614
-0.869
0.126
-0.117
-0.648
0.079
0.8
-0.396
-0.607
-0.614
-0.359
-0.77
0.312
-0.401
-0.546
-0.397
0.796
-0.85
0.744
-0.481
0.178
-0.546
0.554
0.206
0.341
0.407
0.215
-0.306
-0.217
0.545
-0.52
0.912
-0.957
0.921
-0.219
-0.835
-0.976
0.579
0.764
-0.368
0.982
0.89
0.331
-0.315
-0.571
-0.149
-0.989
-0.058
-0.119
0.112
-0.875
-0.314
-0.726
-0.168
0.719
0.931
-0.424
0.919
0.541
-0.055
0.864
0.105
