-3.44749527407997
-0.329903591677822
0.456120982986814
-0.148111531185767
-0.289553875236801
-2.0346748582667
-0.862455576556683
0.178769376180824
-0.261799621923532
0.165996219283849
-0.0985274102070045
-0.709238185251014
-0.23031758033706
-0.246459357277346
-0.101077504724841
0.298075614369428
-0.0893194706988992
0.0146427221177717
-0.155378071833465
-0.327523629490465
-0.442742911153376
0.232826086957401
-0.068597353496882
-0.428077504725843
-0.236391304346797
-0.125105860111956
-0.107047258978544
-0.16182230623673
10.4499621928751
-0.427799621926124
0.34143289225181
0.288793950851833
-0.0637107750469491
-0.00793572778760719
-0.0602816635151321
0.0553024574674943
-0.0210321361052363
0.103427221172677
-0.0275916824191353
0.0422854442350447
-0.461448015121832
0.0435482041594371
0.0829187145566709
0.116612476371259
-0.0704177693756945
0.126092627600371
-0.0467863894134919
-0.0910623818521139
0.149540642722518
0.0544404536867602
0.128555765596235
0.149593572779633
0.148183364839846
0.0390359168246779
-0.00149149338319172
-0.106124763704717
-0.0104158790165784
0.0193043478270598
0.0221172022687569
0.102982986767898
0.147459357278485
0.142412098299153
-0.00139886578405984
-0.199366729678142
-0.136211720226527
0.00203780718381012
-0.140856332702896
-0.153911153118673
0.019871455576766
0.0727712665408374
-0.0660529300563895
-0.0141625708881383
0.0369810964087109
-0.116905482041298
-0.0759054820413271
0.253257088847259
-0.0499981096405051
0.00424385633295526
0.18151039697569
-0.0118223062379463
0.171625708884794
0.0695538752364725
-0.047657844990421
-0.000981096407930903
-0.134805293005165
0.00327599243862701
0.229875236295528
-0.247831758033683
0.131551984877478
-0.362947069942825
0.0987448015124955
0.165657844990678
-0.112451795841062
0.249805293006188
0.049780718336467
-0.0164858223061086
0.178689981096685
-0.0622873345933628
0.0335425330814119
-0.0625860113420439
-0.222708884687992
-0.0965614366727819
0.154189035917037
-0.0537202268430467
0.448415879017186
-0.377130434782286
-0.144531190926208
0.0651285444234988
-0.0221644612475456
-0.0605141776936838
-0.0858998109639171
0.153527410208068
0.13877882797742
-0.411294896030205
0.00597164461259134
-0.0790491493382911
0.527971644612603
-0.242911153118936
0.359351606805423
0.90015500945182
0.433788279773204
-0.374120982986703
-0.289716446124733
0.319909262759985
-0.302493383742798
-0.756758034026506
0.387459357277932
1.33863327032157
-0.051429111531146
-1.48711342155002
-0.582805293005571
-0.503361058601104
-0.553873345935669
0.304587901701282
-0.548092627599168
-0.715272211719984
-0.471686200378018
0.952132325141803
0.0279187145557753
0.0730831758034101
0.678470699432895
-0.302172022684296
0.555468809073694
-0.601939508506606
0.195487712665413
0.493421550094529
0.571247637051049
-0.597714555765596
0.343495274102085
-0.356047258979208
-0.340353497164453
-0.044899810964077
0.506
-0.0694083175803399
0.325931947069952
-1.12836105860114
0.601
0.336115311909267
0.476979206049153
-0.155884688090738
0.248115311909267
-0.00306805293005674
0.97
-0.399
-0.852
0.252
0.085
-0.447
0.254
-0.378
-0.355
0.96
0.939
-0.666
0.698
0.286
-0.958
0.203
-0.49
-0.191
0.964
0.083
-0.219
0.617
-0.635
-0.089
-0.688
-0.209
-0.58
-0.623
-0.252
-0.063
-0.686
-0.493
-0.849
0.096
-0.552
0.316
0.958
0.745
-0.456
-0.693
-0.183
-0.951
-0.977
-0.703
-0.827
0.172
0.329
-0.945
-0.849
-0.603
0.034
-0.091
0.088
-0.626
-0.769
-0.647
-0.765
0.236
-0.06
-0.706
-0.868
-0.124
0.874
0.707
0.646
0.431
-0.818
-0.398
-0.162
-0.274
0.244
-0.235
-0.736
0.657
-0.735
-0.268
0.593
-0.932
-0.262
0.14
0.462
-0.636
-0.774
-0.65
0.903
0.405
0.419
0.777
-0.136
-0.905
0.08
-0.279
-0.195
-0.75
-0.826
0.94
-0.826
-0.685
-0.349
-0.259
-0.011
-0.274
0.217
0.424
0.152
-0.732
-0.356
0.431
-0.892
0.499
-0.241
-0.833
-0.502
0.799
-0.169
0.767
-0.351
0.524
