-3.22718526406435
-1.8479810987285
-1.12753875567183
-0.604113417544208
-1.07865595250683
-1.63170888913463
-1.22201323987345
-1.13067108469995
-0.682776935050191
-2.73454820402626
-0.871746692879626
-0.0325349638673007
-0.312478258460265
-0.26167296257658
0.0817882840946668
0.271361057178373
0.112771261061529
-0.188604917026618
-0.0493932007406183
0.206289222715154
0.581132324316159
0.244986771910334
-0.309474472618025
-0.292969746097392
0.0319678585988078
-0.106258977927688
-0.225145555534009
0.0323440495327622
0.035304347960821
-0.186784499567118
0.00533648316932461
-0.201434782202371
-0.0216672962925914
-0.065404534482324
-0.0331134210352389
0.119822305111676
-0.107587894285006
-0.196395082682517
-0.0714253239033915
-0.129860114344103
0.0368638889620895
-0.137712669694024
0.16235916543209
0.222100189169393
0.0727599275962866
-0.0789546304292014
-0.0546843029651901
0.0290321358024238
0.0495538761316314
-0.155221170823069
-0.0650018924167812
0.0332665363978748
-0.0141852555104569
0.134185255094938
0.254841205844008
-0.0225973530421759
-0.00296785918922173
0.24406238263242
0.106775044567904
-0.0679149317709234
0.164466918485323
7.98978260393485
0.799336487745019
0.712466919714363
0.386296783653835
0.347969756381205
0.349427220240869
0.252311912466526
0.337555758932309
-0.034686199955518
0.0799413983568126
0.408741024154674
0.264011343439822
0.0959678616274784
0.069236296532793
-0.0458998133929409
-0.175697538790307
0.23736862052353
0.0687145566001119
-0.249001887778741
0.158342151826292
-0.0351871445520284
-0.121517957795109
-0.0104744811955542
-0.215119095600891
0.0765992462351466
0.206890358427747
0.320368616211858
-0.00125520126862241
0.0107901634543266
-0.0412930061457228
-0.24272590096234
0.0794782595773875
0.156548199148434
-0.00388090685620769
0.0746257091678406
-0.00377882230627125
-0.0633478286847763
-0.294820419858663
0.495914935291492
-0.425364839546322
-0.15491682580566
0.391429110681165
-0.682253308725744
0.319792062328701
-0.00716257152932151
0.244814744760755
-0.0539224909100377
0.340657844886402
-0.0441550043109549
-0.197758033112391
-0.0963459381222003
-0.0795746731673424
-0.015489606251994
-0.201115313454336
-0.0635387541748919
0.247918707622852
-0.0271058576839257
0.317567104562539
0.789463143073646
0.0804461249115941
-0.566695653564714
0.175731566083399
-0.2429489605588
0.367279771380204
-0.889627604402213
0.0441020808126669
0.575988655326015
-0.282909267069709
0.412183361606331
-0.338820419152975
0.667510394621311
-1.29734782856105
0.0585746665526784
-0.656111532034571
0.374262753105529
0.729763708008157
-0.496644611165817
0.121569000687069
0.54364272196442
-0.0962948977069816
0.0300396982319575
0.832451795284176
0.382022682526953
-0.587584122057622
-0.598357277959581
0.0913856334738387
0.757105861944395
-0.416493381849267
0.0175897922062634
-0.327593571777473
0.0144347846621849
-0.826
0.251153118809519
0.8945255198016
0.660510396031786
-0.147
-0.726168242579328
0.769882797023832
0.292831757420672
0.879831757420672
-0.210474480198403
0.17
-0.678
0.807
0.861
-0.405
-0.865
-0.785
-0.901
0.742
-0.594
0.968
-0.987
0.828
0.66
-0.381
0.742
-0.922
0.618
0.436
0.973
0.436
0.309
0.273
0.706
0.798
0.391
-0.392
-0.717
-0.464
-0.653
-0.617
-0.237
0.113
-0.931
0.033
0.476
0.603
-0.42
0.541
-0.244
0.155
0.951
0.228
-0.85
-0.184
-0.84
0.462
-0.759
0.17
0.111
-0.721
-0.751
0.94
0.99
0.36
0.861
0.048
-0.9
-0.937
0.204
0.527
0.932
0.562
0.395
-0.977
0.205
-0.1
0.759
-0.374
0.143
-0.861
0.497
-0.923
-0.321
-0.183
0.485
-0.92
0.122
-0.11
0.637
0.929
-0.634
0.112
0.425
-0.933
-0.867
-0.177
0.123
-0.292
0.171
-0.573
0.503
-0.483
-0.664
0.229
0.223
-0.612
0.832
-0.873
0.61
0.26
0.702
0.614
-0.973
-0.029
-0.218
-0.828
0.26
0.173
0.875
0.78
0.926
0.209
-0.575
0.275
0.16
-0.181
-0.863
