-1.42244423440445
-1.3783761814746
-0.492287334593572
-1.40755009451813
0.548364839319499
-1.20013232514187
0.125761814744813
-1.14663705103966
-0.396361058601117
-1.2314688090737
-0.683517958412097
-0.423187145557656
-0.002926275992428
-1.1746710775047
-1.41949905482033
0.299720226843111
-0.952153119092626
0.0630340264650304
-1.33407183364834
-0.80096030245746
-0.81842533081285
0.306355387523642
0.0456843100189037
-1.06934215500946
-1.16037240075612
0.0812514177693784
-1.19806616257084
0.106551984877131
-1.0135652173913
0.265321361058605
-0.909616257088843
-0.459967863894133
-0.565580340264647
-0.167603024574666
0.141302457466926
0.412931947069948
-1.15339319470698
0.209134215500947
-1.04056521739129
-0.650293005671072
-0.626013232514176
-0.876930056710773
-0.304742911153114
-0.7538449905482
-0.0326899810964065
-0.909568998109634
0.469321361058603
-0.847128544423439
-0.882041587901699
-1.00132325141777
0.0622098298676773
-0.895268431001887
0.480315689981098
0.226686200378072
-0.839894139886576
-0.18579395085066
-0.566782608695649
-1.08793383742909
-1.24959546313799
0.551179584120985
-0.779531190926274
0.434088846880907
0.231294896030248
-0.00247448015122831
0.460701323251419
0.278285444234407
-0.511253308128542
-0.730463137996218
-0.730907372400754
-0.958667296786386
-0.0903648393194707
-0.10179584120983
0.238287334593573
0.126240075614369
0.649194706994331
0.814648393194707
-0.655442344045366
0.245599243856335
-0.185045368620036
0.81766729678639
0.748035916824199
0.31919470699433
0.0617901701323247
-0.64320415879017
-0.580969754253308
-0.522909262759924
0.169357277882796
0.159529300567108
-0.233190926275992
-0.46165595463138
0.296822306238186
-0.840979206049148
0.555555765595463
-0.558245746691871
-0.680362948960302
0.19362381852552
0.167767485822307
-0.859979206049148
-0.416814744801512
0.800500945179585
0.555843100189036
0.574020793950851
-0.702759924385633
-0.835
0.107
-0.63
-0.169
-0.636
0.766
-0.458
-0.364
0.249
0.417
-0.908
-0.953
-0.094
-0.476
0.089
-0.345
0.269
-0.763
0.513
0.566
0.804
-0.126
-0.075
0.509
0.004
0.066
-0.457
-0.201
-0.701
-0.227
0.073
-0.655
-0.775
0.115
-0.012
0.298
-0.848
0.708
-0.155
0.463
-0.744
0.959
-0.939
-0.25
0.499
-0.576
0.416
-0.311
-0.908
0.493
0.325
0.598
-0.935
-0.983
-0.494
0.29
-0.819
-0.139
0.827
0.297
0.222
0.743
-0.664
-0.524
-0.656
0.746
0.822
0.79
0.535
0.79
-0.497
0.56
0.391
-0.95
0.31
0.844
-0.187
-0.825
-0.99
-0.421
0.65
0.853
-0.293
-0.194
0.447
0.475
-0.72
-0.792
-0.392
0.698
0.116
0.291
0.881
0.548
-0.76
-0.487
0.623
0.585
-0.595
0.752
-0.398
0.625
0.153
-0.699
-0.01
0.764
-0.794
-0.986
-0.294
-0.338
-0.524
-0.994
-0.15
0.247
0.646
0.369
0.035
0.53
0.028
-0.132
0.466
0.613
0.181
0.837
-0.327
0.211
0.679
0.843
0.809
-0.203
-0.779
0.228
0.769
-0.742
0.976
-0.975
-0.301
-0.594
0.815
0.683
0.269
-0.735
0.501
0.946
0.221
0.11
-0.56
-0.367
0.902
-0.129
0.477
-0.908
-0.443
0.537
-0.715
-0.012
-0.557
0.316
0.627
0.779
-0.915
-0.637
-0.795
0.908
-0.559
0.248
-0.763
-0.408
0.271
0.621
-0.331
-0.371
0.714
0.344
0.599
0.201
-0.889
