-1.05846691977104
-1.47634215564308
-0.868198487712664
-0.275852552534131
0.0641739130012304
-1.09194139941488
-0.989758034068677
0.0224536850595457
-0.703733460498084
-0.924034027605841
-0.387136105860109
-0.779351608072873
-0.221650284145427
0.324829866787528
0.0884763702568814
-1.06812854467685
-0.378423440453689
-1.06064461327942
-1.22480718340703
-0.613514178074007
-0.139217391473355
-1.364449906623
-0.845374291115309
-0.685236294896028
-1.26755765595458
-0.704362948960296
-0.426032136105851
-1.15543667296785
-1.15978827977314
-1.13201701323251
-0.336285444234398
-0.00529111531190524
-0.0417221172022668
0.0192835538752376
-1.00577126654063
-1.41610396975425
-0.821616257088841
-0.350508506616254
-0.59100756143667
-0.746353497164457
-0.484026465028356
-0.397899810964083
-1.28755387523625
0.529041587901705
-0.669109640831755
0.451457466918719
-0.749663516068045
-0.0861379962192804
-0.503395085066157
0.215629489603026
-1.38379584120985
-0.970548204158786
0.170287334593574
-0.466412098298673
-1.45739130434782
0.0956805293005693
0.128429111531194
-0.155551984877125
0.119249527410209
-1.28397542533082
0.440423440453689
0.551257088846883
-0.292293005671076
-0.705986767485817
0.203839319470699
0.0112948960302473
-1.29339508506615
0.738272211720229
0.100395085066165
0.477115311909264
-0.132200378071832
-0.925362948960301
-1.13457088846882
0.530052930056714
0.392669187145563
-0.772563327032135
0.501971644612478
0.0437712665406444
0.668655954631381
-0.930735349716445
-0.872941398865782
0.168557655954632
0.182079395085068
-0.0328449905482042
-0.423134215500942
0.0959829867674876
-0.920852551984876
-0.699183364839318
0.567412098298678
0.0233119092627602
-0.60833270321361
0.633085066162572
0.51317391304348
-0.328298676748581
-0.172181474480149
0.234037807183365
-0.873565217391303
0.857941398865788
-0.849183364839319
0.464153119092629
0.748105860113421
-0.229429111531191
-0.458744801512286
0.0161814744801513
-0.416402646502837
0.646954631379963
-0.792081285444233
0.667172022684311
0.374323251417769
0.576459357277883
0.667850661625709
-0.721162570888469
0.499933837429111
0.220534971644614
0.764296786389414
-0.6866011342155
-0.498024574669186
0.855391304347828
0.728907372400756
-0.654903591682419
0.0507674858223063
0.651062381852553
-0.688780718336484
-0.88847258979206
0.183746691871456
0.307493383742911
-0.297759924385633
0.258
-0.243
-0.796
-0.83
0.748
-0.013
-0.692
-0.633
0.407
-0.333
-0.811
-0.513
-0.063
-0.017
-0.486
-0.066
-0.985
0.44
-0.848
-0.847
-0.636
-0.077
-0.419
-0.241
-0.643
-0.88
0.844
-0.512
-0.816
-0.457
-0.507
0.951
0.321
0.026
-0.017
-0.061
0.219
0.423
0.969
0.358
0.277
-0.121
-0.561
0.705
-0.585
0.4
-0.089
0.38
-0.451
-0.257
-0.701
-0.328
0.035
0.162
-0.65
-0.665
-0.825
0.444
0.812
0.627
0.142
0.819
-0.817
-0.136
-0.826
-0.762
0.165
0.91
-1
0.575
0.715
-0.408
0.471
-0.207
-0.125
0.484
-0.517
-0.124
-0.657
-0.044
0.209
-0.537
0.938
0.441
-0.757
0.821
-0.085
-0.842
-0.325
-0.353
-0.237
0.774
0.61
-0.659
-0.784
0.457
-0.304
0.575
0.531
-0.823
-0.765
0
0.38
-0.026
0.027
0.707
0.2
-0.758
-0.714
-0.134
0.851
0.298
0.101
-0.145
-0.582
-0.322
0.881
-0.259
-0.38
-0.647
0.322
0.006
0.235
0.352
-0.189
0.94
-0.018
0.129
-0.423
0.418
-0.213
-0.092
0.344
-0.834
-0.279
-0.792
0.083
-0.036
-0.587
-0.464
-0.38
-0.327
0.872
0.809
-0.204
0.464
-0.327
-0.246
0.923
0.537
0.576
0.955
-0.046
