-0.453727788279765
-0.273497164461239
-0.600362948960302
-1.30397920604927
0.762166351606827
-1.08632892249532
-0.161120982986763
-0.954158790170137
-1.690686200378
-0.927786389413979
0.677075614366733
-1.25806427221177
-1.30010775047258
-0.183045368620033
-1.14117769376176
0.318695652173916
-0.669181474480144
-1.23644045368622
-0.947086956521735
0.140676748582238
-1.25081096408315
-0.764370510396968
-0.0839924385633259
-0.101221172022684
-0.413716446124763
-0.0118809073723934
0.192177693761821
-0.100542533081285
-0.838937618147442
-1.65377504725894
-1.25589981096404
0.209744801512292
-0.349311909262754
-0.625387523629488
-0.104582230623816
-0.867158790170132
-1.14539508506614
0.429000000000002
-0.440731568998112
-0.0666748582230621
-0.886797731568993
-0.170812854442341
-0.74651039697542
0.180710775047261
-1.298618147448
-0.743580340264646
-0.0884007561436672
0.086311909262761
-0.445147448015123
-0.987168241965969
-0.390829867674858
-0.099232514177693
-1.04312665406426
-0.75177126654064
-1.13793950850659
-0.0570869565217381
0.532557655954637
-0.549708884688089
0.157886578449907
0.556601134215505
-0.140037807183365
0.209688090737241
0.117293005671082
0.65543289224953
-0.877935727788277
-1.14561814744801
0.23538752362949
0.169797731568998
0.285431001890363
0.541198487712669
-0.104489603024575
0.0658071833648408
0.0501720226843098
0.125258979206052
-0.267894139886577
-0.409448015122874
0.487810964083176
-0.779826086956519
0.135432892249528
-0.739661625708885
-0.81767485822306
0.633693761814746
-0.612444234404536
-0.50205293005671
-0.0508071833648393
0.195412098298677
0.751453686200379
-0.624950850661625
-0.388258979206049
-0.691217391304345
-0.335444234404536
0.566412098298678
-0.623081285444232
0.0304952741020796
-0.71875236294896
0.0981663516068062
-0.932718336483931
0.11885066162571
-0.15454631379962
-0.961128544423439
-0.105621928166351
-0.769068052930056
-0.564903591682417
0.0859603024574679
0.300631379962193
0.745158790170132
0.773981096408318
-0.260068052930055
0.664988657844991
0.536158790170134
0.636576559546314
0.499001890359169
0.845521739130435
0.130480151228735
0.662555765595465
0.227686200378073
0.137767485822307
-0.0262117202268431
-0.0575198487712666
0.229109640831758
-0.799245746691872
0.158487712665406
-0.42167674858223
0.100884688090738
0.0524461247637051
0.355563327032136
-0.146232514177694
-0.806465028355387
-0.0369508506616258
0.63577504725898
-0.389355387523629
-0.588506616257088
0.385534971644613
0.0677334593572779
0.370213610586011
-0.971574669187145
0.243493383742912
0.26615122873346
0.1807202268431
0.158192816635161
0.386404536862005
-0.00549149338374292
-0.337725897920605
0.0656578449905482
-0.330629489603024
0.131
0.712328922495274
0.25205482041588
0.39109640831758
0.0204801512287334
-0.982
0.102
-0.8
0.674
0.866
0.733
0.62
0.312
-0.949
0.929
-0.076
0.614
0.748
-0.925
-0.058
0.26
-0.845
-0.2
0.739
0.645
-0.978
0.865
0.776
0.772
0.828
0.176
-0.457
0.549
-0.552
0.954
0.698
0.613
-0.19
0.96
0.657
0.537
-0.78
0.738
0.222
0.683
-0.568
0.939
0.235
0.289
-0.729
0.788
0.306
-0.408
-0.865
0.432
-0.025
-0.082
0.513
0.765
0.024
-0.847
0.325
-0.573
0.846
-0.311
0.19
-0.93
-0.137
-0.904
-0.769
0.311
-0.197
0.787
-0.582
0.405
0.04
-0.583
0.577
-0.944
0.212
-0.918
-0.37
-0.513
0.5
-0.96
0.869
0.95
0.414
0.015
-0.021
-0.22
-0.901
0.045
-0.064
0.504
-0.789
0.792
0.892
-0.467
-0.508
-0.638
0.076
0.138
0.058
-0.04
-0.016
0.519
-0.826
-0.27
-0.608
-0.443
0.34
0.456
-0.448
-0.058
0.522
-0.162
-0.073
0.805
-0.18
0.24
-0.344
0.847
0.117
0.451
0.211
0.758
-0.149
-0.086
0.194
0.247
-0.475
0.044
0.564
-0.15
