-2.06220038407874
-1.04728165912416
0.510913047805685
-1.2494933837242
-0.607109647021757
-1.67773913333805
-1.2777712723756
-0.418926277433026
-0.179427217975788
-0.729521734108732
-0.444661624555178
-0.125795838884752
-0.354075614192709
-0.0440302458860169
-0.117986767317266
0.276960305765016
0.202448019869998
0.07914177914666
-0.0234896026836876
-0.0157164457614612
0.043143666696865
0.033943285400303
-0.274026461629008
-0.17249715938397
-0.157064271657502
-0.261071832375641
0.0565500948946785
0.139565220277099
0.0368393231375472
-0.00160869631268758
-0.112393194032705
-0.127079396229962
6.57237240261036
-0.284708883800758
-0.0020831712914583
-0.0831020824028019
0.156306240923557
0.133209831929772
-0.0628317578566481
-0.149497164023323
-0.0538865752013082
0.0375689974265614
-0.0212079403458446
0.0221568977032034
-0.0299073742366418
0.00336484193212871
-0.166160679331539
0.0249357302445667
0.0977448028932314
0.0820586037631145
-0.0440604908004244
0.0236105829973411
0.00289981493234899
-0.0293327053812094
-0.0550737251625619
-0.0801228730389304
0.0532022707211031
-0.144669187186253
-0.023911150426911
0.145455580423402
0.0235557664207504
-0.00405670895746529
-0.0738657842540552
-0.0810793894964761
0.0793270329882003
0.105141774922899
-0.169536858841774
0.00308128848641653
0.00658790413226911
-0.0176427214791738
-0.0885217415859944
-0.0072816619294659
0.128071836649958
-0.0730000034428583
-0.0373497157595267
-0.027979206120974
-0.00609640893587918
-0.0782797697245588
0.0490378042151333
0.155402647405257
0.0633043488796
-0.0952759930287075
0.0275482009448608
0.100708886831036
-0.127491493142629
0.106805295531746
0.00650472564297991
0.00123251571357856
-0.0318090736000526
0.168816634430447
-0.292691872927988
-0.0595236325176774
-0.355551987342283
-0.22539508436019
-0.172729676823642
-0.031257089568675
0.219374290077583
0.0451663531103163
-0.0182287317122169
-0.184056701425321
0.0382533114749732
0.0660529306553075
-0.479627597194696
0.38173157078822
0.0969905482844503
0.222476371403329
-0.0918034012541802
0.17017390870567
-0.0100359169474274
0.11709262991122
0.0151512263468803
0.171368620518064
0.067627599869201
0.0452136027644186
-0.13331001783098
0.257867674218689
-0.19555387551996
-0.508514176095153
-0.359975424685628
0.475822305684728
0.408837429362357
0.0867920613781042
-0.0784839314435065
0.191024573876907
0.00429489512112075
0.633998108797214
0.0280907417674904
-0.0231871463541216
-1.068701324935
-0.99839697796469
0.349243858160912
-1.05850094780308
-0.692896033286511
0.849871455308242
-1.07562004222253
-0.133710776782451
0.676735350533424
0.276291115287978
-0.0463761827286867
-0.52553497306777
0.720387526130865
-0.713393193695057
0.658243857745373
-0.557510395610635
0.655548204998892
0.180788282746353
0.624211721904235
0.37214744983342
0.986317582909927
-0.126438566586133
-0.599841208393293
-0.218763701684305
0.555
0.315865784566656
0.294810964094443
-0.392780718111134
-0.885
-0.853457466772235
-0.612835538583352
0.484542533227768
-0.757457466772233
-0.612189035905556
0.71
0.191
0.423
-0.722
-0.727
0.291
0.374
0.052
0.96
0.211
0.526
-0.986
0.924
-0.236
0.513
-0.631
0.222
-0.01
-0.788
0.01
0.067
-0.359
0.916
-0.657
-0.524
-0.166
-0.662
0.931
-0.542
0.118
-0.338
0.46
-0.823
0.026
-0.6
-0.733
-0.16
0.212
-0.771
-0.889
0.68
-0.5
0.455
-0.015
-0.22
0.54
0.392
-0.47
0.098
0.746
-0.074
0.4
0.275
0.234
0.32
0.068
0.275
0.079
0.801
0.439
-0.047
0.443
-0.406
-0.158
-0.452
-0.935
0.836
-0.103
-0.636
0.245
0.528
-0.99
-0.24
-0.899
0.33
-0.433
0.186
-0.07
0.562
-0.064
0.441
0.808
-0.168
-0.289
-0.809
0.262
-0.815
-0.057
0.706
0.331
-0.008
0.761
0.41
-0.21
0.157
-0.764
0.905
-0.387
-0.564
-0.286
0.703
-0.505
-0.835
0.853
-0.783
-0.084
-0.361
0.173
0.904
-0.247
0.882
-0.656
0.516
-0.136
0.997
0.144
-0.39
0.882
