-1.57253308128535
-1.27094517958418
0.22428166351607
-1.271223062382
0.310826086956532
-1.27906427221186
-0.257667296786386
-0.0101304347826103
0.0787996219281811
-0.320729678638934
0.646075614366734
-1.61855198487713
-0.0146238185255136
-0.854404536861995
-0.661582230623811
-0.268655954631377
-1.23763327032137
-0.73229300567107
0.20687712665407
-0.433689981096407
-0.408374291115306
-0.952958412098291
-1.06535349716449
-0.887563327032139
-1.04642344045367
-0.558500945179583
-0.072948960302455
-1.07841020793951
-0.897640831758023
0.172241965973539
0.11055009451796
0.186415879017019
-0.337884688090731
0.204013232514176
-0.587618147448014
-1.23117769376179
-1.28628922495275
0.333860113421552
-0.61612854442344
-0.63782041587901
-1.11522495274101
-1.15277504725896
0.485000000000005
0.358166351606809
0.00813799621928031
-1.20129300567108
-1.15768431001895
-0.772633270321359
-0.503805293005664
0.40736862003781
-0.471400756143669
-0.223051039697538
0.589778827977315
0.470453686200378
-0.188143667296789
-0.871465028355386
-1.07279395085066
-0.734090737240079
-0.989922495274076
-1.15104914933839
-0.233107750472589
-0.579068052930061
-0.0279508506616255
-1.04151228733458
0.474674858223063
-1.11931758034026
-0.180533081285443
0.59888846880907
0.367429111531192
-0.316982986767484
-0.44508695652174
-0.619697542533086
-0.695141776937621
0.234056710775049
-0.579807183364838
-0.19699810964083
-0.463533081285443
-0.524654064272216
0.0985727788279772
-0.821083175803404
-0.0492098298676751
-0.350465028355392
0.524638941398866
-0.469943289224952
0.0301663516068052
-0.491595463137998
-1.02203780718336
0.152436672967865
-0.161773156899815
-0.39999054820416
0.812788279773158
0.775251417769373
0.663047258979202
-0.646081285444239
0.653888468809074
0.52622495274102
0.0140623818525518
0.904056710775045
0.682113421550091
0.395359168241966
-0.352045368620043
-0.802468809073725
0.330637051039694
0.817376181474481
0.173761814744802
-0.906051039697545
-0.413069943289224
-0.476508506616256
0.346992438563323
-0.724187145557659
0.60760869565217
0.647930056710776
0.195691871455572
0.941274102079395
0.331525519848768
-0.836856332703218
0.0890548204158793
-0.325965973534976
-0.0404877126654079
0.332
1.00379962192816
-0.716712665406427
-0.104177693761815
-0.14609640831758
-0.0154593572778824
-0.274741020793949
-0.354160680529303
0.98354820415879
0.489431001890355
-0.211892249527409
0.939695652173915
-0.314187145557659
-0.226671077504726
0.747582230623814
0.385404536862005
-0.25619281663516
0.39025897920605
0.818266540642718
0.371835538752363
-0.142232514177694
1.17141965973534
0.761654064272214
0.930625708884691
-0.213160680529303
0.276372400756142
-0.603627599243858
-0.247
0.959013232514178
0.199559546313801
0.67925330812854
-0.328480151228733
-0.54093383742911
0.065
-0.485480151228733
0.56825330812854
-0.44493383742911
0.426
-0.446706994328926
-0.106200378071837
-0.392706994328926
0.754293005671074
-0.455746691871456
-0.009
-0.4
-0.636
-0.031
-0.185
0.449
-0.456
-0.444
-0.186
0.292
0.297
-0.964
0.343
-0.695
-0.499
-0.763
0.715
-0.272
0.924
-0.412
-0.131
0.795
-0.926
0.456
0.539
-0.711
-0.816
-0.07
0.279
-0.156
-0.033
-0.183
0.171
0.448
-0.357
0.169
-0.692
-0.851
0.424
0.304
0.398
-0.433
-0.14
0.353
0.077
0.029
0.146
0.259
0.969
0.189
-0.218
-0.899
-0.373
0.11
0.671
0.196
-0.475
-0.093
0.43
-0.475
0.264
0.614
0.276
0.969
-0.675
-0.521
-0.135
0.894
0.661
0.331
0.928
0.565
0.304
-0.38
0.19
-0.698
-0.066
-0.279
-0.621
-0.49
0.143
-0.075
-0.04
-0.91
-0.939
-0.134
-0.81
-0.94
0.777
0.447
-0.356
0.4
-0.281
-0.102
-0.961
0.784
0.29
-0.109
0.028
-0.403
-0.837
0.252
0.598
-0.363
0.26
0.217
-0.204
-0.994
0.92
0.368
-0.739
0.804
-0.472
-0.081
0.382
-0.661
-0.347
0.186
