-2.60568809073686
-1.01922117202262
-0.187361058601129
-1.54760869565266
-0.18830056710774
-0.285264650283521
-0.77737996219275
0.0764536862003748
-1.68618525519808
-0.0813931947069829
-0.467355387523618
-1.81872211720237
-0.128657844990534
-0.481345935727784
-0.158234404536855
0.342761814744815
0.0971550094517988
-1.09272211720229
-0.48524574669187
-0.637678638941399
-0.634644612476368
0.353088846880901
-1.53769943289214
-0.579744801512274
-0.636122873345927
-0.0618071833648136
0.0162589792060586
-0.868155009451784
-0.24733270321359
-0.850659735349712
-0.163778827977301
-1.08518147448013
-0.688829867674836
-1.28750094517959
0.34107939508509
-0.71383931947069
-0.688858223062367
-1.37758601134215
0.299258979206061
-1.02882041587899
-0.355714555765592
-1.14174858223053
-0.00697731568997986
-1.1247901701323
-0.473739130434767
-0.0934083175803256
-0.760446124763641
-1.19120793950836
0.0955236294896157
-0.24081852551984
-0.681512287334575
0.197586011342167
0.147412098298688
-0.698722117202289
0.122633270321377
-0.94890737240064
-0.818950850661606
-0.129882797731551
0.495831758034041
-0.28717391304347
0.953620037807198
0.0241398865784579
-0.45645935727787
-0.524088846880909
-0.394984877126636
-0.967294896030208
0.0657599243856403
-0.0515141776937565
-0.380081285444227
0.554604914933856
0.369521739130442
0.363155009451811
-0.851865784499045
-0.276841209829865
0.655181474480169
-0.279758034026461
-1.13048204158791
0.37909640831759
-0.493111531190924
0.1921077504726
0.631476370510405
0.400756143667304
0.127003780718341
0.616359168241983
0.260854442344053
0.301206049149356
-0.243463137996217
-0.238744801512281
-0.26788468809073
0.310725897920614
-0.406703213610579
-0.793907372400748
-0.0983705103969682
-0.0577069943289243
-0.715009451795829
0.806291115311924
0.341648393194711
0.325185255198494
0.940799621928158
-0.549922495274101
0.17117202268432
0.263657844990549
0.0470964083175855
-0.564523629489599
0.985068052930093
0.266241965973539
0.468584120982986
-0.43018903591682
0.476436672967867
-0.099026465028352
0.0766597353497198
-0.0719206049149318
0.729958412098299
-0.372134215500943
0.336965973534976
-0.622466918714553
0.117308128544427
-0.188603024574665
-0.888913043478259
0.576493383742916
0.434013232514175
0.376756143667296
0.492362948960305
1.03314555765595
0.323311909262766
0.202126654064273
0.0777826086956522
-0.494591682419662
0.199510396975424
1.09032892249528
1.58747826086956
0.286243856332707
-0.811230623818525
0.611576559546314
0.617344045368619
0.760068052930057
0.0634347826086982
0.344646502835542
-0.536060491493381
0.891533081285443
0.0929640831758048
0.349769376181476
0.983778827977291
1.49938374291115
1.27848960302459
1.7242911153119
0.11407561436673
-0.47440075614367
0.782075614366732
-0.447039697542536
0.590684310018903
-0.462714555765596
0.052
-0.930644612476371
0.865725897920604
-0.432482041587902
0.785
0.530436672967864
-0.064111531190926
0.455436672967865
-0.733563327032136
-0.366274102079397
-0.91
0.068
-0.11
0.219
0.054
-0.695
-0.446
-0.65
0.901
0.421
-0.205
-0.565
0.052
-0.515
0.565
0.233
-0.804
0.608
0.701
-0.506
-0.133
-0.526
-0.973
0.337
0.885
0.98
0.545
0.201
0.209
-0.036
-0.924
-0.388
0.393
0.903
-0.659
-0.408
-0.135
-0.82
-0.454
-0.432
0.844
-0.058
-0.797
-0.854
0.661
-0.384
-0.011
0.375
-0.092
-0.449
0.273
0.257
0.692
0.711
0.762
0.616
0.04
0.553
0.333
0.074
-0.24
0.352
0.14
-0.063
0.345
-0.818
0.041
0.149
-0.856
-0.027
-0.632
-0.984
0.061
0.132
-0.351
0.925
-0.729
0.881
0.675
0.268
-0.01
-0.831
-0.707
-0.342
0.69
-0.181
-0.081
0.682
-0.86
-0.275
0.551
0.312
-0.154
0.472
0.808
-0.508
0.801
0.265
-0.199
0.479
0.575
0.839
0.231
0.934
-0.818
0.256
-0.805
-0.44
0.061
0.837
0.344
0.159
0.877
-0.936
-0.917
-0.41
0.058
-0.518
