-1.8348128544422
-0.784597353497142
0.699015122873348
-0.091277882797721
0.563064272211748
-0.174361058601125
0.174837429111542
-0.56272778827977
-0.977085066162548
-0.0348166351606692
-0.526771266540642
-0.295077504725893
0.00299243856333954
-0.76354064272211
-1.05889603024568
-0.609226843100181
-1.11835160680529
-0.595449905482034
-0.0840586011342143
-1.29103024574656
-0.326831758034023
-0.76038752362948
-0.752574669187145
-1.06834971644611
-0.139130434782606
-1.07717769376181
-0.868880907372392
-0.818697542533076
-0.317837429111528
-1.09915689981101
-1.22489981096405
0.222474480151237
-1.25744801512285
-0.756790170132317
-0.829175803402639
-0.264364839319468
0.0591625708884686
-0.0784763705103932
-1.28430434782605
0.203330812854448
0.208899810964086
-0.718534971644606
-0.470075614366726
0.151001890359174
-1.30514177693758
-0.658612476370507
-0.438468809073721
-0.448833648393191
0.528183364839323
0.409725897920608
-0.434457466918711
-1.15370321361057
-1.27837996219281
-0.199935727788281
-0.10653686200378
0.270037807183366
-0.829336483931945
0.0721852551984889
-1.03815879017011
0.0319640831758053
-0.132984877126653
-0.692247637051039
0.352463137996221
-0.638325141776935
0.314374291115312
-0.250245746691869
0.225548204158791
-0.406568998109641
0.79573156899811
-0.288914933837429
0.125506616257091
0.0371568998109657
-0.493620037807182
0.607695652173914
-0.676260869565218
-0.827578449905482
-1.0171550094518
-0.267052930056711
-1.02455009451796
-0.306132325141776
0.0422930056710774
0.293035916824197
-0.254780718336483
0.662741020793952
0.244981096408318
-1.03817013232514
0.664843100189037
0.0251909262759925
0.659710775047259
0.043508506616257
0.00537051039697545
-1.05413799621929
0.279153119092628
-0.166457466918714
-0.63302079395085
0.260733459357278
-0.0691625708884688
-0.565682419659735
-0.826415879017013
0.0192457466918715
0.0756143667296786
-0.68265595463138
-0.127362948960302
-0.28834404536862
-0.854776937618147
0.731126654064272
0.256741020793951
-0.66490359168242
-0.548776937618147
-0.298807183364839
0.338705103969754
0.588
0.138741020793951
0.188578449905482
0.804415879017013
0.517741020793951
0.769
-0.96345179584121
0.074578449905482
0.552867674858223
0.294741020793951
-0.76945179584121
-0.0668071833648393
-0.342294896030246
-0.964
0.141837429111531
0.753223062381853
0.799964083175803
0.141
0.0799640831758034
0.235385633270321
0.500741020793951
-0.614132325141777
-0.140258979206049
0.613
-0.194710775047259
-0.357066162570889
0.673867674858223
0.242415879017013
0.261964083175803
-0.566650283553875
0.333
-0.35
0.114
0.528
0.441
-0.028
-0.934
-0.099
0.043
0.512
-0.049
0.337
-0.48
0.897
0.01
0.404
0.98
-0.132
0.079
0.958
0.314
0.213
0.323
0.427
-0.974
0.031
-0.721
0.688
0.122
-0.164
0.925
-0.376
0.736
0.025
-0.992
0.589
0.856
0.366
-0.405
-0.765
0.829
0.088
-0.902
0.756
-0.64
-0.789
-0.965
0.01
-0.397
0.458
-0.252
-0.024
-0.658
0.493
0.384
-0.88
0.327
0.686
0.501
-0.591
-0.307
-0.623
0.779
-0.794
0.587
-0.674
0.6
0.495
0.888
0.42
0.547
-0.386
-0.728
-0.157
-0.872
-0.774
0.114
0.566
0.067
0.815
-0.005
0.269
0.085
0.664
-0.912
-0.052
-0.719
-0.757
0.64
0.887
-0.738
-0.831
0.864
-0.815
0.542
0.452
0.308
0.891
-0.831
-0.967
-0.39
-0.46
0.121
0.182
0.91
-0.867
-0.297
0.499
0.364
0.157
0.005
0.76
-0.381
0.686
0.413
0.423
0.291
-0.885
-0.882
-0.361
-0.955
0.357
0.854
-0.999
0.157
0.377
-0.25
-0.913
0.301
-0.325
-0.083
0.223
0.397
0.033
0.205
-0.545
-0.852
0.902
0.753
