-1.44859924385625
-1.63616257088857
0.500500945179586
0.1073761814745
-1.0597372400756
-0.889281663516047
0.562727788279802
-0.448720226843096
-0.575604914933819
0.12723629489604
0.293574669187151
-0.333113421550094
-1.25943478260873
0.204659735349727
-0.219098298676742
0.139958412098303
-0.9940831758034
-1.41227977315691
-0.616567107750463
-1.37875614366716
-1.21108128544419
-0.719168241965968
0.00878638941398824
0.148321361058604
-1.07411909262759
-0.40101701323251
-0.806389413988653
-1.03506427221172
0.102393194707
-0.682340264650276
-0.0767712665406416
-0.591221172022682
-0.290519848771262
-1.04975992438562
-0.891332703213602
-0.0216313799621921
-0.935431001890355
-1.25660869565217
-0.922257088846879
-0.301315689981092
0.160502835538758
0.389132325141776
-0.194351606805291
-1.11245368620036
0.340054820415884
0.126795841209834
-0.451894139886577
-1.26568241965975
0.629926275992443
-0.461137996219282
-1.13270699432891
0.128136105860115
0.323642722117207
-1.05516635160683
-0.136075614366729
-1.18500756143666
-0.48568620037807
0.370083175803405
0.247130434782611
-0.190383742911153
-0.862720226843099
-0.0260264650283555
0.401155009451796
-0.613964083175803
-0.978884688090736
-0.410155009451793
-0.918302457466917
0.776147448015122
0.156483931947071
0.544916824196598
0.00355576559546277
-1.00832325141777
0.450903591682423
0.569909262759925
-0.615345935727787
-0.906506616257089
0.51440831758034
-0.0810831758034027
-1.18133648393195
-0.6546011342155
-0.943506616257089
-0.610650283553875
-0.57
-0.049945179584121
-0.417362948960302
0.923582230623819
0.0515274102079395
0.10107561436673
0.349020793950851
-0.576362948960302
-0.285
-0.33345179584121
-0.236780718336484
0.388637051039698
-0.184814744801512
-0.745
-0.592835538752363
-0.479253308128544
-0.905308128544423
-0.10092438563327
0.373493383742911
0.00163705103969754
-0.245
-0.829979206049149
0.455911153119093
0.861856332703214
0.911637051039698
-0.975945179584121
0.607911153119093
-0.249890359168242
-0.640814744801512
0.584
0.616637051039698
-0.151671077504726
-0.0219792060491493
0.941637051039698
-0.172
-0.392472589792061
-0.894671077504726
-0.703506616257089
0.876637051039698
0.180527410207939
-0.451890359168242
-0.118814744801512
0.043
-0.391308128544423
0.418911153119093
-0.71945179584121
-0.069
-0.75745179584121
0.938219281663516
0.139637051039698
0.0264933837429112
0.124637051039698
0.272
0.0571644612476371
0.644746691871456
-0.758506616257089
0.478020793950851
-0.29345179584121
-1.00323251417769
0.027
0.495
-0.394
-0.945
0.131
0.057
0.913
-0.597
-0.118
0.427
0.801
-0.587
0.793
0.029
-0.8
-0.546
0.862
0.135
-0.149
-0.558
0.623
0.094
0.362
-0.191
0.228
-0.451
-0.509
0.581
0.926
-0.705
-0.423
0.12
0.395
-0.706
-0.149
0.686
0.943
-0.162
0.912
0.554
0.512
0.887
-0.952
-0.176
-0.86
-0.271
0.242
-0.903
0.071
-0.394
0.786
0.114
-0.364
-0.727
-0.614
0.933
-0.868
0.796
-0.174
-0.419
-0.434
-0.669
-0.523
-0.413
-0.15
-0.319
0.018
0.498
-0.822
-0.486
-0.49
0.023
0.223
0.296
-0.07
0.736
0.045
-0.462
-0.332
-0.502
0.307
-0.607
-0.49
0.32
-0.492
0.463
-0.516
0.121
0.907
-0.082
0.553
-0.853
-0.989
0.33
-0.012
0.181
0.41
0.461
0.974
0.459
0.711
0.743
0.919
-0.443
-0.905
-0.238
0.891
0.34
0.343
-0.35
-0.113
0.594
0.128
-0.672
0.274
-0.828
0.821
0.157
-0.922
0.386
-0.803
0.896
0.59
0.259
-0.04
-0.637
0.012
0.892
-0.693
0.748
-0.674
0.584
-0.437
0.208
-0.213
0.563
-0.527
0.952
0.224
