-0.917960302457451
-0.646485822306215
0.0516370510396975
-0.55854442344043
-0.97797731568995
-1.17363327032143
-0.593251417769345
-0.782886578449902
-0.650412098298654
-0.318153119092615
-0.899850661625708
-0.764049149338367
-0.790472589792048
-0.658892249527403
-0.0716994328922433
0.11533837429112
-1.47102079395084
-0.101848771266541
-0.856153119092615
-1.22911909262747
-1.2700491493383
-0.396727788279772
-1.06701323251416
-0.506572778827971
-1.08772778827977
-1.35564461247632
-0.0355028355387497
-1.41132892249519
-0.730674858223049
0.18538185255199
-0.708221172022679
-0.937724007561431
-1.01554253308129
-0.544030245746688
-0.0240699432892238
-0.71303969754253
-0.921551984877122
0.0481266540642761
-0.199147448015119
-0.831835538752355
-1.23191682419658
-0.219880907372399
-0.00445179584120689
-0.405096408317582
-0.310270321361056
-0.0582948960302462
-0.240871455576558
0.353236294896038
0.522470699432898
0.547030245746699
-0.509238185255195
-0.75696219281663
-0.587718336483927
-1.17654820415878
0.197213610586017
-1.08644990548204
-0.311514177693758
0.417795841209832
-0.421194706994327
0.684850661625713
0.118903591682423
-0.899368620037805
0.498300567107754
0.310654064272214
-0.371746691871453
0.180068052930058
-0.416803402646501
-0.991298676748579
0.21342155009452
-0.350207939508507
-0.0255463137996215
-0.915705103969752
-0.885688090737239
-1.022427221172
-0.774667296786389
-0.666952741020792
-1.12626275992438
-0.0744877126654064
-1.27947826086957
-0.399525519848771
-0.458873345935728
0.30260491493384
-0.897410207939507
-0.109045368620037
-0.241107750472589
-0.947005671077504
0.825325141776938
-0.458614366729676
0.514899810964084
0.111529300567108
0.827680529300568
-0.357833648393194
0.0789073724007564
0.342790170132325
0.194763705103971
0.588474480151232
0.811536862003783
0.663155009451798
-0.584389413988656
0.523311909262762
-0.145272211720226
0.23572211720227
-0.468463137996219
0.0172911153119093
-0.428841209829866
-0.577519848771267
-0.423313799621929
-0.507635160680528
0.525758034026467
-0.070671077504726
-0.796253308128543
0.760137996219284
0.676480151228733
0.74628922495274
0.26045368620038
0.946733459357279
-0.772279773156899
-0.266
-0.143
-0.223
0.721
-0.859
-0.501
-0.831
-0.108
-0.431
0.149
-0.186
-0.186
-0.288
-0.349
-0.788
-0.329
-0.645
0.999
0.32
-0.246
-0.014
-0.632
-0.622
0.472
0.383
-0.078
-0.327
-0.028
-0.88
0.012
0.395
-0.886
0.351
0.391
0.173
-0.037
0.674
0.937
-0.223
-0.156
-0.542
-0.75
-0.953
0.298
0.809
0.745
-0.018
-0.717
0.995
0.125
0.347
0.803
0.999
0.214
0.279
-0.635
-0.521
0.305
-0.663
0.219
0.826
0.196
-0.228
0.557
0.754
-0.301
0.462
0.32
0.477
0.248
-0.003
-0.582
0.222
-0.524
-0.705
-0.264
-0.68
0.08
0.663
0.638
0.939
-0.611
-0.023
-0.006
0.665
0.592
-0.885
-0.863
-0.889
-0.193
-0.516
-0.631
0.599
0.558
0.018
0.262
0.477
-0.51
0.544
0.109
-0.717
0.662
-0.195
-0.253
-0.872
-0.072
-0.42
0.523
-0.082
-0.457
-0.955
0.399
0.641
-0.302
0.279
0.436
-0.781
0.778
0.892
-0.839
-0.416
0.324
0.208
-0.33
-0.236
-0.372
-0.182
0.664
0.457
0.033
0.258
0.829
0.535
-0.446
0.355
-0.723
0.583
-0.77
-0.134
-0.264
0.011
-0.409
0.219
0.568
-0.238
0.084
-0.273
-0.1
-0.721
0.581
0.042
0.699
-0.402
0.382
-0.476
-0.042
-0.547
-0.865
0.982
0.5
-0.89
-0.084
-0.935
