-1.57975614366719
-1.51378260869575
0.737213610586013
-0.712784499054805
0.542119092627621
-0.577024574669171
0.282981096408328
0.223054820415872
-1.48595463137991
-0.598022684310015
0.147353497164466
-1.306370510397
-0.322771266540633
-0.122720226843097
-0.639455576559538
-0.907482041587892
-0.426610586011344
-1.31029678638936
-0.163810964083171
-0.0833667296786395
-0.662234404536858
-0.970052930056703
0.18394706994329
-0.0049697542533064
-0.649353497164455
-0.129304347826084
0.10338752362949
-1.19450661625706
-1.16132514177691
-0.777434782608688
-0.0638998109640814
0.168177693761818
-1.03114177693761
-1.09631379962192
0.0612741020793987
-0.694332703213603
-1.28568809073722
0.152332703213614
-0.812720226843095
-1.23923062381852
-0.75383364839319
-0.142478260869566
-1.27435160680528
-0.545686200378066
-0.201334593572775
0.243232514177696
-1.24442155009451
-0.682128544423439
-0.928332703213608
-0.404765595463137
0.558604914933843
0.483986767485824
0.200141776937625
0.219362948960305
0.55018903591683
0.663398865784501
-0.759693761814741
-0.998892249527409
-1.04547258979205
-1.18260113421549
0.363483931947073
-0.0518128544423445
0.388160680529302
-0.0194839319470697
0.164837429111535
0.427608695652177
-1.05883742911152
-0.248669187145554
0.258349716446125
-1.12665217391304
-0.690374291115308
0.427200378071838
0.240136105860115
0.185478260869566
-0.373538752362948
0.113514177693764
-0.647969754253307
-0.150328922495273
-0.818340264650282
-0.170051039697542
0.160431001890358
-0.42767674858223
0.560803402646504
0.256618147448016
-0.0993270321361057
0.540960302457469
-0.54903213610586
-0.245361058601135
-0.778882797731568
0.540124763705105
-0.78671833648393
0.595947069943289
0.302720226843101
-0.503047258979205
-0.469026465028355
0.237015122873347
0.611610586011342
-0.198629489603024
0.14764461247637
0.408863894139888
0.556268431001891
0.26369943289225
0.325589792060494
-0.672190926275992
-0.510705103969753
-0.895533081285443
-0.731574669187144
0.949446124763706
-0.25639697542533
-0.44092438563327
0.488589792060492
0.301733459357278
-0.842177693761814
0.22660302457467
-0.291519848771266
-0.118102079395085
0.624096408317581
-0.595827977315689
-0.670684310018903
0.882383742911153
0.0999319470699436
0.273007561436673
-0.435759924385633
0.927109640831758
0.807986767485822
-0.270725897920604
-0.60094517958412
-0.0753969754253308
-0.187177693761814
0.40315122873346
0.71409640831758
0.613041587901702
0.891480151228734
-0.179
0.362
-0.901
0.268
0.276
-0.184
-0.184
0.298
-0.455
-0.929
0.68
-0.923
-0.08
0.492
-0.897
0.788
0.659
0.645
0.214
-0.528
0.287
-0.676
-0.695
-0.285
0.424
-0.467
0.768
0.747
0.357
0.156
0.331
-0.164
0.885
0.406
0.35
0.875
-0.366
0.637
-0.633
0.616
0.536
-0.41
-0.43
0.227
-0.103
0.851
-0.095
0.242
-0.704
0.147
0.167
0.778
-0.482
0.158
-0.37
-0.503
0.056
0.383
0.844
-0.258
0.048
0.068
0.941
0.389
-0.26
-0.156
-0.808
0.514
-0.859
-0.773
0.153
-0.978
0.277
0.598
-0.065
-0.303
0.753
0.078
0.818
0.573
0.628
-0.474
0.45
-0.791
0.988
0.553
-0.683
-0.274
-0.225
-0.147
-0.181
0.251
0.792
0.625
-0.432
-0.533
-0.352
0.181
-0.514
-0.947
0.658
0.391
0.1
-0.931
0.994
0.144
-0.5
-0.08
-0.777
0.932
-0.257
0.977
0.564
-0.729
0.113
-0.479
0.618
0.732
0.4
0.187
-0.474
0.466
-0.262
0.288
0.408
0.901
-0.771
0.651
0.029
-0.532
-0.951
-0.428
-0.409
0.765
0.915
-0.763
0.425
0.381
-0.786
-0.156
0.052
0.397
-0.497
-0.157
-0.891
-0.159
0.686
