-3.23976937618066
-1.15360869565214
-0.99675992438563
0.361557655954814
-0.249601134215242
-1.61253497164474
1.50988090737248
-0.0900453686200553
-1.79340075614242
-1.6381928166351
-1.19283364839317
-0.0749640831757628
0.0604177693762946
0.144130434782637
-1.22266162570878
-0.499568998109546
-1.56464839319457
-2.55584310018884
-2.75840831757981
0.173659735349717
0.498733459357291
0.260032136105871
1.40603213610604
-0.942376181474463
-1.18513988657811
0.546982986767542
-0.767527410207898
-1.71953875236293
-1.06723818525508
-0.79769943289232
-1.06420793950844
-0.103073724007534
-1.17387145557649
-2.09712476370534
-0.149926275992588
2.81860302457448
-1.58244234404512
-0.599502835538633
0.656404536862056
-0.989909262759819
-0.37870699432893
0.428202268431052
-0.487529300567132
-1.14955576559559
-0.370529300567031
-1.08846502835541
-0.877436672967884
-0.226843100189005
-0.695395085066119
-1.38378071833623
0.677279773156972
0.845137996219278
0.91415879017015
0.381035916824266
-0.686729678638825
-0.845319470699395
-0.294990548204111
-0.0364801512286582
0.311765595463191
-0.235202268430942
0.58504914933836
0.264809073724071
-0.365434782608708
-0.956003780718263
0.517697542533176
-1.4267164461245
0.809209829867752
-0.321245746691842
-0.186149338374275
0.0357126654064567
1.0053686200379
-1.07767674858219
0.418659735349785
-0.0398204158789885
-0.248255198487709
-2.02587712665396
-0.0610396975425099
0.207234404536906
-0.439576559546239
1.3069168241966
0.573285444234467
1.13600945179623
-0.240644612476367
-0.120185255198411
0.51929489603033
1.60099621928132
-0.00594517958404513
-0.540729678638908
0.467204158790219
0.916510396976007
0.301684310018997
0.587308128544474
0.40725708884691
2.38824385633265
-1.70870132325137
0.484555765595543
-0.0528260869564927
0.0856219281663898
-0.309975425330778
0.460251417769425
1.4562948960298
-0.607703213610551
-0.689559546313774
0.490536862003821
0.729943289225007
-0.216215500945104
1.67695085066187
-0.951975425330751
-0.333429111531182
0.660035916824227
1.44398109640848
-0.730540642722043
0.188485822306332
0.367325141776983
-0.00508506616255124
1.40414366729706
-0.121727788279773
0.0194007561436935
0.187217391304388
1.07685444234426
4.08059168242077
6.46525141776957
2.13871644612464
1.40490170132294
2.7547674858224
1.8055841209833
1.10155009451757
0.102667296786392
0.157066162570891
-0.34150661625711
0.473491493383789
-0.0455822306238175
0.0701398865784527
-0.944778827977304
1.67292816635183
0.314204158790182
-1.09078260869565
0.672882797731589
0.75898487712668
0.67779962192818
-1.33209829867671
1.29049338374283
-0.775880907372412
0.126166351606811
1.75324763705115
0.196213610586018
0.7470661625709
-0.98889603024576
2.29733837429116
2.05539697542536
0.259347826086953
0.393274102079389
-0.587
-0.476204158790171
-0.799034026465029
0.417319470699431
0.935
-0.784442344045369
0.446489603024573
-1.07044234404538
-0.366442344045369
0.164965973534975
0.872
-0.413
0.807
0.55
0.359
0.293
0.683
-0.627
0.303
0.169
-0.311
0.008
0.684
-0.123
-0.68
-0.409
-0.975
-0.725
-0.537
0.874
-0.44
0.527
0.211
0.764
0.039
-0.647
0.418
0.723
0.831
-0.726
-0.423
0.422
-0.374
0.156
0.177
0.483
-0.61
0.241
-0.866
0.869
-0.628
0.275
0.741
-0.714
0.209
0.405
-0.112
0.332
0.257
0.343
-0.706
0.292
0.57
-0.137
-0.387
-0.655
0.375
-0.958
-0.489
0.005
0.874
0.959
-0.458
0.029
-0.409
0.266
-0.619
-0.473
0.7
-0.163
-0.8
-0.217
-0.86
-0.406
0.501
0.285
0.786
-0.075
-0.445
0.634
0.465
-0.914
-0.534
-0.513
0.979
0.285
0.852
0.763
-0.457
-0.169
-0.893
-0.653
-0.271
0.128
0.994
-0.588
-0.268
-0.289
0.695
0.943
0.024
-0.64
0.631
-0.581
0.143
0.511
0.151
-0.025
0.361
0.327
-0.441
-0.55
0.487
-0.123
0.54
0.787
0.493
-0.945
