-1.88286578449893
-0.976032136105842
-0.554088846880906
-0.574665406427202
0.0564404536862044
-1.03726086956521
0.770221172022712
-0.170608695652178
-0.769279773156883
-0.8213270321361
0.132079395085078
-1.69584120982994
-1.06351417769375
0.202935727788284
0.103797731569011
-0.0360907372400728
-1.52728355387526
-1.52075803402642
0.414782608695658
-0.313285444234395
-0.590801512287333
-0.38041398865784
0.00384120982987255
-0.94710018903591
-0.506688090737236
-0.0428846880907354
-0.768351606805284
0.139856332703221
-0.264786389413987
-0.754066162570883
-0.487056710775042
-0.732425330812847
-0.986739130434774
0.33878449905483
-0.153440453686199
-1.24836483931948
-0.912071833648387
-0.988361058601127
-0.833145557655951
-0.727786389413981
-0.246659735349714
-0.310068052930051
-0.64686200378071
0.518610586011349
-0.94902646502835
-0.688395085066159
-0.553224952741016
-0.347143667296783
-0.788780718336478
-0.579417769376179
-1.33084688090738
0.546981096408323
0.728300567107755
-0.143321361058598
0.221396975425335
0.116586011342158
-0.351801512287332
-1.58997542533077
-0.923364839319468
0.187172022684313
-1.03172400756143
-0.97785822306238
0.567712665406427
0.631289224952743
0.0579792060491495
-0.375153119092625
0.623073724007563
-0.621162570888466
-1.11059735349717
0.116285444234408
-0.677421550094517
0.628792060491494
0.244279773156903
0.237032136105863
0.453223062381854
0.485752362948962
0.678073724007565
-1.00017391304348
-0.9986011342155
-0.929406427221172
-0.452797731568997
0.142591682419661
0.110529300567109
-0.0336672967863896
-0.0206275992438564
0.52687145557656
-0.298627599243856
0.0171682419659734
-0.756431001890359
-1.0195538752363
0.264589792060491
-0.103814744801512
-0.944958412098298
0.102973534971645
-0.502773156899811
0.205206049149339
0.591028355387524
0.156158790170133
-0.508177693761814
0.540965973534972
-0.196629489603024
-0.484102079395085
0.311657844990549
0.146446124763705
-0.764
-0.792814744801512
-0.610869565217391
-0.465725897920604
0.506897920604915
-0.987
0.619986767485822
-0.282629489603024
0.962500945179584
-0.98645179584121
-0.23290359168242
-0.229190926275992
-0.0180264650283554
-0.287561436672968
-0.179896030245747
0.70354820415879
0.978767485822306
-0.345
-0.817
-0.928
0.992
0.527
0.716
-0.681
-0.118
-0.632
-0.929
-0.333
0.646
-0.49
0.409
-0.861
0.916
0.999
-0.127
-0.147
0.185
-0.745
0.627
-0.752
-0.624
-0.449
-0.09
-0.951
-0.649
0.724
-0.791
-0.095
-0.664
-0.208
0.556
-0.829
-0.643
0.251
0.187
-0.292
-0.498
-0.919
0.656
0.163
0.942
-0.03
0.094
0.486
-0.387
-0.353
-0.114
0.017
0.846
-0.988
-0.473
0.737
0.028
0.935
0.695
0.441
-0.384
0.666
0.967
0.157
-0.841
0.165
-0.67
-0.147
-0.046
0.238
0.781
-0.335
-0.188
-0.835
-0.65
0.104
-0.402
-0.537
-0.694
0.405
0.456
0.424
0.435
0.703
-0.162
0.192
0.059
-0.677
-0.736
0.818
0.143
-0.578
0.555
0.745
-0.909
-0.164
-0.887
-0.502
0.003
-0.224
-0.361
-0.759
-0.468
0.375
-0.135
-0.779
-0.796
0.68
0.661
0.423
0.138
-0.436
0.628
-0.711
0.985
0.192
-0.77
-0.736
-0.681
-0.034
-0.894
-0.993
-0.412
0.135
-0.905
0.359
0.109
0.066
-0.927
0.514
-0.01
-0.9
0.46
0.529
-0.235
0.214
-0.109
-0.941
-0.163
-0.383
-0.013
0.378
-0.339
-0.159
-0.32
-0.422
-0.207
0.265
0.76
-0.102
-0.395
0.849
-0.822
-0.963
-0.33
-0.368
0.652
0.396
0.28
0.506
