-1.98031758687153
-0.959005674930638
-0.978092628711153
-2.10985066208522
-1.09234593499302
-0.338678640611873
-0.0499432932897309
-0.601735348559499
-0.298168247143022
-1.26039320048834
-0.691848771842422
-0.771620036179519
-1.003735349642
-0.809294893213661
-0.094037802282035
-0.167319473220803
-0.17484687877914
-0.0564480164052202
-0.0286049105960051
-0.399744796626956
-0.465967860246811
-0.411493379499142
-0.191096404982471
-0.850336483821464
-0.77821172603733
-0.267160678859029
-0.361115316003286
-0.545875238429302
-0.0681001912406026
-0.360372397467562
-0.435224950164208
-0.754327031458686
-0.417224954358994
-0.424948956084477
0.0346332709080506
0.36420983554332
0.10043289385893
-0.286480148566352
-0.193574668022731
-0.142684308933851
0.356527414492257
-0.0386483880045931
-0.00281662927750858
-0.0615217390930513
-0.11267296814736
-0.102642722654608
-0.52183742727537
-0.188557654790653
0.135480150672163
-0.566618145961578
-0.0573062412450419
-0.124132326555486
-0.0725387532163158
0.0898960291515977
0.111793943210889
0.0571134262345977
-0.026415878162757
0.0853818486895521
-0.135892247597519
0.077933839944662
-0.318206049437938
-0.072837429954469
0.539088844327962
0.0954272233419672
-0.0615104002471594
0.229302459637025
0.0382797740287049
-0.131196594395699
0.0401928174978431
0.0749754298829209
-0.0482344076860954
-0.251788277293242
-0.137542533099479
0.196349719157329
-0.110911152288076
0.129911147520331
0.157249528195606
0.27500945074183
0.360485819670794
0.190160672270025
0.0379943238022791
0.708302451096412
0.102096405782014
0.0229432864342689
8.30884309760257
1.0578506631564
1.05397920576564
0.605489603010651
0.425631384330605
0.142548212688964
0.226306232698641
0.520714554893086
0.136975422821915
0.528396971430178
0.127412097378446
0.179499055273609
-0.0345973553703794
0.0193837428351154
0.204990548287214
0.0267863862866472
-0.263512283373335
0.342345937394531
0.140483929785419
0.0794083196120022
-0.00359924649289897
-0.667293013142745
0.106085068957562
-0.505183360284434
0.237189035435805
-0.88281474661473
0.0269905576526515
0.541722115618573
0.259056711128613
0.0192608693095861
-0.0683856349449485
0.491355386759552
-0.922665408954069
0.131686203774507
0.371831760311371
0.913192820409059
0.419691872244402
-0.524534972418552
-0.214775053550393
-0.0901228670981382
-0.224069946946184
-0.707181470387253
0.335756142481401
0.144693762145799
0.441189036096409
0.442340258714461
-0.224015126613416
-0.301224949738938
-0.890243856503805
0.218096409446416
0.882737247339597
-0.151429110045982
-0.991546314977049
0.019041587836916
0.177298680157645
-0.180810968089442
0.377899804607176
-0.494854443863745
0.515362948323674
-1.08499244234214
-0.0060869587878981
0.671824192117145
-0.535270323215948
-0.0272759931343238
-0.603130435468499
0.634827975352339
0.722391303443635
0.523177691533696
-0.505
-0.32573534983475
0.0387107750275409
0.0732155005508213
-0.753
0.415240075358031
-0.189338374586885
0.392240075358031
0.140240075358029
0.224710775027543
-0.715
0.675
-0.445
0.543
0.29
-0.434
0.299
-0.255
0.569
0.102
0.899
-0.913
-0.62
-0.195
-0.69
0.605
0.105
-0.807
0.72
-0.614
-0.569
-0.94
0.981
-0.211
-0.682
0.999
-0.72
-0.522
-0.337
-0.31
-0.723
0.798
-0.559
-0.923
-0.667
0.737
0.485
0.576
-0.586
-0.819
0.899
-0.96
-0.663
-0.198
-0.991
-0.593
-0.746
-0.774
-0.372
-0.358
-0.778
-0.484
0.584
-0.334
-0.213
-0.776
0.693
0.765
0.225
0.29
-0.714
-0.179
-0.919
-0.122
-0.176
-0.899
0.646
-0.698
-0.529
-0.428
-0.881
0.528
0.778
0.539
-0.514
-0.61
0.723
0.179
-0.22
0.91
0.745
-0.947
0.849
-0.979
-0.533
0.761
-0.787
0.774
0.29
-0.892
-0.957
0.719
-0.649
0.124
0.895
0.078
0.959
0.458
0.977
0.908
-0.239
0.951
0.754
-0.945
-0.478
-0.306
-0.263
-0.955
-0.82
-0.603
-0.499
-0.486
-0.015
0.314
0.544
-0.768
-0.028
-0.941
