-1.25446880907367
-0.985848771266519
-0.785
-0.249003780718321
0.00146124763705039
-0.769003780718314
-0.0845387523629498
-0.408814744801513
-0.443419659735335
-0.921703213610575
-0.592637051039692
-1.22807183364834
-0.069381852551975
-1.58361814744799
-0.0447826086956429
0.0790775047259015
-0.331396975425327
-0.0631379962192801
-0.121279773156898
-0.307816635160674
0.0149413988657815
0.0160472589792085
-0.167425330812849
-0.800245746691872
-1.55682986767479
-1.58820226843095
-1.09927410207939
0.0621304347826099
-0.642737240075607
-1.15422873345934
-0.479517958412096
-1.00396219281662
-1.61961058601133
-1.24484877126651
-0.308194706994326
-1.30868241965975
-0.877440453686193
-0.640058601134212
-0.118088846880906
-0.187801512287335
-0.18377504725898
-0.163304347826085
-0.455034026465025
-0.984266540642717
-0.271610586011337
-1.32990926275992
-1.18922684310019
-0.722086956521737
-0.609022684310014
-1.04006805293006
-1.09119470699432
-0.134931947069944
-1.22482419659737
0.224761814744804
-1.03642533081284
0.447765595463139
0.435302457466923
-0.277759924385632
0.484102079395087
-0.217102079395084
-0.315342155009451
-0.172661625708883
-0.770858223062379
0.361510396975427
0.219440453686203
-0.912398865784497
-0.163336483931946
0.325695652173915
-0.339277882797731
0.140026465028357
-0.0387561436672959
-0.816102079395084
-0.994198487712666
-0.847939508506614
-1.09668620037807
-1.18239508506617
-0.281754253308129
-0.487034026465027
0.453824196597354
0.506538752362949
0.332120982986767
0.385100189035917
0.000548204158790179
0.123646502835539
0.865132325141777
0.729610586011342
-0.646395085066162
-0.54191493383743
-0.780729678638941
0.37536483931947
-0.503436672967865
0.432928166351606
0.410283553875236
-0.468094517958413
-0.527996219281662
-0.94075236294896
0.242187145557655
0.202776937618148
0.21264461247637
-0.222160680529301
0.0729754253308127
-0.0159224952741021
-0.963204158790169
0.348722117202268
-0.204998109640832
0.792432892249528
0.301610586011342
0.780487712665406
0.313359168241966
-0.975540642722117
-0.168873345935728
-0.046
0.14974102079395
0.731289224952741
0.479077504725898
0.38509640831758
-0.840088846880907
0.177801512287335
0.725111531190926
0.682591682419659
-0.935245746691872
-0.550060491493384
0.114877126654064
0.230482041587902
-0.202
0.774534971644612
-0.109710775047259
0.603385633270321
0.749
-1.06661436672968
-0.206245746691871
0.60709640831758
0.460947069943289
-0.14490359168242
-0.256
-0.588684310018904
0.421973534971645
0.484947069943289
-0.715833648393195
-0.974614366729679
-0.67886011342155
-0.399
0.139
-0.706
-0.512
0.603
-0.637
0.722
0.023
0.206
0.931
-0.861
0.515
0.461
-0.183
-0.316
0.933
-0.241
-0.342
0.063
-0.105
0.659
-0.918
0.414
0.217
0.327
0.425
-0.678
0.044
0.123
0.947
-0.387
-0.173
0.694
0.352
0.493
0.353
-0.164
-0.163
0.194
0.437
0.225
-0.345
-0.458
-0.923
-0.316
-0.889
-0.933
-0.944
-0.94
-0.499
-0.304
-0.105
0.292
0.206
-0.232
-0.482
0.724
0.076
0.16
-0.823
-0.959
-0.323
0.899
0.258
0.317
0.312
0.82
-0.891
0.323
0.33
0.096
0.922
0.463
0.626
0.67
0.003
0.54
0.337
-0.467
0.216
0.358
-0.735
-0.017
-0.378
0.251
0.718
0.534
-0.512
-0.417
-0.026
0.628
0.759
0.676
0.017
0.395
-0.453
-0.244
0.283
-0.241
0.371
-0.709
0.957
-0.268
-0.271
0.404
-0.226
0.431
0.666
0.536
0.765
-0.022
-0.613
-0.457
0.944
-0.181
0.775
0.693
0.277
-0.993
0.599
0.777
0.332
0.526
-0.651
0.702
0.337
-0.755
-0.554
-0.77
0.122
-0.754
-0.744
-0.423
0.161
-0.075
0.4
0.533
-0.746
0.217
