-2.81856710774743
-0.0842173913042812
-0.590553875236288
-1.64975803402576
-0.248370510396932
-1.13350850661598
-1.01908506616259
-0.369221172022737
-0.201536862003726
-0.81234215500946
0.00423440453684876
-0.125058601134201
-0.0108298676748613
-0.10607939508508
-0.114570888468844
-0.0671115311909537
-0.21818336483935
0.225451795841168
0.0494480151228407
0.12775047258979
0.18567485822303
0.0319678638939484
-0.426905482041684
-0.138890359168323
-0.0674782608695777
0.0260189035916985
-0.210945179584191
-0.0985557655954613
0.0600718336484287
-0.123542533081312
-0.238351606805336
0.191007561436678
0.195391304347805
-0.105788279773214
-0.262727788279807
-0.067971644612513
-0.050852551984883
-0.126907372400771
-0.202291115311972
0.114056710775044
0.168415879017005
-0.172194706994395
6.9062835538754
-0.335803402646566
0.0175009451795568
0.0101153119092488
-0.00156143667298694
-0.182860113421575
0.0733289224952722
-0.255674858223102
0.187754253308105
0.184160680529291
-0.211589792060537
0.329529300567099
0.0593213610585997
0.147574669187156
0.0156559546313651
-0.0849338374290883
0.0292514177693779
-0.0603610586011505
0.0320132325141849
-0.0486559546313814
-0.0545841209829979
0.193744801512284
-0.052306238185265
-0.0833308128544141
-0.116345935727816
0.321274102079404
0.106026465028356
0.0270699432892162
0.0206030245747272
0.0660415879017017
0.205625708884678
-0.206385633270305
-0.150833648393217
-0.0320718336483759
0.148786389413989
-0.0821776937618176
0.202776937618171
-0.126270321361073
0.0913799621928147
-0.0280850661625858
0.300705103969766
-0.482930056710794
0.134355387523644
-0.255688090737222
-0.277459357277888
-0.14364461247638
-0.195355387523631
0.0268431001890325
0.508054820415875
0.158790170132323
-0.0872155009451605
-0.110793950850649
0.107981096408335
-0.149185255198481
0.252899810964097
-0.0544744801512261
-0.265593572778837
0.0686408317580366
0.341434782608697
0.196540642722121
0.174669187145552
-0.157009451795838
-0.126994328922491
-0.106130434782603
0.0409168241966019
-0.482519848771277
0.164200378071851
0.0308468809073729
-0.018752362948959
-0.0397448015122704
0.325183364839318
0.161665406427223
-0.117241965973525
-0.313720226843106
0.204986767485822
0.0133572778828032
-0.0989829867674836
0.0332495274102077
-0.295474480151232
0.360419659735334
-0.111442344045365
-0.253047258979205
-0.465862003780708
-0.574914933837446
-0.897364839319452
1.51201701323246
0.718187145557665
0.300336483931946
-0.423440453686205
-0.77216446124764
0.435251417769363
0.227236294896031
-0.450274102079398
0.127353497164459
-0.230637051039698
0.454824196597358
0.275862003780718
-0.260986767485823
-0.341028355387524
0.0221682419659744
-0.373534971644612
0.128657844990547
-0.707294896030241
0.0330945179584125
-0.130948960302457
-0.406253308128545
0.720948960302459
-0.156748582230624
0.284769376181473
0.556595463137995
-0.896
0.635466918714555
0.565911153119094
0.140223062381851
-0.064
-0.515155009451795
-0.42933270321361
-0.293155009451795
0.503844990548205
0.613911153119094
-0.757
-0.104
-0.058
0.545
-0.838
0.666
0.153
-0.979
-0.37
-0.317
0.064
0.05
0.767
-0.528
0.078
-0.898
0.743
0.837
0.048
0.438
-0.975
-0.221
0.715
-0.542
-0.629
-0.816
0.028
0.013
0.843
0.69
-0.389
0.94
-0.374
0.252
-0.33
0.953
-0.552
-0.016
-0.179
0.315
0.444
0.836
-0.61
-0.317
-0.274
0.054
0.911
0.1
-0.797
-0.166
-0.167
-0.16
0.751
-0.842
0.596
0.463
0.181
-0.517
0.174
0.978
-0.363
-0.86
-0.822
-0.06
-0.928
0.124
-0.577
-0.486
0.802
0.125
0.654
-0.241
0.016
0.732
0.993
-0.812
-0.611
0.031
0.732
0.316
-0.727
0.928
-0.191
0.008
-0.144
0.771
-0.811
-0.533
0.656
0.206
-0.229
0.965
0.81
-0.158
-0.323
0.304
0.658
0.449
-0.389
0.602
-0.37
0.396
0.297
0.078
0.18
-0.926
0.823
-0.982
-0.835
0.408
0.074
-0.85
-0.249
0.857
0.704
-0.291
0.33
0.169
