-1.96090359168229
-0.548219281663501
-0.433903591682417
-1.36051039697558
0.530865784499082
-0.2085708884688
0.0533724007561531
-0.325310018903587
-0.405667296786379
-1.10954253308125
-1.31912287334598
-0.87310775047258
-1.38427599243865
-0.278432892249522
-0.215565217391301
0.366404536862007
-1.18554064272214
0.017640831758039
-0.780130434782598
-0.769536862003764
0.0462551984877139
0.0249413988657932
-0.941967863894131
-1.30349527410205
-0.937122873345929
-0.495485822306237
-1.06904914933835
-1.34481096408314
-0.801960302457458
-0.0673799621928136
-0.322287334593572
-0.818351606805287
-0.754984877126652
0.225049149338378
-0.402204158790163
0.348368620037813
0.303943289224955
-0.494697542533074
0.142432892249533
0.345863894139889
-0.23774480151228
-0.625122873345929
-0.825427221172017
0.42370699432893
-0.645510396975418
-0.97855198487712
-0.474336483931946
-0.421283553875232
0.322035916824201
-0.862432892249518
0.0204480151228772
0.481896030245751
-0.111143667296786
-0.972147448015119
0.00304536862003981
-0.539775047258974
-0.425249527410206
-0.724035916824195
0.475950850661626
-0.506311909262759
0.0971909262759936
-0.113631379962192
-0.152366729678638
-0.955962192816633
-0.0297485822306239
0.361705103969755
-0.9881606805293
-0.809230623818524
-0.832332703213605
0.190319470699435
-1.01509829867674
0.136189035916827
0.812298676748583
-0.27533270321361
0.409134215500946
-0.437790170132325
-0.0636200378071834
-0.63410586011342
0.278688090737239
-0.926489603024574
-1.00366351606805
0.109795841209831
-0.586979206049149
-0.699034026465027
0.916425330812854
0.231260869565218
0.437877126654065
-0.375047258979206
-0.414629489603025
-0.783088846880907
0.0755482041587902
0.240117202268431
0.342678638941399
0.0792741020793951
-0.462629489603025
0.985
0.922328922495274
-0.601506616257089
-0.175616257088847
0.106151228733459
-0.790013232514178
-0.284725897920605
-0.295
-0.736958412098299
-0.824177693761815
-0.926287334593573
0.967274102079395
-0.688890359168242
-0.426177693761815
-0.565780718336484
0.592370510396975
-0.785
0.0662741020793951
0.466657844990548
-0.437958412098299
-0.846725897920605
-0.331
-0.348945179584121
-0.779342155009452
0.876986767485822
-0.859725897920605
0.495054820415879
0.659219281663516
-0.974629489603025
-0.735
-0.128616257088847
0.907822306238185
-0.13890359168242
-0.731
0.55309640831758
-0.215561436672968
-0.356725897920605
0.652986767485822
-0.737725897920605
0.975
0.302328922495274
-0.556506616257089
-0.877013232514178
-0.898958412098299
0.83509640831758
0.253534971644613
0.139
-0.938
-0.83
-0.392
-0.13
-0.803
0.885
-0.497
-0.597
0.316
0.275
-0.826
-0.063
-0.019
-0.269
0.057
-0.345
-0.984
0.311
-0.836
0.092
-0.956
0.015
0.646
-0.032
-0.456
-0.197
0.502
0.272
0.705
-0.471
-0.467
-0.623
-0.387
0.006
0.433
0.492
0.441
0.395
-0.319
-0.963
-0.623
0.866
-0.744
0.517
-0.527
-0.268
0.286
0.244
-0.75
0.797
-0.877
-0.193
0.69
-0.812
0.095
0.047
-0.476
0.64
-0.675
0.394
-0.618
0.23
-0.302
-0.214
-0.259
0.796
-0.676
0.975
0.298
0.564
0.214
-0.379
-0.37
-0.873
-0.285
-0.822
-0.242
-0.872
-0.506
0.811
0.516
-0.742
0.021
0.908
-0.595
0.726
-0.313
-0.576
0.91
-0.615
-0.032
0.8
0.069
0.286
0.654
0.146
0.167
0.469
-0.225
-0.324
-0.592
0.311
0.946
-0.314
-0.418
0.502
-0.824
0.562
0.473
-0.084
-0.712
-0.605
0.145
-0.487
0.878
-0.876
-0.792
-0.211
-0.619
0.015
0.109
0.899
-0.936
-0.088
-0.405
0.413
0.551
0.344
-0.527
0.568
0.01
0.288
0.353
0.818
0.403
-0.796
-0.689
-0.666
