-0.380313799621751
-1.56501134215685
-0.911650283553874
-1.25620415879197
0.333432892249598
0.274625708884923
-0.973765595462895
-0.601750472589809
-1.07601134215353
-1.51981285444238
-1.24196030245761
-1.15225141776956
-1.31173156899911
-0.571848771266511
-0.782478260869425
-1.09704536862019
-1.37092438563349
-1.51140075614373
0.386232514177851
-0.458402646502893
-0.510444234404538
-0.56862570888461
-1.51977882797719
-1.65464272211692
-0.99528922495225
-0.946395085066124
-0.465805293005625
-0.298582230623777
-0.873608695652044
-0.3299395085066
-0.734139886578355
0.248143667296902
0.163215500945236
0.266247637051219
-0.954603024574605
-1.55083742911189
-1.28415500945152
0.069374291115369
-0.0950850661625366
-0.366979206049057
-0.53230434782609
-0.0822514177693293
0.346604914933931
-0.29976559546308
-0.325196597353454
1.26597164461261
0.0587523629489975
0.430351606805388
-0.088395085066113
0.245948960302541
-1.27773345935735
-1.16033648393179
-0.462113421550019
-1.24038374291084
-0.372480151228672
0.810240075614408
-0.0287466918713662
0.511896030245809
-0.725525519848746
-0.61058601134194
-0.603614366729558
-1.19503213610558
0.178285444234444
-1.17329300567093
-0.371739130434732
-1.33609451795872
0.16799243856338
-0.48865973534968
-0.458455576559464
-0.863075614366586
2.30189413988711
0.655164461247737
-1.01177882797727
-0.0941965973534523
0.997287334593683
0.697516068053038
-0.182298676748511
-0.573092627599184
1.0164347826086
-0.352052930056651
0.134266540642817
1.05138563327043
-0.833115311909211
-0.959822306238131
0.814051039697717
-0.03316068052925
-0.456094517958322
0.490500945179583
0.33863327032154
2.25400567107781
1.12766540642738
0.60801323251426
-0.896553875236281
1.27158979206098
-0.167429111531142
0.16839886578457
2.23048393194769
0.00950094517961158
-0.254113421550047
0.529746691871542
-0.286236294896027
-0.521113421550071
-0.277126654064239
1.81059735349714
-0.281897920604841
-0.638529300567011
2.15389981096386
0.0516880907373304
0.698474480151274
-0.1233988657845
0.0628998109640962
-0.113081285444204
1.33614366729707
2.15819092627616
-0.218387523629468
0.512714555765662
6.91969187145597
2.30256899811003
1.70872589792094
0.995542533081318
0.638903591682435
-0.21481285444236
0.860797731569011
0.831907372400769
0.280943289224956
0.34085633270326
0.553608695652193
-0.366126654064272
0.000926275992450594
-1.01846502835538
0.0955765595463106
1.11963705103971
-0.289206049149349
1.58829489603025
0.0532211720227056
-0.343674858223061
1.15785255198498
0.467818525519866
0.623060491493394
0.866041587901701
-1.00044234404535
0.609364839319462
-0.918330812854416
0.263071833648392
0.618272211720229
1.23974669187149
-0.677090737240077
-0.197049149338369
0.45169754253308
-0.0691398865784471
-0.0452438563327036
-0.446431001890361
0.089
0.520137996219282
0.906856332703211
0.600126654064273
-0.139
0.569132325141775
-0.440155009451798
0.267132325141775
0.191132325141775
-0.0201436672967863
0.357
-0.241
0.177
-0.216
-0.27
-0.022
-0.25
0.862
-0.182
0.579
-0.511
0.07
-0.057
0.444
0.108
0.092
0.397
0.216
-0.415
-0.989
0.598
0.984
0.453
-0.183
-0.718
-0.367
0.938
0.403
0.663
0.877
-0.059
0.234
-0.388
0.118
-0.681
0.497
0.957
-0.23
0.264
0.282
-0.991
0.55
0.507
0.474
-0.667
-0.982
-0.387
-0.531
-0.386
0.768
-0.749
0.435
-0.239
0.26
0.387
0.372
0.306
-0.64
-0.499
-0.903
0.04
0.346
-0.801
-0.059
-0.363
0.254
-0.543
0.824
0.124
0.611
0.135
-0.373
0.951
0.303
-0.999
-0.952
-0.523
0.978
-0.517
-0.737
-0.981
0.468
-0.211
0.894
0.625
0.506
-0.527
0.352
0.731
-0.054
-0.809
0.596
-0.732
0.167
-0.758
-0.338
0.35
-0.435
-0.163
0.078
0.561
-0.211
0.344
0.003
-0.368
0.624
0.483
0.458
0.258
0.339
-0.105
0.327
0.877
-0.763
-0.923
0.571
-0.443
-0.696
