-2.41891871561218
-0.881544424074237
0.486637051039698
-0.300540643271373
-0.413888468851311
-0.724759924934881
-0.202669187187787
-0.479969755394129
-1.05798676862677
-0.158277883938545
-0.871183364839318
-0.428771267808232
-0.216697543124634
-1.00379017101964
-1.25630623843864
0.360776937364613
-0.94915879017013
-0.0959149346402331
-0.638436673010097
0.108563326651887
-1.3664102081084
-0.452204159930987
0.14998865784499
-0.283822306238181
-0.974236294896027
-1.0158449905482
-1.22279017013227
-0.485068052930056
-1.25130434782607
-1.66918525519848
0.0342306238185284
-0.921525519848764
-0.878045368620032
0.0924725897920647
-0.151998109640832
-0.494410207939507
0.121291115311916
-0.877595463137994
-0.0212986767485818
-1.10869187145557
-0.905017013232509
0.224862003780718
-0.562300567107746
-0.858935727788275
-0.438805293005671
-0.223209829867674
-0.96665028355387
0.0204196597353513
0.495873345935733
0.205911153119093
-0.0865066162570879
-0.967355387523628
0.368062381852556
-0.787517958412099
-1.30432514177692
-0.405332703213609
-0.252705103969753
-1.02490926275992
-0.251217391304348
-1.16133081285445
-0.311098298676747
-1.08249527410208
-0.908304347826084
-0.592960302457465
0.757342155009451
0.600909262759927
0.055134215500944
0.827408317580341
-0.152886578449904
0.0948544423440462
0.542361058601137
-0.805550094517957
-0.75183742911153
-0.565716446124762
-0.209482041587899
-0.897510396975424
0.68665595463138
0.654427221172024
-1.00569754253308
0.201714555765596
-0.930102079395085
-0.717217391304347
-0.124608695652173
0.0971323251417781
-0.422998109640832
0.578618147448016
-0.306655954631379
0.833385633270322
0.470466918714556
-0.596854442344043
-1.00115689981096
0.436370510396976
0.303623818525522
0.260960302457467
0.250610586011343
-0.416149338374291
0.672809073724008
-0.427334593572778
-0.782156899810963
0.0986994328922505
0.876137996219282
-0.459937618147448
-0.164595463137994
-0.467655954631379
0.69326843100189
0.0398771266540643
0.840720226843101
0.0736654064272221
0.541474480151229
0.822391304347827
0.0271039697542534
0.229446124763705
-0.518739130434783
0.743137996219283
0.872741020793951
-0.516376181474479
0.157897920604914
0.0266994328922495
0.924083175803402
-0.647362948960302
0.0190964083175804
0.270897920604915
-0.551376181474479
-0.495540642722117
0.233952741020795
-0.762156899810964
0.043
0.108130434782609
0.229986767485823
-0.702122873345935
-0.49145179584121
0.264746691871456
0.495185255198488
-0.102088846880907
0.350568998109641
0.518020793950851
0.492691871455577
-0.69292438563327
0.419404536862004
0.575404536862004
0.754383742911154
0.616370510396975
-0.704362948960302
0.651328922495274
0.382185255198488
-0.242
-0.0458355387523629
0.54252741020794
0.38154820415879
-0.228759924385633
0.45
-0.353
-0.35
0.885
-0.911
-0.382
-0.902
-0.67
0.331
0.48
-0.988
-0.24
0.863
0.296
0.336
0.802
0.756
0.597
-0.589
-0.607
0.006
-0.135
0.621
-0.632
-0.406
0.398
-0.004
-0.19
0.127
-0.5
0.303
0.5
0.727
-0.537
-0.138
0.87
-0.381
0.622
-0.185
-0.25
0.428
0.166
-0.014
0.955
0.578
0.001
0.776
0.001
-0.68
0.591
0.002
0.359
0.131
-0.002
0.777
-0.415
0.026
-0.719
0.29
-0.309
0.622
0.287
0.203
-0.17
-0.824
-0.488
0.032
0.4
-0.566
0.466
0.183
-0.866
-0.219
0.66
-0.035
0.839
0.878
0.665
-0.211
0.593
0.622
0.994
-0.51
0.535
0.498
0.944
-0.632
-0.271
-0.315
-0.724
-0.157
-0.663
-0.669
-0.876
0.128
-0.86
0.963
-0.845
0.779
0.066
0.968
-0.625
-0.433
-0.146
-0.593
-0.132
-0.423
0.471
-0.968
0.937
-0.294
0.361
0.491
0.697
0.069
0.627
-0.203
0.667
0.332
-0.768
-0.857
-0.697
-0.285
-0.843
-0.378
-0.155
0.802
-0.343
-0.468
-0.175
