-1.89535916903081
-1.68898676780125
-1.04777693781524
0.0687882797731699
-0.0195349721178379
-1.65079962228311
-0.563820416391652
-0.755285444589311
-0.394224953529717
-0.978489603024571
0.564470698841354
-1.41685066186222
-0.885763705103964
-0.313206050135259
-0.0982873351851126
-0.772865784499055
-0.280287335106217
-0.758039697581955
-1.25273535022886
-0.988924385672686
-0.520979207232234
0.514088846131634
-0.129565217391304
-0.220880907411823
-0.0425746699364263
-0.00443856407630944
-1.34611342155006
-0.333739130710838
-0.226621928757889
-0.347897920802074
-1.16999811039034
-0.474187145557653
0.311763704315271
-1.19812476429643
-1.41098487712662
0.232143666941887
-0.564603025126785
-0.681589792297126
-0.229601134570401
-0.114674858775176
-0.978809074078908
0.063954630591248
0.00636294797440462
0.365510395910665
0.0276389413988689
-0.946376181474478
-0.754463137996218
-1.19363705103967
-1.2122192816635
-0.779858223062381
-0.498120982986767
-1.11529678638941
-0.0099206049149339
-0.612667296786387
-0.77499810964083
-0.58691304347826
-0.848323251417768
-0.263907372400753
-0.949790170132325
0.334998109640833
-1.03753875236295
0.183718336483932
0.161451795841211
-1.14887901701323
-1.03368809073723
-0.0734007561436674
-0.66831190926276
-0.816238185255198
-0.0964555765595462
0.413654064272214
0.432852551984878
-0.220058601134215
0.53025708884688
-0.335886578449905
0.639735349716446
0.500077504725901
-0.910799621928167
-1.03155954631379
0.512160680529301
0.205448015122874
-0.0622230623818524
0.640529300567109
0.0132079395085067
0.0787561436672968
-0.51807372400756
-0.55456710775047
0.718625708884688
0.321824196597355
0.657686200378072
0.444776937618148
0.466706994328923
0.887056710775048
-0.592156899810964
0.64489224952741
0.300179584120984
0.177398865784501
-0.775190926275992
0.65902268431002
0.54432325141777
-0.723684310018903
0.807474480151228
-0.682081285444234
0.255370510396977
-0.541807183364839
-0.198115311909263
0.917589792060492
-0.630431001890359
-0.678814744801512
-0.245368620037807
-0.0445066162570888
-0.576869565217391
-0.737841209829868
0.455500945179584
-0.106088846880907
-0.562190926275992
-0.701224952741021
-0.726465028355388
-0.792595463137996
0.432939508506616
0.604
0.241
0.0277674858223062
-0.479177693761815
0.456877126654064
-0.990725897920605
0.56369943289225
-0.541
0.94154820415879
0.429151228733459
-0.524958412098299
0.30409640831758
-0.584
-0.554671077504726
0.312822306238185
0.411151228733459
-0.318232514177694
-0.572780718336484
-0.393
-0.680177693761815
-0.418232514177694
-0.896725897920605
0.446534971644612
-0.396
-0.26
0.118
0.214
-0.533
0.53
0.243
0.016
-0.064
-0.968
-0.739
0.988
0.057
-0.165
0.815
0.807
-0.519
0.25
0.486
-0.564
-0.116
-0.694
0.64
-0.982
0.856
-0.838
0.469
0.773
0.906
0.693
0.889
-0.121
0.496
0.768
-0.564
0.795
-0.647
-0.2
0.125
-0.072
-0.292
-0.568
0.557
0.291
-0.846
-0.538
-0.73
-0.404
-0.121
-0.376
-0.875
0.084
0.109
0.671
-0.411
-0.702
0.099
0.1
0.357
-0.695
-0.94
0.469
0.11
0.243
-0.857
0.382
-0.508
0.289
-0.602
-0.98
0.453
0.681
-0.876
-0.443
0.728
-0.548
-0.251
-0.651
0.863
0.394
0.891
-0.127
-0.107
0.282
0.567
-0.196
0.77
0.824
0.179
-0.862
-0.305
0.253
0.442
-0.18
-0.132
0.238
0.322
-0.687
0.148
-0.228
0.97
-0.02
-0.802
-0.142
0.17
-0.556
-0.04
-0.449
0.943
-0.864
0.548
-0.251
0.236
0.963
-0.587
0.187
-0.425
0.827
0.676
0.338
0.612
-0.333
-0.89
-0.74
0.325
-0.8
-0.762
0.304
0.689
-0.511
0.13
-0.564
0.201
0.091
0.423
-0.089
-0.325
-0.965
