-0.463896030245736
0.034843100189051
-0.691725897920604
-1.47951606805313
0.539618147448045
-0.111748582230617
-0.730546313799593
-1.11458601134213
-1.00493383742909
-1.04314555765593
-0.745538752362947
-0.886387523629478
0.00383553875237612
0.634659735349725
-0.117302457466918
-0.541565217391297
-1.41668241965976
-0.816669187145552
-0.139132325141774
-0.147854442344043
0.173221172022687
-1.1288241965973
-0.0407901701323244
-0.940151228733455
-1.28378449905479
-1.17260491493383
-0.231066162570883
-0.0423024574669176
-0.605119092627592
0.441487712665415
-0.949279773156893
-0.895228733459349
-1.25533270321358
-0.0596332703213574
-0.754933837429102
-1.05828355387525
0.21285822306239
-0.557890359168234
-0.0047353497164453
-1.296011342155
-0.753559546313791
-1.1427788279773
-0.10450283553875
-1.18504158790168
-1.33092060491491
-0.529741020793948
-0.0987069943289216
0.201561436672973
-0.907206049149334
0.601455576559553
0.239470699432898
-0.715359168241962
0.318126654064274
-0.130287334593572
0.075336483931954
0.166345935727792
-0.985330812854439
0.350922495274106
0.610451795841216
0.0736994328922521
-0.725255198487707
-0.338582230623816
0.235279773156902
-0.564623818525517
-1.13072778827977
-1.08807750472587
-0.433094517958411
-0.88507372400756
0.200085066162574
-0.189508506616257
-0.168884688090735
-0.0369584120982988
0.186120982986769
0.0581077504725907
-0.286544423440453
0.0730340264650288
-0.199706994328922
0.124820415879017
-0.759041587901699
0.152801512287335
-0.17697731568998
0.356597353497167
0.095
-0.217916824196596
-0.730457466918713
0.84400189035917
-0.219026465028355
-0.105724007561437
-0.852888468809073
0.0735217391304348
-0.969510396975424
-1.08093572778828
-0.0422155009451796
-0.948
0.56954820415879
0.653493383742911
-0.0193629489603025
-0.377362948960302
-0.771759924385633
0.983
-0.945
0.172
-0.611
0.321
-0.061
-0.561
0.323
-0.551
-0.71
-0.958
-0.453
-0.131
0.299
-0.557
-0.549
0.05
0.814
-0.371
-0.656
-0.859
0.268
0.898
0.956
-0.813
-0.152
0.025
-0.862
0.299
0.661
0.18
-0.668
-0.63
0.078
-0.51
0.352
0.729
0.02
0.774
0.878
0.883
-0.41
-0.635
-0.322
-0.824
-0.43
0.282
-0.285
-0.351
0.6
-0.471
0.847
-0.647
-0.719
-0.9
-0.286
-0.844
0.216
-0.799
-0.527
0.914
-0.699
-0.977
-0.212
0.11
0.71
-0.824
0.79
-0.191
0.09
-0.278
-0.971
-0.96
-0.25
-0.54
0.551
-0.098
0.22
0.779
0.617
0.566
-0.69
0.488
0.699
0.132
0.332
0.978
-0.911
-0.022
0.775
0.195
-0.487
-0.181
0.301
0.964
0.582
-0.434
0.577
0.568
-0.534
-0.606
0.491
0.906
0.558
-0.122
-0.501
0.806
0.602
0.82
-0.451
0.812
-0.064
0.436
-0.417
-0.094
0.603
-0.188
-0.677
0.656
0.777
0.731
-0.914
-0.188
0.034
0.895
-0.792
0.21
-0.261
-0.214
-0.122
-0.016
0.325
0.652
0.313
0.223
-0.925
-0.597
0.929
-0.179
-0.368
0.525
-0.625
-0.732
-0.571
0.963
-0.741
0.077
-0.765
-0.606
-0.64
-0.231
-0.758
0.92
0.79
-0.266
-0.693
-0.321
-0.129
0.663
-0.331
0.288
0.066
-0.184
-0.059
0.564
-0.514
0.284
-0.878
0.36
-0.169
0.199
-0.118
0.502
0.023
-0.749
0.355
0.817
-0.618
0.07
0.636
0.131
