-1.13599999999997
-1.62204158790183
0.680200378071837
-0.411680529300554
0.717894139886607
-0.164680529300556
0.407604914933855
-0.219136105860113
-0.5883856332703
0.130739130434795
-0.382172022684307
-1.12884499054817
-1.14603213610588
-0.324274102079387
0.338098298676762
-0.959022684310011
-1.00055009451796
-0.678606805293002
-0.69658601134214
-0.899553875236287
-0.918236294896023
-0.669075614366727
-0.0148204158790187
-1.03891304347826
-0.70893950850661
-1.38218714555766
-0.134270321361053
-0.407967863894139
-1.01882041587899
0.273253308128549
-0.0345746691871437
-0.559931947069937
-0.435559546313792
-0.832007561436665
-0.611920604914927
-0.907775047258972
-1.15305293005668
0.236644612476372
0.0326975425330822
0.171230623818527
-0.0736691871455573
0.210739130434786
-0.182620037807183
-0.744952741020788
-1.26007372400753
-0.947051039697537
0.266767485822309
-0.62697731568998
-0.230973534971642
-1.04516635160679
-0.895109640831754
-0.720431001890355
-1.07932514177693
-0.818839319470697
-0.181894139886576
-0.904069943289222
-0.550037807183362
0.173744801512292
-0.831758034026463
0.638306238185259
-0.852298676748581
-0.666941398865782
-0.100654064272212
0.196489603024574
-0.726935727788273
0.703279773156902
0.43378638941399
0.658037807183368
-0.969969754253304
0.174457466918716
-0.814058601134212
-0.24953686200378
0.32413988657845
-0.0101209829867676
0.289844990548205
-0.320374291115309
0.458724007561438
-0.268504725897919
-0.748175803402645
-0.541716446124761
-0.814833648393194
-0.495478260869563
-0.988903591682418
-0.921724007561435
0.369631379962194
-0.11712854442344
-0.192799621928164
-0.206039697542532
0.654179584120985
-0.572217391304345
0.882338374291115
-0.254964083175803
0.41859168241966
0.639610586011344
0.299049149338374
-0.247465028355387
-0.363992438563327
0.805200378071837
-0.656013232514177
-0.914204158790169
-0.239060491493383
0.942323251417771
-0.46377315689981
0.53449527410208
0.767947069943291
0.41722684310019
0.0868090737240084
-0.0540812854442345
-0.134731568998108
-0.842616257088846
-0.38175236294896
0.752438563327033
-0.00960869565217391
0.658863894139886
0.521665406427223
0.695164461247638
-0.573122873345935
-0.148684310018902
0.858939508506617
0.418493383742911
0.0331304347826087
-0.20847258979206
-0.94084877126654
0.624459357277884
0.384274102079396
0.487691871455577
0.368733459357279
0.731315689981096
0.731
-0.42535538752363
-0.906342155009452
0.742788279773158
-0.577519848771267
-0.8203213610586
0.751219281663516
-0.738780718336483
0.953117202268432
-0.609465028355387
-0.718499054820415
0.932028355387524
0.78424763705104
0.891
0.932
0.544
0.835
-0.778
0.782
0.823
-0.884
0.644
-0.663
0.788
0.968
-0.067
0.09
-0.99
0.912
-0.075
-0.777
-0.656
-0.943
0.363
0.247
-0.691
-0.941
-0.109
0.311
-0.178
0.936
0.294
0.716
-0.976
-0.443
0.933
0.604
0.152
-0.14
-0.466
0.805
0.166
0.709
0.567
0.638
-0.914
-0.734
-0.683
0.797
0.515
0.109
0.744
-0.647
0.055
-0.807
0.971
0.91
-0.541
-0.357
0.622
0.485
-0.057
-0.09
-0.041
0.886
-0.178
0.928
-0.688
0.23
-0.966
0.328
0.938
0.15
0.377
0.12
0.056
-0.365
-0.51
0.725
0.161
-0.958
0.742
0.093
0.796
0.712
-0.809
-0.06
-0.34
0.831
-0.415
-0.978
0.144
-0.492
0.237
0.048
-0.139
-0.744
-0.251
0.68
-0.185
-0.843
0.954
0.086
0.762
-0.813
0.171
-0.406
-0.025
0.935
0.136
0.336
0.42
-0.266
0.482
0.579
0.743
0.849
0.114
0.246
0.694
0.881
0.267
-0.519
-0.356
-0.988
-0.817
0.43
0.912
-0.671
-0.741
-0.2
0.885
-0.19
-0.091
0.003
-0.912
-0.345
0.331
0.609
-0.459
0.597
0.965
