-1.36639130434733
-0.566727788279716
0.784391304347837
-1.97472400756192
-0.307187145557681
-1.39462192816687
-0.923077504725892
0.0851266540642718
-1.06530056710773
-1.21258790170124
-0.0197674858222989
-2.04042344045371
-0.418837429111478
-0.268270321361043
0.00843478260871084
-0.806886578449895
-0.696300567107745
0.563173913043499
0.431143667296821
-1.09025330812851
-0.230750472589716
-0.872185255198502
-0.510722117202295
-1.23342533081285
-0.814608695652187
-1.4025897920607
-0.802563327032116
-0.141816635160677
-0.742589792060453
-0.511313799621939
0.205007561436695
0.284646502835536
0.0406880907372511
-0.351913043478216
-1.22983175803425
0.241994328922528
0.580071833648384
-0.93236862003778
-1.3396086956521
0.259200378071875
-0.19375236294895
-1.02888846880907
-0.202408317580324
-1.13805671077536
-1.06769754253308
0.215835538752381
-0.29892627599244
-0.228752362948949
-0.56764650283549
0.0226729678638901
1.15129489603047
-0.330117202268414
-0.766051039697428
0.320517958412121
-1.0170529300566
-1.1152438563326
-0.526232514177682
0.736625708884693
-0.719716446124783
-0.850249527410201
0.906523629489647
-0.0681776937618147
0.202952741020798
-0.0823969754253214
-0.397274102079371
1.04152173913027
-0.937444234404527
-0.0735954631379816
-0.3531833648393
0.304720226843144
-0.956901701323217
0.402837429111547
-1.01829489603026
-0.985483931947052
-1.52131947069922
0.884567107750495
0.400584120983014
-0.202115311909261
-0.955480151228697
0.503527410207935
0.137302457466902
0.577835538752357
0.526909262759964
-0.975565217391323
0.182327032136125
0.176901701323246
-0.609565217391281
1.53916824196621
-0.375502835538769
-0.243659735349689
-0.724266540642596
0.80611153119093
-0.673954631379972
1.52145557655954
0.142846880907411
-0.162018903591684
-0.495073724007579
0.142221172022697
0.69116446124767
-0.642300567107711
1.86452741020804
0.897487712665302
0.321973534971651
-0.911591682419641
1.27914177693772
1.50979962192841
0.258120982986764
-0.211151228733408
0.569570888468805
-0.272603024574685
0.32768998109638
0.0921795841209869
0.0800472589792119
0.084884688090757
0.857383742911154
1.42740453686181
0.816538752362937
-0.161801512287353
1.11429300567112
-0.715952741020795
0.390635160680497
-0.25738563327032
-0.176826086956494
0.545431001890388
0.441975425330817
1.17738563327042
1.91463894139876
0.546678638941412
0.942085066162561
1.09722117202269
3.2212684310016
2.11511342155038
1.2342646502836
1.37343856332697
0.836487712665351
1.10370888468814
0.710493383742923
-0.164051039697555
-0.0893553875236237
0.497669187145583
1.50048393194711
1.44746691871464
1.08207372400762
1.91831190926252
1.54012665406436
2.4533478260871
-0.707355387523633
0.516680529300592
-0.806155009451797
-0.661266540642734
-0.739427221172022
1.48005482041597
-0.094
0.465718336483936
0.60978638941396
1.13272778827978
-0.222
0.936223062381831
0.397795841209815
0.309223062381839
0.317223062381839
0.65278638941396
-0.278
0.236
0.698
0.757
0.003
0.923
0.237
-0.114
-0.276
0.258
0.394
0.885
-0.906
0.833
0.894
0.618
0.864
-0.605
-0.568
0.63
-0.22
-0.814
-0.997
0.038
-0.401
-0.542
-0.932
-0.31
-0.801
0.64
-0.974
-0.762
-0.036
-0.442
-0.732
0.286
0.855
0.406
-0.604
-0.603
-0.632
0.15
-0.615
-0.092
-0.413
0.02
0.091
0.729
0.303
0.16
0.464
-0.7
-0.731
0.079
-0.175
-0.464
0.233
-0.341
0.157
-0.456
0.855
-0.454
-0.314
0.084
0.231
0.155
-0.079
0.536
0.565
-0.392
0.762
-0.542
0.999
-0.966
0.261
0.63
0.8
0.094
-0.549
0.578
0.367
-0.661
0.387
0.039
-0.824
0.726
0.969
0.884
0.732
0.731
-0.948
0.195
-0.752
0.852
-0.458
0.821
-0.537
0.301
0.677
0.431
-0.901
0.555
-0.837
-0.306
0.397
0.006
-0.699
-0.765
0.817
0.195
-0.265
-0.861
-0.792
0.579
0.177
0.516
0.158
0.647
