-2.02304725684876
-1.77224763577307
0.407274102079396
-1.48619470588688
-0.296786389328776
-0.308756142559551
-0.981896030160496
-0.415538749806658
-0.768962191197619
-0.413945179584108
-0.821240073995373
-1.77893194579186
-0.496470699432875
0.110565217902571
-0.458189035831607
0.129015124577548
-1.5280756143667
-0.725385631566114
0.0240113428366947
0.302517958497314
-0.327907370696557
-0.141249527410205
-0.176629488836134
-0.672446124337644
0.0418525524109318
-1.33937240033004
-0.155928166351601
0.439247637817935
-0.09460302295568
-0.816015122873335
0.248899812923917
-0.141381851273834
-0.56863326878758
-0.677712664469109
-0.269814744034619
-1.25014366610383
-1.64069187085909
-0.111306238185253
-0.795519847493105
0.35826654183567
-1.55216068052926
-1.52056710766527
-0.458790170132319
0.743962194776469
-0.603056710008151
-1.06367863843011
0.147268431768785
-0.858714555765586
-0.69981663379732
-0.384185253664707
0.164181475758304
0.248642723821408
-0.295387522351337
0.55813799647492
-0.36388279645342
-0.432979205026631
-0.876620037807177
-0.542964081556811
-0.707355386245478
-0.753538752362942
0.789657846353908
-1.22445935685181
-0.15303213482771
0.790294897393605
0.39593761916997
-0.446351606379238
-0.0353534971644598
-0.689134215245312
-0.985215500859965
0.190206050342284
0.0715500945179611
-0.445266540046252
-0.899202268004947
0.619241967677739
0.685444234404545
-0.0667996202239685
-1.00964083107636
0.451761815170856
0.644827977315694
0.471733460976272
-0.53192249450721
-0.459508506019785
0.281833649586139
-0.358865784413841
0.12026843202441
-0.475357276263806
-0.773270321361055
-0.108576557842114
0.784421551372673
-0.790379962192814
0.663054821949657
0.137425331238907
-0.0847240074762271
-1.03078827951751
0.940482042269588
0.789682419659737
0.121831759823436
0.515274103698387
-0.767625708458634
1.01078071987025
0.12588090899139
0.115419659735351
-0.250342153731304
0.420981097601259
0.306646502835541
-0.0116767473040827
0.225814746164868
0.342979207412506
-0.881047257701048
-0.807818523900861
-0.159924384866382
0.0243516085094895
-0.105805292579622
-0.0546635160680531
-0.781257087227892
0.340321361825493
-0.157907372059919
-0.737935727362226
-0.095332701594622
0.160850661625709
-0.372514176415616
-0.494546313288363
-0.345916824196597
0.84282986835654
0.730790170558378
-0.744372399222366
0.990166353907463
-0.720587901701321
0.739054821182766
1.13814555936015
1.28920416134649
-0.282476368891408
0.303035916824198
0.88078638966962
-0.577068052844846
0.404729679661458
-0.87551795738958
0.992468809499778
0.376689981437247
-0.728971644612476
0.803128548172673
0.476945182651675
0.234750475827768
1.04928166581673
0.913251420922141
0.156559549466565
-0.593780718336484
-0.931674857882224
1.13859924539013
-0.314206049064128
0.183829868186116
-0.0228960285415488
-0.242
0.124500945690842
0.482916824281807
-0.243663514363854
-0.508
-0.0560812843365075
0.797752364227107
0.431918715663494
0.316918715663494
-0.197083175718192
0.518
-0.932
-0.951
-0.73
0.494
-0.033
-0.487
-0.278
0.275
-0.156
-0.178
-0.57
0.864
0.358
0.637
-0.065
-0.683
-0.058
0.702
0.7
-0.64
0.025
-0.174
0.219
0.796
-0.696
-0.563
0.925
-0.155
0.216
-0.655
-0.88
0.13
-0.447
0.607
-0.242
0.705
0.245
0.26
0.443
0.523
0.239
0.414
-0.72
0.95
-0.672
0.194
-0.887
-0.1
0.556
-0.516
-0.309
0.588
0.474
-0.568
-0.507
0.242
-0.17
-0.527
0.189
-0.471
-0.413
0.876
-0.941
-0.501
-0.299
0.299
0.311
0.751
-0.121
0.23
0.072
0.681
-0.742
-0.824
0.12
0.61
-0.454
0.269
0.467
0.109
-0.676
0.025
0.288
-0.269
0.653
-0.468
0.655
-0.88
0.113
0.516
-0.125
-0.229
-0.93
-0.087
-0.064
0.362
0.355
0.78
0.249
0.028
0.883
-0.639
-0.979
-0.674
0.412
0.01
0.329
0.298
0.311
-0.117
-0.305
0.56
0.005
-0.92
-0.795
0.562
-0.413
