-0.638965973534933
-1.69844234404581
0.221965973534974
-1.37206427221233
-0.798448015122784
-0.521846880907304
0.538298676748645
-1.01999243856334
-1.18391682419627
-1.09899054820411
-0.726075614366718
-0.41344234404533
-1.26167485822334
0.234319470699438
-0.719429111531164
0.0787750472589879
-0.673419659735325
-0.0477051039697503
-0.304383742911134
-0.232950850661624
-0.800291115311908
0.196856332703223
0.0725860113421568
-1.23439697542524
0.115421550094523
0.0261720226843208
-0.447780718336461
-0.129603024574664
0.110035916824232
-0.554665406427197
-1.15810018903581
0.0652967863894307
-1.3837977315689
-0.385514177693736
-0.611291115311891
-0.552856332703195
-0.371328922495258
0.319531190926286
-0.933039697542473
0.220706994328953
-0.270366729678625
-0.265100189035892
-0.424776937618134
-0.710009451795782
-0.056149338374266
-0.975884688090626
-1.1615822306238
-1.04275236294894
-0.514831758034018
-0.350695652173892
-0.765068052930043
-0.623576559546281
0.544807183364862
-0.312117202268419
-0.457742911153112
-1.40623818525521
-0.385922495274108
0.390618147448037
-0.42463137996218
-0.491971644612474
-0.638338374291101
-0.32548204158787
-0.791236294896004
-0.490782608695654
-0.606824196597333
0.527625708884705
0.0469149338374376
-0.222568998109632
-0.0556729678638819
-0.501693761814741
0.828593572778838
-1.04210018903594
1.12299243856339
-0.14140264650283
0.857359168241989
0.656207939508528
0.188268431001898
0.0746559546313909
-0.744882797731553
-0.493287334593558
0.530381852552018
-0.0988449905481971
-0.195166351606793
0.943663516068077
0.375754253308145
0.541981096408331
-0.377013232514177
0.00576937618148059
-1.14285444234402
-0.26507183364838
0.544786389414017
-0.138655954631378
-0.30031568998108
0.572109640831772
0.35662759924387
0.616969754253313
0.433453686200391
-0.24784877126652
-0.670820415879012
-0.276173913043471
0.337786389414002
0.0104196597353516
-0.313693761814735
0.417809073724016
-0.209117202268423
-0.0268431001890283
1.16925519848775
0.634642722117208
-0.197886578449894
-0.00903591682418903
0.757517958412123
0.71611531190928
-0.602684310018892
0.972247637051056
-0.396644612476368
1.23413610586003
-0.162034026465012
0.993361058601144
-0.0182930056710742
-0.354854442344043
-0.209727788279767
0.244304347826101
0.759550094517962
1.13472967863902
-0.194873345935726
1.50363894139884
1.53320793950859
0.0153837429111541
0.740155009451802
-0.336642722117203
-0.00172589792060422
0.331620037807196
0.798351606805299
1.6929168241966
1.88679017013232
1.43962192816637
0.757381852551985
1.45271455576562
1.19242344045367
0.555243856332702
-0.327706994328922
0.134319470699432
0.945621928166351
0.633194706994324
0.464595463137995
-0.409568998109643
0.844463137996217
-0.501296786389418
-0.184364839319475
1.34413610586009
-0.348177693761815
-0.721587901701324
0.984
0.667493383742911
0.897582230623819
-0.0913553875236295
0.489
-0.423431001890359
0.749733459357278
-0.0814310018903592
-0.192431001890359
0.210582230623819
0.696
-0.762
-0.574
-0.3
-0.708
0.262
-0.718
-0.566
-0.494
0.562
-0.477
0.581
-0.91
-0.32
-0.294
0.848
0.569
0.605
0.826
0.456
0.523
-0.664
0.537
0.932
-0.522
0.456
0.507
-0.46
0.151
-0.4
0.512
0.961
-0.871
0.155
-0.401
0.658
0.063
-0.502
-0.72
-0.514
-0.866
-0.936
0.305
0.104
0.797
-0.597
0.586
0.219
-0.77
0.64
0.025
-0.834
0.111
0.369
0.688
0.36
-0.3
-0.506
-0.779
-0.164
0.754
0.742
0.283
0.906
-0.95
-0.438
0.451
-0.066
-0.92
0.048
-0.215
0.071
0.325
0.34
0.322
0.458
0.03
-0.567
-0.866
-0.925
0.869
-0.712
-0.691
0.51
0.574
0.345
-0.151
-0.24
0.467
0.239
-0.043
-0.432
-0.724
0.443
-0.269
-0.609
-0.22
0.399
0.053
0.235
-0.049
-0.348
0.138
0.182
-0.145
0.954
-0.159
0.771
-0.954
-0.77
-0.671
-0.734
-0.641
-0.854
-0.034
0.465
0.432
0.773
