-0.871948959486221
-0.973468808625765
-0.785026465028353
-1.324998110494
-0.911158790460885
-1.63836294821029
0.199633268775666
-1.11003024890513
-1.59804915100994
-0.36290169879509
0.151069941509692
-1.37652551977129
-0.854156898585587
0.475483930330184
-0.409109639243012
-0.101489604323145
0.293550095136979
-0.89530056592891
-0.588725897842434
0.473391303504887
-0.113517959661354
-0.297928166899495
-1.27540075679181
-1.10558790203574
-0.658353496329236
-0.429251418625706
-0.726916826260635
-0.914410207776818
-0.128069941625843
-0.159052931723577
-0.248999997979633
-0.598826089927589
-0.366168239878653
-0.67280151385491
-0.600449905174275
0.029438560670071
-0.308007558759936
-0.323608696273292
-1.71713043578945
-0.465763705832776
-0.264659734171563
-0.875247637836929
-0.581353496020788
-1.28672211787765
-0.302353497226427
0.154850664485529
-0.627844993371381
-1.46967674836947
0.213695653101388
0.352759925423659
-0.590646505893882
0.237810963274019
0.106111531129674
-0.547495271232311
-0.238470698057562
-0.415805289994421
-0.409843102367863
0.0630945179492643
-0.481633268653061
-0.28913799592211
-0.208476371627966
-0.2078846893569
-0.178423439554411
-0.197132323717865
1.09413232591872
0.46557844900902
-0.0280793973589638
-1.02521171967724
-0.431911153294453
-0.290391306936493
0.782226844788189
-0.24986200416377
0.0145519846665706
-0.363943289817901
-0.47807183438217
0.395661624156828
-0.488085067892141
0.747852551684902
-0.153478258219562
-1.06977315562795
-0.445931946622065
0.42447070013854
-0.387281662466076
0.622423440526927
0.546621932124035
0.808652172222939
-0.764011343747938
0.430476373630762
0.330130435470641
-0.688385636042811
0.0598790169667627
-0.756829870440995
0.0591115292374373
0.208964082708898
0.826077504582276
-0.772039698650927
0.603404539750001
0.881894138163412
-0.171402645946523
-0.201918715335309
-0.695283553588602
0.157054823863713
0.138739129038351
0.167319469979014
0.308576560457588
0.706419661982501
0.378221171437498
-0.995831758936839
1.66506804957058
-0.251948959736245
1.32198865985727
-0.0616654069173515
0.406782608829463
-0.460300567320397
-0.679839321136872
-0.12827599160684
-0.0152230619776357
0.634455574175079
0.66290926139165
0.391623820862825
0.129771265151942
-0.508839321029839
1.02914933440212
0.794045368305259
0.419429112536815
1.09070321165944
-0.504247637672173
0.641693759769724
1.24698298553382
1.67298487716313
-0.283553875763052
0.515559543799077
1.43148771306279
1.30292249453201
1.34114555539752
0.0180434781348195
1.24121361055983
1.37758222927773
2.27967107632713
2.0349489596342
0.187748581693321
0.0766219290297127
0.441109641120489
-0.251758033949705
0.53621550020786
-0.37297353263647
-0.00379017057950132
-0.0793119083761547
0.993238184631191
0.738947072074936
0.645491493789376
0.899943290230565
-0.683
0.991463138055394
0.608243856342556
-0.892122873148758
0.077
-0.242829867546698
0.708657845138434
-0.290829867546698
0.382170132453302
-0.938756143657444
-0.006
0.978
0.91
-0.581
0.667
0.847
-0.961
0.905
-0.041
0.089
-0.862
0.828
0.949
0.054
0.062
-0.075
0.297
0.038
-0.298
0.645
0.826
-0.882
-0.565
-0.231
-0.403
0.336
0.765
0.856
0.053
-0.404
0.883
-0.246
-0.695
-0.626
0.183
0.215
-0.356
-0.192
-0.425
-0.067
-0.529
0.382
-0.728
-0.605
0.392
-0.512
-0.953
-0.446
0.061
-0.848
0.47
-0.319
-0.984
0.746
-0.765
-0.125
0.542
0.14
0.821
-0.67
-0.918
-0.817
-0.148
-0.637
0.205
0.383
0.523
0.574
0.871
0.847
-0.72
-0.512
-0.537
0.769
0.174
-0.556
0.846
-0.96
0.377
-0.892
0.289
0.21
-0.206
-0.1
0.125
0.202
-0.263
-0.442
-0.861
-0.693
0.672
0.504
-0.014
-0.756
-0.149
-0.712
-0.47
0.908
0.189
-0.992
-0.035
-0.527
-0.317
0.213
0.871
-0.019
-0.782
-0.753
-0.428
0.79
0.028
0.502
0.762
0.713
0.041
-0.129
0.388
0.951
