-0.684674858223051
-1.63382419659743
-0.694499054820414
-0.701463137996203
-0.103888468809073
-1.31017580340281
0.20496030245748
-1.20927977315686
-0.537599243856315
-0.529937618147437
0.37732514177694
-0.685277882797725
-1.52312854442344
-0.301181474480145
-0.615907372400745
-1.0707372400756
0.112253308128547
0.350964083175806
-0.367172022684305
-0.693559546313797
-0.440368620037808
0.0375255198487727
0.0708563327032116
-0.80438374291115
-1.03152930056711
-0.421886578449902
0.143342155009463
-1.00818336483932
-0.972869565217382
-0.137646502835535
0.359468809073728
-1.24458034026463
-0.476257088846879
0.0957750472589856
0.282551984877134
-0.0642136105860097
-0.522512287334592
-1.29467107750471
-0.143011342155008
-0.979604914933832
-0.631096408317574
-0.350308128544421
-0.917230623818524
-1.34076181474479
-0.665226843100181
0.222224952741024
-0.478164461247635
-0.816374291115308
0.442398865784501
-0.78546691871455
-0.557952741020788
0.151629489603026
0.486374291115316
-0.67428922495274
-0.357754253308127
0.573113421550097
-0.776096408317577
0.34990548204159
-0.662372400756141
0.707884688090739
-0.355219281663515
-0.404058601134213
0.345765595463143
0.439366729678642
-0.249992438563325
0.260846880907375
-1.18397353497163
-0.705860113421547
0.232901701323254
0.155300567107753
0.150680529300569
0.0846181474480169
-0.610939508506616
-0.562952741020791
-1.1343516068053
0.645706994328924
-0.170480151228732
0.197062381852554
0.598083175803404
-0.633771266540642
-0.875669187145558
-0.20852551984877
-0.47090359168242
-0.925642722117201
-0.454930056710774
-0.691081285444233
-0.862862003780718
-0.68807372400756
-0.291327032136106
0.69615122873346
-0.1052797731569
0.0509678638941398
0.623317580340265
0.161863894139886
0.473858223062381
0.625986767485823
0.566686200378072
-0.465347826086955
0.0519527410207939
0.0568582230623818
0.594761814744801
-0.66077315689981
0.0848846880907368
-0.688799621928167
-0.0987183364839319
0.23024763705104
0.00973345935727784
0.208534971644612
-0.592449905482041
-0.104650283553875
-0.132587901701323
-0.0293969754253308
0.738534971644613
0.743083175803402
0.737563327032137
-0.980342155009451
-0.593890359168242
0.420219281663517
0.201007561436673
-0.341519848771267
0.482822306238186
0.655746691871456
0.621328922495274
0.638775047258979
-0.560362948960302
-0.657431001890359
0.646973534971645
0.373644612476371
0.108746691871456
-0.64980718336484
-0.687519848771267
-0.552068052930056
-0.629519848771267
-0.256506616257088
0.0635274102079395
0.814822306238185
0.714568998109641
-0.855882797731569
0.15417202268431
0.299644612476371
0.249508506616257
-0.0790132325141777
0.866041587901701
0.848240075614367
-0.210485822306238
0.933514177693762
0.363
0.934109640831758
0.385493383742911
0.51652741020794
0.231164461247637
-0.82145179584121
0.362
-0.610835538752363
0.63352741020794
0.98054820415879
-0.258
0.441856332703214
0.924911153119093
-0.436143667296786
0.581856332703214
0.62852741020794
-0.878
-0.903
-0.428
-0.556
-0.416
0.013
-0.285
0.97
-0.702
-0.764
-0.76
0.898
0.373
-0.441
0.776
0.765
-0.13
-0.509
-0.002
0.745
-0.992
0.595
0.154
-0.85
0.102
-0.996
0.117
0.073
0.087
-0.716
-0.761
-0.387
0.74
0.681
-0.184
0.786
0.289
-0.638
0.366
-0.651
0.221
0.424
0.219
-0.002
0.947
0.464
0.019
0.075
-0.786
-0.024
-0.422
0.441
0.571
0.843
0.621
-0.473
-0.057
-0.578
0.342
-0.42
0.896
0.641
-0.118
-0.986
0.996
0.627
-0.843
0.692
0.743
0.989
-0.524
-0.492
0.124
-0.351
-0.477
-0.416
-0.624
-0.845
-0.798
0.638
-0.016
-0.959
-0.141
-0.889
0.706
-0.202
0.041
0.897
-0.94
-0.712
-0.157
-0.133
0.019
-0.214
-0.548
0.579
-0.459
0.204
0.001
-0.68
0.306
0.326
0.332
-0.776
-0.501
-0.931
-0.683
-0.079
0.319
0.037
-0.849
-0.213
-0.781
0.704
0.595
0.854
-0.218
-0.229
