-2.82046502835288
-1.47307939508748
-0.744620037807179
-0.27065784499025
-0.770468809073458
-0.329710775046966
-0.440727788279839
-1.11358601134192
-0.338911153118747
-1.35800378071814
-0.519461247636974
-1.03617580340309
-0.936831758033885
-0.486466918714499
0.00708695652181956
-0.391998109640791
-0.167773156899765
0.179971644612485
0.453336483932017
-0.18516824196594
0.170888468809105
-0.206066162570855
-0.31375803402647
-0.889302457466743
-1.19735538752323
-0.626527410207737
-0.305376181474437
-0.489767485822195
-0.413098298676652
-0.658862003780594
-0.129391304347748
-0.730502835538593
-0.0621020793949716
-0.472654064272052
-0.285531190926198
-0.293483931946993
-0.559801512287227
-0.110228733459307
0.0579905482042563
-0.227873345935672
0.0682306238186058
-0.259920604914877
0.0231323251418478
-0.339886578449809
0.0486521739131041
-0.134241965973464
0.0574706994329861
-0.575784499054721
-0.284822306238117
-0.411090737239971
0.430850661625812
0.0907637051040315
-0.173465028355336
0.169618147448093
0.616275992438678
0.394998109640878
-0.191930056710724
0.166894139886609
-0.423491493383645
-0.0924291115311306
0.0947580340265537
0.281026465028414
0.177584120983042
-0.0766068052929521
-0.0193100189034963
-0.117408317580294
-0.211313799621872
-0.156521739130392
0.308516068053039
-0.0681039697542088
0.189069943289302
0.364950850661669
-0.24149527410205
-0.220073724007563
0.0523667296786569
-0.0952381852551291
0.608230623818571
0.0714971644613311
0.350270321361093
0.515281663516144
0.755455576559598
0.831317580340345
8.8805935727791
0.633570888468826
0.652725897920652
1.0199206049149
0.666914933837484
0.220965973535002
0.0892362948960246
0.343517958412122
0.654589792060509
0.18203969754254
0.186136105860149
-0.307047258979195
-0.721969754253302
0.303689981096419
-0.105328922495269
0.541083175803424
0.17606049149339
0.553529300567116
-0.181434782608679
0.191780718336488
-0.0289130434782624
-0.371310018903574
0.00522684310019389
0.424122873345942
0.0349451795841258
-0.0261701323251362
0.940920604914942
-0.246480151228712
-0.743060491493365
0.161376181474485
0.533015122873347
0.544158790170129
-0.336597353497148
0.347506616257097
-0.315540642722115
-0.195644612476371
0.601952741020793
0.38699054820417
-0.314096408317571
-0.59679584120983
0.471633270321365
-0.728818525519853
0.285340264650294
-0.930170132325134
0.129610586011345
0.391638941398868
-0.0926767485822289
-0.0377126654064259
-0.40017202268431
0.846448015122871
-0.101310018903585
-0.931519848771267
0.56817202268431
0.366604914933842
0.322423440453687
-0.12433270321361
-0.569198487712667
-0.116442344045365
-0.138843100189036
0.624504725897921
-0.0460415879016971
0.413166351606806
-0.172928166351605
0.321136105860114
-1.00220415879017
-0.505943289224952
0.250667296786388
-0.813332703213609
0.791671077504727
0.682943289224953
-0.051
0.89771077504726
-0.285548204158789
-0.717964083175804
-0.398
-0.378126654064271
0.499776937618145
0.0468733459357274
-0.385126654064271
-0.670548204158789
-0.693
0.592
0.156
-0.65
-0.441
-0.51
0.492
-0.336
0.56
0.968
-0.16
0.638
0.954
-0.381
-0.332
0.85
0.445
-0.835
-0.936
-0.648
-0.894
-0.587
0.164
-0.292
-0.001
0.491
0.388
0.753
0.093
-0.472
0.624
0.262
0.745
-0.733
0.24
0.094
-0.922
-0.651
-0.52
0.555
0.071
-0.308
-0.018
0.817
-0.227
0.311
0.887
-0.914
0.425
-0.249
0.054
0.192
-0.14
-0.86
-0.786
0.893
-0.572
-0.553
0.351
0.067
0.102
0.738
0.57
0.031
-0.656
0.577
0.892
0.686
0.379
0.574
0.772
0.096
0.684
-0.492
0.28
0.413
0.431
0.346
0.935
0.687
0.603
0.302
-0.672
-0.658
0.474
-0.569
-0.598
0.605
-0.947
0.346
-0.335
0.63
-0.003
0.413
-0.547
0.333
0.121
0.95
0.473
0.195
0.419
-0.799
-0.294
0.85
-0.021
0.957
0.508
-0.649
-0.14
-0.2
-0.538
0.081
-0.488
0.663
0.463
0.8
0.409
0.228
