-0.823228733459291
-0.0360775047258223
-0.755444234404533
-0.693964083175697
-1.01681096408306
-1.49457277882913
0.16936483931956
-1.41320793950822
-0.236431001890279
-1.75175047259004
-0.289009451795821
-0.976614366729639
-1.6516956521741
-0.566336483931937
-1.05494139886557
-0.604436672967831
-0.8338449905482
-0.547272211720221
-0.980848771266529
-0.372665406427234
-0.71519848771241
-1.29595274102078
-0.756561436672908
-0.804744801512234
-0.436994328922488
-0.456030245746658
-0.160417769376145
-0.963217391304245
-0.403763705103814
-0.557844990548233
-0.85749905482022
-1.70159357277866
-0.267085066162545
-0.241172022684283
-0.267822306238126
-0.888122873345875
0.192981096408349
0.781319470699451
-0.670155009451676
0.0711814744801737
-0.256247637051025
-0.641659735349589
-0.70965028355369
0.369964083175815
-0.776703213610555
-0.303192816635012
-0.919937618147438
-0.209393194706984
-1.14449149338372
0.266521739130473
-0.724039697542474
-0.392453686200358
0.218030245746712
0.514905482041651
-0.155232514177664
-0.407293005671048
0.892979206049179
0.0719848771266792
-1.55044801512259
0.142378071833669
0.894523629489655
-0.261612476370492
-0.862996219281457
0.333173913043503
0.181308128544446
-0.348285444234381
-0.890058601134195
-0.691296786389395
-0.946017013232419
1.10439319470684
-0.426017013232497
-0.879869565217375
-0.270311909262732
0.310446124763755
1.06458412098303
-0.0594158790170001
0.525228733459371
-0.66060680529298
0.466705103969762
-0.05635160680527
-0.00584688090737312
0.296139886578488
0.666151228733508
0.369412098298701
0.680372400756174
0.134198487712655
0.0406238185255326
-0.301894139886579
0.271756143667309
-0.536332703213606
0.644228733459452
1.62383175803404
0.738194706994378
0.463459357277891
0.340591682419716
0.778466918714597
-0.423330812854433
0.555892249527425
0.692436672967907
0.137744801512298
0.191308128544417
0.407410207939516
0.333032136105864
1.1882608695654
0.49541398865785
7.12033081285448
1.38016635160679
1.2199659735351
1.24658034026466
0.777947069943305
0.904434782608749
0.86260491493383
-0.270956521739135
0.54701890359167
-0.313495274102073
-0.0835633270321337
0.36849527410207
-0.111897920604913
-0.614211720226863
0.652497164461259
-0.438058601134221
0.589947069943292
0.0340567107750534
1.53265973534978
-0.0951833648393191
-1.09899810964082
0.213221172022688
-0.764017013232505
-0.858177693761785
0.846553875236293
0.306204158790173
0.568998109640834
0.56425330812855
-0.832192816635163
0.168164461247635
0.590468809073724
-0.797344045368619
0.581387523629492
-0.169007561436675
-0.45041020793951
0.97420415879018
-0.449245746691868
0.0611115311909252
0.363846880907373
-1.29715500945179
0.110491493383744
-0.635457466918715
-0.963415879017008
0.521228733459359
-0.881665406427221
0.7974404536862
0.416827977315688
-0.285
0.788466918714556
-0.607088846880908
-1.11277693761815
0.275
0.800844990548205
-0.109332703213611
-0.956155009451792
0.566844990548205
0.829911153119092
0.571
0.116
0.587
0.523
0.882
0.685
0.815
0.906
-0.291
-0.03
-0.441
-0.92
0.622
-0.159
-0.475
0.329
0.567
-0.339
0.802
0.178
-0.756
-0.925
0.938
0.62
-0.215
-0.022
-0.77
0.141
0.677
-0.748
0.978
-0.582
-0.582
-0.912
0.26
-0.734
0.938
-0.479
0.168
-0.268
-0.709
0.963
0.621
-0.096
0.079
-0.366
-0.792
0.558
0.504
0.945
-0.675
-0.665
-0.667
-0.52
0.593
0.496
0.177
0.967
-0.262
-0.097
0.454
-0.326
-0.771
-0.543
-0.008
-0.86
0.662
0.534
0.58
-0.741
0.391
0.045
0.493
0.07
-0.114
-0.72
-0.547
0.034
-0.459
-0.85
-0.231
-0.329
0.637
0.731
0.926
0.642
-0.916
0.937
-0.505
0.763
0.089
0.97
0.783
-0.736
0.277
0.617
0.734
0.164
0.911
-0.062
-0.028
-0.326
0.978
0.245
-0.446
0.28
-0.159
0.263
0.593
0.312
0.043
-0.858
0.426
-0.412
-0.867
-0.218
0.036
-0.503
