-2.1453232514176
-1.03279395085065
-0.16792438563327
-1.01172211720225
-0.628251417769346
-0.461215500945161
-0.29658034026465
-0.127684310018902
-0.664325141776918
-1.15526654064271
-1.44289603024574
-0.705098298676744
-0.249833648393187
-0.175111531190921
-0.827115311909249
-0.00453686200377821
-0.619315689981096
-1.14658979206049
-0.257304347826081
0.27966351606806
-0.718984877126649
0.152623818525523
0.0552060491493369
-0.699219281663511
0.101448015122873
-0.252378071833646
0.408761814744814
0.152623818525523
-0.973984877126644
-0.148958412098296
-0.525325141776934
-1.49107183364834
0.108455576559554
-0.398412098298673
-0.462200378071827
-0.837275992438559
-0.835642722117197
-0.276056710775045
-0.537610586011338
-0.967187145557651
-0.883451795841206
-1.22911342155008
-0.308291115311907
-1.11240831758034
-0.974533081285438
-0.990924385633268
-0.599841209829863
-0.0295500945179581
-1.26991682419658
-0.77853497164461
0.176865784499058
-0.826330812854438
0.510463137996224
-0.262022684310019
-0.773206049149335
-0.685470699432891
-0.0624801512287329
0.462241965973537
-0.246495274102078
-0.209049149338373
0.214561436672971
-0.495045368620036
-0.330030245746691
0.486941398865786
-0.0103761814744794
0.579784499054822
0.203404536862003
-0.589661625708884
-0.85563327032136
-1.06314555765595
-0.343334593572778
0.475211720226844
0.383877126654063
-0.262234404536861
0.456593572778827
-0.794746691871454
-0.303735349716447
0.128389413988657
-0.756822306238184
0.124981096408318
-0.568415879017013
-0.500724007561437
0.89371266540643
-0.89582797731569
0.798412098298678
-0.274663516068053
-0.813916824196595
0.0150907372400756
-0.212635160680528
-0.691245746691871
0.361310018903592
-0.150491493383742
-0.573512287334593
0.892610586011343
-0.0740529300567108
0.479213610586012
0.520521739130436
0.182973534971646
0.192809073724008
-0.457491493383743
0.00126843100189037
-0.607533081285443
0.0746654064272215
0.805933837429112
0.44092627599244
0.788137996219282
-0.0632873345935728
-0.0387391304347827
0.245412098298677
-1.00828733459357
0.727432892249527
0.804349716446125
0.29515122873346
0.461226843100189
-0.545697542533081
-0.123088846880907
-0.0631436672967864
-0.320780718336483
-1.00948582230624
-0.531136105860114
0.721206049149339
-0.609417769376181
0.651328922495274
0.904555765595463
-0.303
-0.97692438563327
0.203733459357278
0.69064461247637
0.937
-0.93235538752363
-0.125342155009452
0.630911153119093
-0.907519848771267
0.867911153119093
-0.615
-0.941506616257089
0.448240075614367
-1.01151984877127
-0.393937618147448
-1.01335538752363
0.768302457466919
0.239
0.789
-0.151
-0.439
0.607
0.595
-0.014
0.434
-0.89
-0.417
-0.119
0.209
-0.278
-0.14
-0.343
-0.222
0.172
0.193
0.466
-0.4
0.229
0.045
0.191
0.117
-0.861
0.701
0.439
0.106
-0.573
0.422
-0.072
-0.95
0.992
-0.307
-0.497
-0.398
-0.193
0.378
0.089
-0.562
-0.762
-0.715
0.827
0.512
-0.995
-0.571
0.395
0.015
0.727
0.289
-0.711
-0.179
0.166
0.415
-0.422
-0.807
-0.402
0.731
-0.579
0.906
-0.845
0.88
0.007
-0.313
0.655
-0.169
0.216
-0.972
-0.643
-0.945
0.97
0.793
-0.896
0.027
-0.639
-0.056
0.218
0.678
0.112
0.71
-0.695
-0.576
0.378
0.138
0.133
-0.893
-0.117
-0.423
-0.885
-0.691
-0.997
0.076
-0.044
0.182
-0.717
-0.642
0.277
0.139
0.857
0.173
0.212
0.367
-0.342
0.671
0.318
-0.505
-0.284
-0.862
0.053
0.633
-0.025
-0.081
-0.382
-0.289
0.601
0.731
-0.499
0.868
0.553
0.548
0.947
-0.362
0.913
-0.953
-0.949
-0.107
-0.164
-0.079
-0.256
-0.998
0.666
-0.922
0.821
0.938
-0.503
-0.062
0.766
0.706
0.819
