-1.91654064266852
-1.34690548202443
-0.326224952741018
-1.36905671121178
0.618752362833563
-1.02793572764146
0.128413988086056
-0.951209825367761
-0.903822305050813
-1.13399433176551
-1.01768052637059
-1.20007372491736
-0.445258981730632
0.313625710936774
-0.755765597638396
0.657931947445313
-0.616151229064449
-1.5603856351852
-0.739345934348917
-0.353092629719638
-0.579277883235729
-0.578066161744795
-0.275147450539
0.204289228042828
-0.496899813561217
-0.865480151326588
-0.330646502708077
-1.0054952760471
0.16951228920713
-0.57089225114778
-0.314591679561917
-1.65299621655908
0.288741022072825
-0.486841208729142
0.391393193952072
-0.0778563321194147
-0.70209451642319
-0.355328924000846
0.243763705627203
-0.625340264510159
-1.3478260866451
-0.116542533808024
-0.749306240148568
-0.276181475054056
-0.439877126966727
-0.609551987068634
-0.700064269394843
-0.926689981699865
0.388642721230589
-0.984737238950949
0.315988659575948
0.992977318582903
-0.504988658775943
-0.0948449911059287
-1.06911531082681
-0.477045370442534
-0.634667299886317
-0.0739054825803002
0.522542532342561
-0.0960680542912941
0.146701327249266
-0.306221170833961
-0.408347825265811
0.722969754634294
-0.446576559853323
-1.37239508467682
-0.0460926283457061
-1.11389981091338
0.437536860067904
-0.0150151232747466
0.0257637052870628
0.000654063703210366
0.35369564989791
-0.0428884673548611
0.0691663497702176
0.737926277644518
0.0266672975068042
-0.634882796523813
-0.0108034037633837
0.641378071997748
-0.422221171123391
0.0531323245432015
-0.10581096315501
-0.708321363678277
-0.31467674825124
0.722291117729492
-0.850330814996663
0.307349717844684
0.131801512452162
0.112294897069674
-0.303073724192741
0.784043479612268
0.136771266654739
-0.00847447867448731
0.0606143662796839
-0.345243856375666
1.55285633569434
-0.706546313563699
0.904130435091063
-1.31621361055008
-1.39847826044746
1.38226653931152
0.125423442927593
-0.232975424963882
0.91770510144095
0.638058601941265
-0.37971644496426
1.00543289019774
0.119873348036402
0.342769374006194
0.205400756379576
-0.174973535587145
-0.459652175258091
0.743310019263473
-0.426918713721251
0.434495273370399
0.719816636147981
-0.533674856190681
0.0915689990265213
0.33065217240744
-0.667054821981325
-0.0404933823020828
1.12650283410543
0.352463138806773
-0.353293007148496
0.908922496576223
0.10386389529339
-0.219406427773285
0.914495274275311
0.827311909995149
1.23076181865838
0.323281664463228
1.38862570455889
0.454788278290776
0.838816634111385
0.345173914490651
0.801716446174802
-0.407247638494688
0.767727786676951
0.619421547567819
0.171328925194535
0.659831759486109
0.510720230134598
-0.0195217356347137
0.917378076181474
0.13154064633826
0.946153119587687
1.46075803341023
1.24976937795174
0.545778826301286
0.927465027742725
0.974763704185684
0.818
0.509678639452661
0.918279773242106
1.03359546484224
-0.995
-0.204362947852577
-0.113803401368354
-0.503362947852577
0.513637052147423
0.586279773242106
0.063
-0.39
-0.263
-0.772
-0.212
0.383
0.937
0.347
0.81
0.772
-0.949
0.853
0.182
-0.813
0.951
0.818
-0.786
0.512
-0.806
-0.168
-0.337
-0.331
0.81
-0.539
-0.089
-0.778
-0.054
0.877
-0.188
-0.397
0.366
-0.643
0.715
-0.321
0.006
0.789
0.299
-0.912
0.701
0.976
0.816
-0.165
-0.587
0.878
0.199
0.965
-0.753
0.718
0.817
-0.813
-0.591
0.175
-0.871
-0.491
-0.091
-0.607
-0.201
-0.725
0.317
-0.435
-0.564
-0.941
-0.466
0.206
-0.594
0.693
-0.862
-0.497
0.181
-0.839
-0.482
-0.875
0.81
-0.782
0.015
0.828
-0.744
0.931
0.262
-0.054
0.975
0.228
-0.94
-0.376
-0.806
-0.809
-0.772
0.206
0.769
-0.388
-0.01
0.023
-0.229
0.135
0.539
0.756
-0.7
0.206
0.472
0.505
0.826
0.743
-0.463
0.655
0.669
-0.717
0.364
0.911
0.493
0.081
-0.863
-0.132
0.013
-0.629
-0.41
0.208
0.999
0.91
