-1.58120037807172
-1.52404914933849
-0.629937618147447
-0.492147448015104
-0.719361058601109
-1.52883931947089
0.693981096408345
-0.455151228733463
-0.147659735349708
-0.778882797731558
-0.83308506616257
-0.733665406427213
-0.146956521739123
0.274202268431013
-0.932531190926263
-1.25334782608696
-0.497026465028355
-0.249603024574671
0.374924385633276
-0.534126654064266
-0.0747807183364844
-1.06022117202269
-0.820555765595457
0.374262759924388
0.0593100189035963
-0.575041587901693
-0.592776937618139
-0.244207939508502
-1.19389981096403
-0.182493383742907
-0.542425330812851
0.418733459357286
-0.439172022684307
0.157062381852555
0.447640831758036
-0.333400756143664
-0.692969754253303
-0.342616257088844
-1.26266351606803
-0.167340264650282
-0.985759924385628
-1.00663705103969
-0.346744801512283
0.0937145557655977
-1.26089413988653
-1.12213232514177
-0.882689981096405
-0.661739130434776
-0.848487712665401
-0.780145557655951
0.169018903591685
-1.00116257088846
-0.530608695652172
-0.431618147448014
0.253156899810969
-1.01908884688091
0.296506616257088
-0.82178071833648
0.336066162570889
0.222355387523633
0.0724442344045371
-0.679485822306235
-0.384124763705104
-1.02760302457466
0.528665406427223
-0.714538752362943
0.628001890359171
0.488041587901702
0.564274102079397
0.110172022684313
0.120151228733464
0.576686200378069
0.0234026465028349
-0.488508506616256
-0.606967863894139
-0.327122873345935
0.212799621928167
-0.224344045368618
0.623287334593574
0.0443913043478256
-0.616264650283554
-0.895175803402645
-0.224697542533079
0.708119092627601
0.875803402646504
-0.434930056710773
0.125145557655956
-0.789272211720225
-0.89246313799622
0.528166351606806
0.430584120982987
-0.859901701323249
0.551468809073725
-0.441540642722117
0.796132325141779
0.619001890359168
0.617090737240077
-0.301238185255198
0.820192816635162
0.41489224952741
-0.685862003780718
-0.376457466918715
-0.239245746691871
-0.0730812854442344
0.00276748582230624
0.467096408317581
0.0850207939508506
-0.965122873345936
-0.843553875236295
-0.459890359168242
-0.172814744801512
-0.431
-0.431362948960302
-0.831671077504726
-0.0389792060491493
0.0966370510396976
0.772
0.00552741020793951
-0.743671077504726
0.189493383742911
0.430637051039698
0.67052741020794
0.550109640831758
-0.792814744801512
0.888
0.157691871455577
-0.798088846880907
-0.36445179584121
-0.175
-0.13245179584121
0.255219281663516
-0.359362948960302
0.101493383742911
-0.623362948960302
-0.025
0.794164461247637
0.391746691871456
0.846493383742911
-0.219979206049149
-0.54645179584121
0.509767485822306
0.137
-0.915
0.661
-0.24
-0.068
0.657
0.489
0.604
-0.223
0.916
-0.328
-0.508
-0.34
-0.952
-0.321
0.123
-0.428
0.072
0.854
0.276
-0.551
0.225
0.312
0.283
-0.805
0.459
-0.808
0.198
0.173
0.702
0.917
-0.783
0.798
0.674
-0.704
0.586
0.891
0.458
-0.044
0.504
-0.28
0.04
-0.953
-0.039
-0.414
-0.85
-0.551
-0.67
-0.705
-0.327
-0.177
-0.217
-0.066
0.187
0.073
0.911
-0.228
-0.623
-0.436
0.472
0.465
-0.71
-0.569
0.074
0.998
-0.546
-0.306
-0.015
0.751
0.093
0.231
0.114
-0.885
-0.65
-0.445
0.408
0.177
-0.65
-0.304
-0.955
0.009
0.861
-0.098
-0.501
-0.121
0.133
0.282
-0.389
-0.399
-0.616
-0.187
0.514
-0.107
0.483
-0.962
-0.571
-0.391
-0.027
-0.038
-0.868
0.456
0.463
-0.422
0.202
0.441
0.709
-0.333
-0.416
-0.369
0.664
-0.266
-0.578
0.681
-0.481
-0.538
0.604
0.388
0.931
-0.805
-0.135
0.171
-0.918
-0.616
0.367
-0.721
0.717
-0.78
-0.368
-0.689
-0.874
-0.201
-0.796
0.388
-0.436
-0.411
0.546
0.282
0.699
0.058
