-0.869493383742901
-1.23622495274105
0.311062381852553
-1.57254442344062
-0.10572967863894
-0.650659735349699
-0.147429111531181
-1.18900756143663
-0.341141776937607
-0.132922495274094
0.670752362948963
-0.847092627599235
-0.290270321361052
-0.690330812854438
-0.844841209829862
-0.755073724007546
-0.396672967863897
-0.935459357277881
-0.332843100189036
0.115792060491497
-0.652701323251406
-1.07779017013233
-1.48011531190924
0.328640831758038
-1.22649905482032
-0.348181474480145
0.197381852551989
-0.604584120982981
-0.382650283553872
-0.0667051039697544
-0.356625708884689
-0.23214366729678
-0.373671077504723
-1.00188279773156
-1.31122117202266
0.194068052930057
-1.02320982986766
0.467353497164466
-1.0810283553875
-1.28470321361056
-1.25062381852548
-0.541436672967863
-1.01319848771266
0.0502665406427249
-0.228892249527408
-0.673986767485821
-1.56585255198486
-0.909221172022679
-0.465482041587898
-0.968533081285441
-1.18705482041586
-0.271784499054818
0.0531739130434809
0.385998109640835
-0.63382608695652
-0.0917977315689978
-0.792081285444231
-0.386671077504727
-0.995856332703212
0.181487712665409
0.132054820415882
-1.11237051039698
-0.781837429111529
0.250137996219281
-1.09056899810964
-0.618843100189033
-1.05376181474478
-0.0753043478260868
-0.780338374291112
-0.401385633270319
0.320593572778829
0.412383742911155
-0.745790170132324
0.168251417769379
-0.106646502835537
0.555086956521739
0.39282041587902
-0.15278260869565
-0.386283553875237
0.103914933837431
0.333400756143669
-0.21103213610586
0.736606805293008
0.427565217391305
0.512544423440456
-0.38640831758034
0.732586011342154
0.202468809073725
0.501508506616258
-0.0185727788279773
0.38737807183365
0.642706994328923
0.588918714555767
-0.168470699432891
-0.378533081285443
-0.659992438563327
-0.169807183364839
0.400652173913044
0.125240075614367
-0.419595463137996
-0.367916824196598
-0.0269924385633271
-0.367540642722117
-0.876060491493383
-0.167253308128544
-0.368396975425331
-0.325198487712665
-0.950671077504726
-0.252629489603025
0.234527410207939
0.681678638941399
0.426863894139887
-0.433279773156899
-0.00908884688090737
-1.010190926276
-0.51135538752363
-0.815478260869565
-0.173958412098299
0.848597353497165
0.423383742911153
-0.266890359168242
-0.183979206049149
0.491240075614367
0.294
0.336
0.787
-0.954
0.512
-0.319
-0.32
-0.14
-0.867
0.893
-0.833
-0.42
-0.539
-0.783
0.718
-0.28
-0.008
-0.971
0.817
-0.458
-0.673
0.372
0.978
0.093
-0.377
-0.121
-0.853
-0.863
-0.977
0.552
0.707
0.861
0.842
0.495
0.355
-0.17
0.049
-0.405
0.168
0.374
-0.909
-0.626
0.569
0.565
-0.563
-0.582
0.559
-0.701
-0.491
-0.877
-0.09
0.401
-0.083
-0.717
0.177
0.921
0.357
-0.306
0.423
-0.368
-0.466
-0.458
-0.164
-0.42
-0.815
-0.694
-0.263
-0.034
-0.139
-0.112
0.67
-0.604
-0.14
-0.557
-0.549
0.953
0.803
-0.588
-0.344
-0.795
0.32
0.847
0.628
0.9
-0.358
-0.694
-0.057
0.559
-0.682
0.433
0.472
-0.645
0.172
-0.464
-0.161
0.549
0.537
-0.012
0.379
-0.87
0.681
-0.408
0.438
0.621
-0.548
-0.487
-0.46
-0.526
0.831
0.223
-0.883
-0.055
-0.963
0.218
0.312
-0.313
-0.087
-0.064
0.937
0.879
0.362
0.177
-0.352
0.428
0.415
0.315
0.224
-0.676
0.603
-0.099
-0.585
-0.185
0.032
-0.475
-0.477
-0.273
-0.591
-0.993
0.447
-0.871
0.766
-0.532
0.727
0.094
0.315
-0.473
-0.683
0.954
0.224
-0.848
-0.365
-0.4
0.05
0.5
-0.233
-0.497
0.944
