-1.57944990548161
-0.544134215500689
-1.16894517958402
0.565708884688341
-0.834461247636711
-0.830527410207627
0.0339886578449986
-1.20596975425341
-0.233771266540144
-0.888965973534753
-0.659635160680479
-0.905100189035872
-0.541064272211501
-0.354296786389428
-0.334642722117145
-0.174686200377893
1.54706238185231
-1.55431001890309
-1.58503780718337
-1.26825519848708
0.540281663516255
-2.24898676748593
-1.76381096408305
0.35231947069956
-0.72273345935721
-0.968663516068033
-0.836924385633073
0.854820415879136
-1.65866540642699
-0.278162570888368
-0.75625708884685
0.142285444234495
-0.796523629489551
-1.28345368619944
-1.44090548204089
0.0652514177694089
-0.247221172022612
0.663933837429192
-0.527251417769413
-0.98479962192806
0.336952741020798
-0.416054820415761
-1.64828355387535
-0.490941398865742
-0.926130434783258
0.971967863894331
-1.21363894139894
-0.12262003780702
0.359601134215614
0.0848884688093139
-0.303831758033969
0.239315689981265
-0.239134215500976
-0.0871134215500508
0.828722117202252
-0.554052930056711
0.171000000000102
-1.45279395085086
0.545948960302535
-0.866325141776753
-0.314018903591676
-0.0533459357276182
0.821733459357467
-1.04309262759939
-0.279266540642796
0.49297542533101
-0.391240075614262
-0.589368620037816
-0.549079395084955
0.0471209829868116
0.363177693761947
-0.712807183364754
0.340143667296839
-0.749576559546209
-1.0854139886581
-0.786574669186975
0.409221172022788
0.0380396975425537
-0.307561436672883
-0.424907372400698
-0.261168241965873
0.546982986767505
0.398283553875318
0.112251417769492
0.508601134215663
-1.39254820415877
0.490060491493449
0.825506616257135
-0.771438563326974
1.24358223062395
0.151340264650437
1.61619848771259
0.400538752363088
1.50731568998173
1.3963270321365
0.971111531190867
0.816504725898073
0.674054820415917
-0.126608695652096
0.498136105860215
0.584797731569123
0.894105860113414
0.546442344045576
0.936716446124691
-0.819404536861861
1.22561058601132
2.20157466918757
10.9707448015097
1.4671096408329
1.00376559546257
1.6444215500939
0.429219281663555
-2.00729111531118
-0.0693137996218395
0.685431001890389
0.890361058601126
-1.50650472589749
0.266192816635232
0.767304347826294
-1.64002646502841
2.08083742911162
-1.00980718336431
0.153659735349739
0.23805671077505
-0.0262419659735109
-0.0621493383742929
0.954652173913053
0.624361058601213
-0.793406427221149
0.354155009451848
0.146393194707047
1.13397731568962
1.84990359168261
0.174926275992406
-0.313635160680436
-0.494175803402588
-0.842559546313803
1.87739130434816
-0.145431001890411
-1.13903213610578
-0.954291115311922
0.0368015122873511
0.136279773156876
-0.669871455576545
0.205911153119101
-0.939086956521732
0.427837429111555
1.13903969754272
-0.177224952741004
0.808368620037807
-0.164215500945177
1.15522684310007
-0.201
0.627729678638939
-0.704211720226838
-0.0202344045368639
-0.976
-1.15475236294896
0.611824196597353
-0.86075236294896
-0.0367523629489612
-0.398211720226841
0.783
0.206
-0.301
0.474
0.602
-0.617
0.473
-0.923
0.834
-0.09
0.93
0.437
-0.277
-0.895
-0.32
0.961
-0.156
0.005
0.742
-0.079
-0.56
0.608
-0.709
0.063
-0.243
0.069
0.665
-0.171
0.065
-0.65
0.215
0.445
-0.064
-0.454
0.258
-0.609
-0.927
0.488
-0.216
-0.139
-0.636
-0.965
0.929
0.559
0.504
0.361
0.038
-0.788
-0.257
-0.938
0.289
-0.061
-0.315
-0.67
-0.817
-0.826
-0.085
0.636
-0.283
-0.468
-0.283
-0.357
0.012
0.484
0.695
-0.516
-0.5
-0.823
-0.153
-0.712
0.888
0.356
-0.78
-0.119
-0.444
-0.595
0.679
-0.268
0.558
0.395
-0.969
0.452
-0.914
0.003
0.06
-0.724
-0.241
-0.395
-0.637
0.083
0.476
-0.564
-0.229
-0.748
-0.857
0.721
0.023
-0.556
0.864
0.019
-0.139
-0.139
0.365
-0.545
-0.827
0.933
-0.282
0.803
0.773
0.777
-0.505
-0.818
-0.922
0.322
-0.499
0.265
-0.443
-0.992
