-1.25514744801506
-1.175381852552
-0.137909262759923
-0.327725897920599
0.621064272211747
-0.718775047258959
-0.939183364839292
-0.29428733459357
-0.0933100189035758
-0.600982986767478
-1.1375822306238
-0.496054820415879
-1.27756899810968
0.197413988657852
-0.558742911153116
0.20570510396976
-0.347204158790171
-0.722773156899804
-0.653657844990534
0.214294896030252
-1.27950283553868
-1.59628922495269
-0.594981096408319
-0.765032136105855
-0.65555387523629
0.30715689981097
-1.13751984877124
-0.589858223062378
-0.301168241965966
-0.230657844990544
-1.11941587901699
-0.639241965973533
-1.07628733459356
-0.798493383742902
0.304510396975432
-0.850752362948954
-0.995748582230614
-0.0160226843100186
-0.725361058601128
-0.76897164461247
-0.539667296786387
0.0162722117202278
-0.25964083175803
-1.06022873345933
-0.247321361058597
-0.581321361058598
-1.42906805293004
-0.643311909262756
0.440308128544429
0.278538752362954
-0.487117202268428
0.222557655954634
0.522744801512291
-0.466381852551982
-0.989502835538746
-0.318175803402644
0.522568998109644
-0.824255198487711
-0.682568998109637
0.775572778827979
-0.437642722117201
0.104833648393196
-0.951113421550092
-0.562612476370509
-0.493909262759925
0.322548204158792
-0.0979338374291116
0.309621928166354
0.76530434782609
-1.12297920604916
0.322381852551987
-1.08407183364839
-1.1179224952741
-0.985820415879015
-0.386451795841209
-0.467852551984875
-0.109805293005671
-0.5546011342155
0.127319470699433
-0.964646502835538
0.488115311909262
0.0662835538752363
-0.112396975425329
0.809234404536863
-0.78612854442344
-0.425621928166351
-0.203629489603024
0.356485822306238
-0.676192816635158
-0.161867674858222
-0.11392438563327
0.583705103969755
-0.247497164461246
-0.415922495274102
0.61237807183365
0.534137996219282
-0.0293062381852552
-0.608654064272211
0.425591682419661
0.431965973534973
0.411224952741021
-0.49158034026465
-0.164759924385633
0.594423440453687
0.746744801512289
-0.201722117202269
0.282769376181476
0.856391304347827
0.776402646502836
0.450412098298677
-1.24192438563327
0.269041587901702
0.0124536862003781
-0.768489603024574
-0.962542533081285
0.367056710775048
-0.61694517958412
-0.474903591682419
-0.819544423440454
-0.993145557655955
-0.289984877126654
0.453370510396975
-0.0827655954631381
-0.319047258979206
0.234274102079396
0.587920604914934
0.0310453686200378
0.329608695652174
-0.86384877126654
0.0751020793950851
0.518920604914933
-0.573984877126654
-0.211816635160681
0.531837429111532
-0.45484877126654
0.0443856332703213
-0.530353497164461
-0.0901455576559546
0.720279773156901
0.10982797731569
-0.0378412098298678
-0.0954650283553876
0.616
0.043
-0.101
0.609
-0.253
-0.505
-0.572
-0.526
0.186
-0.502
-0.792
0.328
-0.072
-0.855
0.602
0.891
-0.44
-0.758
0.753
0.818
0.732
-0.329
0.871
0.539
-0.695
0.474
0.795
0.114
-0.13
0.287
-0.388
-0.022
-0.065
0.831
0.861
0.93
-0.944
0.63
-0.058
-0.309
0.118
0.682
-0.886
0.123
-0.73
0.653
-0.331
-0.58
0.517
-0.325
-0.464
0.689
0.577
0.439
0.198
-0.056
0.172
0.359
0.303
0.273
-0.3
0.313
0.604
0.899
0.885
0.23
-0.607
0.097
-0.717
0.672
0.835
-0.071
0.299
0.061
-0.3
-0.951
-0.444
-0.252
0.269
-0.348
-0.196
0.374
0.596
-0.806
-0.25
-0.078
0.4
0.495
-0.368
-0.083
-0.243
-0.304
-0.673
0.669
0.991
0.805
-0.922
-0.785
0.237
0.04
0.26
0.572
-0.863
0.845
-0.16
0.607
-0.61
-0.485
-0.261
0.148
-0.613
-0.577
-0.91
-0.35
-0.532
0.325
0.716
0.41
0.149
-0.037
0.829
-0.103
-0.536
0.366
-0.086
0.138
-0.398
0.629
0.07
-0.105
0.971
-0.659
0.511
-0.772
0.392
0.231
0.237
0.751
