-1.94347258979191
-0.948283553875218
0.071
-0.605245746691852
-0.905018903591656
0.145754253308148
-0.731018903591655
-0.874264650283557
-1.40935727788268
-0.424623818525512
0.462230623818529
-0.276204158790166
-0.772204158790162
-0.118030245746691
0.268676748582238
-0.301408317580336
-1.10812287334596
-0.312357277882795
-1.13210018903585
0.216200378071839
0.196017013232513
-0.893589792060479
-0.287372400756144
-0.897075614366728
-1.02273345935727
-1.31276937618142
-0.691425330812842
0.296663516068058
-0.987536862003776
-0.368801512287328
0.0577240075614378
-0.506514177693761
-0.599646502835533
-0.225472589792058
-1.25928544423439
-1.32831758034024
-0.641744801512283
-0.402964083175802
0.0935066162570922
-1.02141587901701
-0.329357277882796
-1.4313383742911
-1.36319092627596
-0.553119092627594
-0.431899810964082
-1.22329300567106
0.0932551984877164
-1.41633081285444
0.605631379962194
-1.20247258979204
-0.75800756143667
-0.450281663516068
-0.837440453686198
-0.62409262759924
-0.234500945179581
0.625920604914935
-0.0224423440453685
-0.838635160680524
-0.61895652173913
0.407695652173917
-0.0456729678638941
-0.702540642722114
0.203954631379964
-0.265981096408318
0.215667296786392
-0.561500945179582
-0.233795841209829
0.603551984877129
-0.227892249527409
0.660266540642726
0.586083175803405
0.455049149338376
-1.11811153119093
0.670979206049152
-0.691264650283553
0.480852551984878
-0.912251417769374
-0.0882230623818524
0.254051039697543
-0.7049224952741
-0.345115311909262
-0.515642722117201
0.75813988657845
-0.169334593572777
-0.421340264650284
0.132241965973536
-0.389300567107749
-0.974136105860113
-0.975431001890359
-0.678211720226842
-0.262396975425331
-0.557835538752362
-0.816143667296786
0.769931947069944
0.14754820415879
-0.189198487712665
-0.337143667296787
0.475514177693762
0.0142400756143667
-0.680417769376181
0.106911153119093
0.900856332703214
0.300637051039698
-0.997979206049149
-0.824
-0.033945179584121
-0.29347258979206
-0.577417769376181
-0.660198487712665
0.631
0.814164461247637
-0.695088846880907
0.351493383742911
-0.656
0.0958563327032136
-0.391088846880907
-0.308506616257089
-0.322362948960302
-0.748759924385633
-0.642
-0.987
-0.09
0.708
-0.39
0.141
0.426
0.558
-0.725
-0.246
0.583
-0.07
-0.333
0.992
0.045
0.259
-0.211
0.221
0.852
-0.308
0.691
-0.494
-0.785
0.712
-0.589
-0.473
-0.564
0.084
0.846
-0.317
-0.46
-0.884
0.989
0.229
-0.332
-0.693
-0.796
-0.801
-0.308
-0.13
-0.251
0.409
-0.568
0.669
-0.238
-0.3
0.15
-0.681
-0.686
0.084
-0.688
0.395
-0.153
0.987
-0.428
0.851
0.798
0.198
0.296
-0.917
-0.296
-0.658
0.711
0.591
-0.786
0.467
-0.059
0.437
0.323
-0.262
0.055
-0.41
-0.472
-0.019
0.943
-0.718
-0.926
-0.455
-0.051
0.71
0.376
-0.884
-0.231
-0.238
-0.629
0.144
0.268
-0.999
-0.344
-0.183
-0.491
0.006
-0.098
-0.392
-0.835
-0.594
0.697
-0.16
0.455
0.294
0.759
0.712
-0.005
0.576
-0.972
0.721
-0.133
0.865
-0.957
-0.711
0.777
0.252
-0.752
0.585
-0.293
-0.412
0.573
-0.051
0.22
0.069
-0.801
-0.06
-0.22
-0.494
-0.771
-0.951
0.687
0.919
-0.184
0.537
-0.415
0.234
0.09
0.655
0.951
0.663
0.121
0.192
-0.267
-0.351
-0.723
0.402
0.957
-0.633
0.039
0.256
-0.242
0.317
0.901
0.577
-0.167
-0.252
0.619
-0.615
0.095
-0.181
-0.068
-0.511
0.347
0.979
-0.966
