-2.06817769376166
-0.214438563327021
0.233260869565219
-0.850831758034006
-0.57086011342153
-0.644769376181453
0.200440453686211
-0.663115311909264
-1.13754253308125
-0.797069943289214
-0.516767485822302
-0.356695652173908
-1.06279395085068
-0.239327032136102
-0.235729678638938
0.322457466918719
-0.274253308128543
-0.566064272211715
-0.36393194706994
-0.150576559546312
-0.363508506616253
-0.34266540642722
-1.47801890359163
-1.23364839319471
-0.395247637051035
-1.15965973534968
-0.0251663516068012
-0.19072967863894
-0.769470699432881
0.194330812854446
-0.816637051039696
-1.09875614366725
-0.573674858223053
0.185226843100192
-0.241219281663514
-0.678482041587897
-1.14199810964079
-1.03737051039697
0.104725897920609
0.252958412098306
0.161413988657848
-0.0266616257088846
-0.935894139886577
-0.879810964083168
-0.457565217391303
0.0582873345935733
-1.25738941398865
-0.317945179584118
-0.51573913043478
-0.57489981096408
-0.783058601134214
-0.724043478260867
-0.673920604914932
-1.08915879017013
-0.842691871455575
-0.173582230623818
0.235642722117205
-0.0974177693761814
0.402111531190926
-0.91078260869565
0.503215500945181
-1.06865973534972
-1.11250850661624
-0.390001890359167
-0.941262759924383
-0.659559546313797
-0.383737240075614
-0.341175803402645
0.694181474480153
-0.456586011342154
0.223852551984877
0.153003780718341
0.291402646502835
0.262544423440456
0.420051039697545
0.371982986767486
-0.704502835538751
0.725988657844992
0.145884688090737
0.468905482041589
-0.812478260869564
-0.816862003780718
-0.607465028355386
-0.803793950850661
0.166897920604916
-0.782574669187144
0.801952741020794
-0.351300567107749
0.292514177693762
-0.845047258979206
0.266822306238186
0.263493383742911
-0.541088846880907
0.31554820415879
-0.88447258979206
0.665274102079396
0.483294896030246
0.873767485822307
-0.956561436672968
-0.507362948960302
-0.175705103969754
0.287
0.364
-0.898
0.24
0.287
-0.049
0.09
-0.418
-0.097
-0.368
0.633
0.967
-0.797
-0.957
0.399
0.681
0.859
0.599
0.976
-0.411
-0.971
0.431
0.638
0.372
-0.931
-0.175
-0.838
0.268
0.862
-0.996
-0.446
0.761
-0.308
-0.32
-0.057
-0.145
-0.683
-0.023
0.904
0.291
-0.263
-0.904
-0.593
0.547
0.648
0.305
-0.738
0.282
-0.283
0.989
0.637
-0.713
-0.926
0.905
-0.191
0.855
0.726
-0.271
0.17
-0.538
-0.212
0.822
-0.281
-0.102
-0.923
0.872
0.274
0.522
0.099
-0.457
0.363
-0.119
0.695
-0.316
0.852
0.932
0.023
-0.91
0.724
-0.237
-0.438
-0.12
-0.45
0.873
-0.634
-0.733
0.686
-0.214
0.871
0.088
0.129
0.588
0.806
0.441
-0.498
-0.085
0.376
0.509
0.469
0.776
-0.969
-0.261
-0.818
-0.826
-0.375
-0.245
-0.408
0.389
-0.947
-0.123
-0.169
0.635
0.005
-0.593
0.899
0.907
0.271
-0.154
-0.468
0.81
-0.815
-0.513
0.651
-0.989
0.413
0.775
0.075
-0.747
-0.818
-0.064
-0.445
0.514
-0.38
0.947
-0.268
0.823
-0.302
-0.624
0.247
0.61
0.674
-0.704
-0.267
-0.007
-0.743
0.493
-0.418
0.399
0.542
-0.405
0.644
-0.47
-0.023
0.659
0.59
0.543
0.087
-0.829
-0.24
-0.151
0.68
-0.662
0.207
0.117
-0.679
0.317
0.015
0.057
0.674
-0.924
0.209
-0.106
0.598
-0.079
-0.864
0.889
0.754
-0.342
0.754
