-1.62050283684169
-1.20601134293642
0.450637051039698
-1.63226654132013
-0.761879017065295
-1.54335538820104
-0.272153119144718
-0.621967864939894
-0.33065973651587
-0.169060492793347
0.647580340264653
-0.796608697081719
-0.628544424290443
-0.723869566151159
-0.522130435055163
-1.07209073753922
-1.19599621928165
-0.35551417869726
-0.565429111676947
-1.00160491534929
-1.16408884703573
0.0734933825232299
-0.450742911166497
-0.493858223249708
-1.24669754253302
-1.11391871489031
0.217119092426903
0.455381852270999
-0.726153119092618
-1.39917958413433
-1.00841776961698
-1.1301398866453
0.0073232510565113
-0.478705103969748
0.155833648393201
-0.000538752362948098
-0.700517958412094
0.0405614366729738
-1.01321550094517
0.643844990548209
-0.702224952741014
-0.734616257088846
-0.806221172022679
-0.944822306238177
-0.912776937618143
-0.882451795841201
-0.432565217391304
0.11770321361059
-0.264914933837424
0.41078827977316
-0.313710775047252
-0.624287334593572
-0.15048015122873
-0.299701323251417
0.421529300567112
-0.212521739130432
0.288257088846885
-0.916429111531187
-1.19832892249524
0.326000000000005
-0.64583175803402
-0.460340264650281
-1.15603024574667
0.0796654064272244
-0.158145557655954
0.156028355387529
0.307457466918714
-1.04559357277882
-0.161137996219279
0.514183364839323
0.136170132325145
-0.287179584120981
-0.0424404536862002
-0.0619678638941399
0.414175803402648
0.418298676748583
0.0186956521739128
-0.479557655954632
-0.558113421550092
0.475018903591685
0.376066162570889
0.733395085066164
-0.285894139886576
-0.385051039697541
0.00989224952741035
0.716625708884689
0.240275992438564
-0.708011342155009
0.256137996219284
-0.484669187145556
0.606706994328924
-0.595525519848771
0.451500945179585
-0.535340264650283
0.414385633270323
0.881461247637052
-0.523293005671076
0.148557655954632
-0.0362041587901702
-0.0177655954631379
-0.439909262759923
-0.145060491493384
-0.289684310018902
0.335213610586012
-0.446608695652173
-0.923034026465028
0.491404536862005
0.940315689981098
0.47279584120983
-0.832835538752362
0.789994328922495
-0.0351153119092627
0.813234404536862
-0.633232514177693
-0.752862003780718
-0.449642722117201
-0.998642722117201
0.459589792060492
-0.771436672967864
0.46454820415879
-0.877780718336484
0.35662381852552
-0.261088846880907
-0.545561436672968
-0.957362948960302
-0.142650283553875
0.421
-0.419725897920605
0.61007561436673
0.605020793950851
0.0275482041587902
0.906
0.651164461247637
0.505911153119093
0.0330756143667297
-0.362616257088847
0.169109640831758
0.445
-0.842088846880907
-0.0146162570888469
-0.704362948960302
0.336767485822306
-0.144
0.122
-0.243
-0.344
-0.397
0.105
-0.74
-0.101
0.924
0.045
-0.037
0.537
-0.089
0.245
-0.849
-0.73
0.337
0.713
-0.337
-0.079
-0.657
0.907
0.132
0.926
0.351
-0.645
0.337
0.64
0.42
-0.404
0.321
0.297
0.176
-0.225
-0.48
0.623
0.705
0.388
-0.731
-0.684
-0.676
-0.279
0.689
0.992
-0.057
-0.884
-0.399
0.797
-0.508
-0.1
-0.893
-0.549
-0.671
0.376
0.007
-0.051
0.989
-0.17
0.304
-0.753
0.768
-0.38
0.479
0.328
0.724
0.665
-0.639
-0.864
-0.275
-0.473
-0.435
0.949
0.444
-0.653
-0.403
0.622
-0.783
0.14
-0.017
0.234
0.754
0.539
0.147
-0.48
-0.511
-0.131
-0.032
0.799
0.768
0.57
0.633
-0.126
-0.917
-0.979
-0.453
0.704
0.242
-0.639
-0.732
0.277
0.755
-0.535
0.072
0.965
-0.666
-0.842
0.006
0.982
-0.221
0.385
-0.269
-0.151
0.847
-0.931
-0.507
-0.772
0.472
-0.041
-0.161
-0.146
-0.303
-0.438
-0.633
0.154
-0.106
0.691
0.865
0.423
0.799
-0.107
-0.62
0.856
-0.128
0.705
0.479
0.288
-0.533
0.182
