-1.52670510396966
-0.259716446124752
-0.195362948960302
-1.41421172022702
-0.424423440453681
0.0511720226843268
-0.457005671077506
-1.12438185255195
0.010243856332719
-1.17459735349717
0.054412098298683
-1.15583175803401
-0.91171644612475
-0.332986767485818
-0.313548204158783
0.268553875236299
-1.07458223062383
-0.994056710775045
0.0145652173913062
-0.952170132325133
0.309315689981104
-0.406890359168238
-0.123039697542534
-1.24727977315688
-0.625073724007553
0.140909262759934
-0.0238714555765557
-1.01541020793949
-0.120209829867673
-0.177824196597349
-0.574257088846876
-0.149313799621926
0.206134215500953
-0.849421550094511
0.520257088846888
-1.10422684310014
-0.386421550094515
-0.824867674858217
-0.636041587901697
-1.03305482041586
-1.06226843100187
0.390257088846882
-0.311775047258975
-1.11535538752362
-0.433869565217387
-0.811068052930053
-0.718156899810961
-0.667068052930053
-0.872092627599239
-1.03383175803403
-1.06666918714552
-0.393179584120979
-0.324714555765593
-0.814695652173911
0.250374291115314
0.436896030245748
0.780565217391306
-0.411748582230623
-0.0306313799621919
-0.0918525519848769
-0.921175803402645
-0.799873345935726
0.367701323251421
-0.720249527410208
0.125975425330815
-0.902606805293003
-0.258941398865785
0.841241965973539
-0.123565217391303
-0.337920604914932
-0.400790170132323
0.743614366729679
0.679319470699436
0.0589073724007568
-0.875724007561435
-1.05878449905482
0.825907372400757
0.145852551984877
0.133187145557658
-0.62833270321361
-0.0100264650283554
-0.235402646502834
-0.989725897920604
0.0761928166351616
0.202117202268431
0.980548204158792
-0.469266540642723
0.302965973534972
0.0916030245746692
-0.756958412098298
-0.81537618147448
-0.812156899810964
0.31115122873346
0.54554820415879
-0.955979206049149
0.798986767485823
-0.708068052930057
-0.542431001890359
-0.0712533081285444
-0.380034026465028
0.559404536862004
-0.38884877126654
0.584041587901702
0.423240075614367
0.347054820415879
-0.91047258979206
-0.0394177693761815
0.659801512287335
-0.904
0.354527410207939
0.68654820415879
-0.353
0.54154820415879
-0.307780718336484
-0.986362948960302
0.343
-0.694362948960302
-0.64947258979206
0.183493383742911
0.22954820415879
0.642219281663516
0.556240075614367
-0.179
-0.266
-0.395
-0.454
-0.413
-0.716
0.125
-0.619
0.748
0.469
-0.67
-0.415
-0.098
-0.607
0.215
-0.422
0.765
0.14
0.027
-0.113
0.214
0.747
-0.435
0.557
-0.34
-0.366
0.539
-0.291
0.508
0.956
0.284
0.694
-0.018
-0.994
0.81
-0.132
-0.17
-0.199
0.502
-0.323
-0.461
0.714
0.606
-0.773
-0.684
-0.035
0.793
0.622
-0.872
0.729
-0.415
-0.948
-0.788
-0.242
-0.646
0.073
-0.831
0.048
0.886
0.952
-0.256
-0.584
-0.127
0.791
-0.816
-0.364
0.603
-0.104
-0.418
-0.653
0.747
-0.036
0.637
-0.651
-0.653
0.5
-0.859
-0.662
0.24
0.694
-0.159
0.916
-0.419
0.778
0.371
0.232
0.482
-0.777
0.651
-0.264
-0.301
0.782
-0.085
0.549
0.933
-0.877
-0.159
0.814
-0.958
0.68
0.362
-0.104
0.04
0.78
0.981
0.621
-0.586
0.862
-0.59
-0.146
-0.068
0.83
0.807
-0.809
0.111
-0.173
0.834
0.094
-0.58
-0.048
0.154
0.379
0.244
0.845
0.648
0.965
-0.952
-0.913
-0.584
-0.776
-0.342
-0.674
-0.704
0.56
-0.668
0.944
-0.124
-0.2
0.797
0.749
-0.183
0.619
0.812
-0.203
0.803
-0.132
0.974
-0.277
-0.562
0.105
-0.712
0.747
0.393
0.089
-0.475
0.982
0.652
0.194
