-1.25060869780173
-0.0412306241995554
0.039474481644861
-0.907786390844136
0.504105860103959
0.774748585928598
-2.05079395566845
-0.070971643504838
0.104086956704753
-0.0391379955813096
0.0198430989545433
-0.0475047246500971
-0.110293006276063
-0.0905009447936884
-0.00432892313966295
-0.0607126642712795
0.0113705091307465
0.0289584128243079
-0.00292249468823533
-0.0177901700936585
-0.0858260877565494
-0.043141777480648
-0.0374158786804638
-0.0511058594050322
-0.0419489598201476
-0.00169943241059771
-0.0113837424344477
-0.00833459385590693
-0.00205292972927342
-0.0265028362070958
-0.00391493350156473
-0.0114669183364243
-0.0202041587669964
-0.0372854442542168
-0.0211776948047971
0.00549716443937357
-0.0475652177624862
-0.00563705049537559
-0.0495614370019003
0.0194442350727853
-0.012903591616949
0.000311909257107589
-0.024277883123821
-0.0416937628514225
0.0204234404691622
0.0208374292149753
-0.00464272122005945
-0.0166710779160026
0.0175557653362769
-0.0273818529738527
-0.00105860169833408
-0.0332495275722069
0.0174272205536837
0.0169432894277538
0.0218241979923579
0.00972778787695625
0.00246313808420988
-0.0218563332968803
-0.0171682424638782
-0.0148941400809893
-0.00291115200718765
0.0144404544572884
0.039587901837931
-0.0011758021125484
-0.00479584062958907
0.0292230623586142
-0.0395482053060213
-0.027071834035047
0.00643289186359927
-0.0234366730397085
-0.0070113422888323
0.0135028359795524
0.00559168214217179
-0.0248790176181793
-0.00947826104142751
-0.0227637057849941
-0.000156900283499449
-0.000164460820901083
0.0252022688267515
0.0273289231121369
-0.00391682521351272
0.0303270324402764
-0.0206994338802735
-0.00935916794620627
0.0184593575391542
-0.0015255201980654
0.0263988655133843
0.0897901720344069
-0.0503742907653584
0.0387466926502935
0.038423439188904
-0.0711323249544695
-0.0785047265415745
0.0522344036981236
-0.0464612480630774
-0.121255199648186
0.148862002963069
-0.0406824194252294
-0.0790132324761448
-0.0627296788678359
-0.0269489618742514
-0.0965217394712936
0.061584119952008
0.0444820430026463
0.0456427212361997
-0.0153251437994437
0.0802438567939505
0.0439527404834752
-0.160117202299511
-0.02394517878202
0.0732589790300101
0.0381190945219367
0.0577618151905661
0.117506617619771
-0.0903723999688253
0.0161947074330548
-0.214773155258314
0.172663515535063
0.18688657828868
0.184206052506347
-0.0575255200987779
-0.27773156553337
-0.326846877114418
0.238338370039769
-0.435206045871927
0.157827976103024
0.343519847314883
-0.329306238363446
0.526497163686651
0.22599432958587
-0.0880245729699724
0.29000566842614
-0.201593574709105
-0.148221170001512
-0.632206050422486
-0.426676748327307
0.598657847226414
-0.0917882803752566
0.147069942407548
-0.0166880900435875
-0.604217388533981
0.592457467346186
-0.706243856773537
0.217663515513889
-0.0710983009703734
-0.170300566471128
0.649933836698846
0.146285444370985
0.0117466896545996
-0.823627597954443
-0.513578450028012
0.321228733211478
0.804
-0.805421550056491
-0.701903591676084
0.387928166478365
-0.653
0.197253308210934
0.0614461248587735
-0.520746691789066
0.278253308210934
0.443096408323918
-0.93
0.893
0.862
0.903
0.276
0.409
0.587
0.095
-0.537
-0.171
-0.934
-0.671
-0.682
-0.83
-0.974
0.151
-0.503
-0.815
0.269
-0.798
0.102
-0.122
-0.205
-0.031
-0.932
0.7
-0.764
0.63
0.824
-0.634
-0.459
0.499
-0.707
-0.376
0.645
-0.65
0.398
0.513
0.182
-0.6
0.578
-0.529
-0.919
0.694
0.303
0.474
0.84
-0.879
0.239
0.195
-0.379
-0.216
0.131
-0.004
-0.666
0.191
0.097
-0.108
0.835
0.576
0.173
0.956
0.27
-0.904
-0.713
-0.434
-0.965
0.693
-0.475
0.676
0.753
-0.017
0.002
-0.132
-0.376
-0.369
-0.204
0.101
0.666
-0.407
0.86
-0.886
-0.609
-0.371
0.745
0.756
-0.632
0.297
-0.711
-0.547
0.253
-0.495
0.677
0.606
0.226
0.622
0.201
0.985
0.406
-0.263
0.439
-0.854
0.596
0.562
0.442
0.637
0.781
-0.737
-0.628
0.703
-0.606
0.995
0.226
0.241
0.715
0.059
0.564
-0.36
