-3.69789224951358
-2.70878827981091
-0.766517958412066
-0.23289413988261
-1.40456710775025
-2.89731758037929
-1.2694045368604
-0.618998109640592
-0.536765595459181
-1.50942155009458
-1.204098298677
0.516691871458347
-0.338635160679161
-0.103147448014827
0.246542533082251
0.159281663517058
0.27652551984954
0.16703969754297
0.168661625709806
0.0315047258981146
-0.0996994328921361
-0.119438563327104
0.122022684310441
0.256553875237232
-0.164487712664739
-0.160285444233754
-0.0084272211710106
0.102644612477043
-0.154499054819685
-0.150173913042432
0.182194706995134
0.218285444235847
0.635635160682613
0.279593572780029
0.110487712666486
0.291837429112477
-0.413408317579231
-0.0452457466911068
-0.270289224951883
0.104998109641617
0.241393194707944
-0.075979206048544
-0.200026465027635
-0.132661625708071
0.201480151230605
-0.153257088846054
-0.0976143667291491
0.0145708884696092
0.00798487712754825
0.0648884688101895
0.328716446126382
0.0430812854448424
0.200746691872217
-0.0364234404528704
0.0367296786400672
-0.125712665405854
0.135580340265385
-0.1393289224944
0.0695897920612451
0.242903591683457
0.477839319472272
-0.213786389413097
-0.0855368620030667
0.121442344046072
0.409517958413883
0.353081285445844
0.86073534971944
12.2215085067442
0.525440453687072
0.655555765596892
0.0863950850665975
0.54808695652278
0.206705103970579
0.0995255198490332
-0.0789810964080003
0.0485311909267447
0.606998109641503
0.224856332703544
0.211973534972203
-0.0571266540639913
-0.325431001889973
0.130593572779299
0.192903591682994
0.0782892249528777
-0.18452173913039
-0.410090737239848
-0.0335009451790979
0.459865784499284
0.379860113421975
0.43037996219298
-0.280470699432753
-0.276969754253057
-0.0784461247635687
-0.34169754253278
0.0728109640834251
0.0349924385634975
-0.375657844990432
0.53811720226879
-1.36448582230574
0.388514177693994
0.142907372400835
-0.184962192816507
0.106277882797888
0.202145557656084
0.603202268431301
0.0272665406428129
0.196907372400814
-0.11149905482037
-0.681977315689838
0.741924385633647
0.350410207939636
-0.41016446124753
-0.317330812854451
0.943296786389446
-0.507752362948873
0.0693081285444623
-0.151073724007544
-0.021576559546292
-0.0452249527409562
0.86450472589795
-0.641773156899815
-0.227202268430952
0.441364839319515
0.0444385633270356
1.07638563327039
-0.562493383742912
0.631258979206052
-0.564073724007576
0.953463137996199
0.431340264650307
-1.18975992438573
-0.677865784499028
-1.21358790170178
-0.51444234404536
-0.0658185255198217
0.0622722117202169
0.328608695652216
-1.60375992438554
-0.645950850661602
-0.856873345935696
1.15476181474489
-0.0288620037807116
-0.148854442344039
0.459296786389431
-0.00982230623818443
-0.100512287334595
0.497355387523633
0.412984877126667
-0.524453686200375
0.00911909262760064
0.691209829867673
0.319831758034027
-0.428
-0.622657844990548
0.018890359168242
0.659807183364841
-0.064
0.970574669187141
-0.359644612476374
0.0805746691871456
-0.0544253308128558
0.572890359168238
0.065
-0.206
0.908
-0.149
-0.991
-0.732
0.468
0.283
0.019
0.999
-0.465
-0.272
0.075
0.129
-0.275
-0.034
-0.424
0.2
0.46
-0.527
-0.672
0.751
-0.999
-0.606
-0.851
0.711
0.572
0.935
-0.189
0.6
0.796
-0.659
-0.906
-0.611
-0.807
-0.881
0.383
-0.875
0.192
0.201
-0.858
0.383
0.586
0.851
0.143
0.844
0.29
0.887
-0.104
0.97
0.37
0.411
0.596
-0.552
0.242
0.313
-0.207
0.514
-0.298
-0.703
-0.305
0.532
-0.528
0.419
-0.798
-0.806
-0.367
-0.315
-0.064
-0.394
0.582
-0.549
-0.992
-0.741
-0.669
-0.055
-0.836
-0.851
0.25
-0.695
-0.579
0.685
0.039
-0.16
-0.77
-0.616
-0.255
0.646
0.147
-0.121
0.326
0.868
0.422
-0.105
-0.494
-0.391
-0.09
-0.833
0.648
-0.051
0.21
-0.396
-0.049
-0.71
-0.613
-0.082
0.403
0.336
-0.883
-0.704
0.148
-0.357
-0.737
-0.604
0.875
0.009
-0.507
0.631
