-1.15308506618014
-0.922379962203356
0.387911153119093
-1.11769943290145
-0.663860113422223
-1.12096597354417
-0.679682419660408
-1.05659357279994
-0.193758034039829
-0.403086956521728
-0.628385633273136
-1.56826843101668
0.18207750471676
-0.946780718337883
-1.53747448015466
0.194890359155574
-1.39795652173915
-0.064334593586858
-1.02286011342716
-0.395776937618842
-1.37788657845975
-0.709054820415874
-0.978209829868373
0.186376181464625
-0.260780718336478
-0.953419659736044
0.112746691856673
-0.727258979210972
-0.607139886587594
-0.575888468812588
-0.691608695662032
0.0250661625568081
-0.6908638941434
0.113052930053901
0.145499054820422
-0.351593572791503
-1.39152551984948
0.214986767471744
-0.0844839319660833
-0.301313799621924
-1.14152930056711
0.20112287334594
-0.712262759924378
0.687192816635165
-1.21636483931944
-0.691697542533076
-1.16727221172022
-1.3876786389414
-0.946206049149331
0.472415879017015
-0.125120982986767
-0.568158790170124
0.626412098298681
-0.0967920604914935
-0.472603024574667
-0.829427221172018
-0.799896030245743
0.306678638941404
0.269877126654066
0.241300567107752
-0.155695652173912
0.407824196597355
0.114621928166355
-0.591270321361054
-0.681003780718334
-0.390085066162568
0.239081285444233
-0.808204158790168
-0.401258979206049
-0.117969754253307
0.239393194706995
-0.608272211720224
-0.69993572778828
0.512763705103971
-0.361533081285443
-0.547629489603023
-0.925903591682418
-0.681423440453684
0.555576559546315
-0.640971644612476
-0.469465028355387
0.443761814744802
-0.663519848771266
-0.216519848771266
0.642096408317581
-0.90539697542533
0.750206049149339
0.386733459357279
-0.0833421550094517
0.248500945179585
-0.469143667296786
-0.441122873345935
-0.81345179584121
0.595096408317581
-0.96892438563327
-0.461451795841209
-0.893232514177693
-0.864903591682419
0.291109640831758
0.446822306238186
-0.116088846880907
0.899856332703214
0.443637051039698
0.287020793950851
-0.439
-0.248945179584121
-0.76047258979206
-0.721417769376181
-0.443198487712665
-0.71
-0.768835538752363
-0.875088846880907
0.968493383742911
0.14
0.148856332703214
0.445911153119093
0.369493383742911
-0.246362948960302
-0.131759924385633
-0.424
-0.016
-0.702
0.312
0.362
-0.552
-0.234
-0.74
-0.219
0.596
-0.868
-0.644
0.938
0.069
-0.862
0.503
-0.35
-0.947
0.065
-0.753
-0.092
0.865
0.49
-0.155
-0.362
0.049
-0.596
-0.403
0.055
-0.541
-0.412
0.169
0.363
0.272
-0.284
-0.524
-0.408
-0.406
-0.917
-0.152
0.795
-0.508
0.458
-0.316
-0.57
0.933
-0.705
0.063
0.838
0.637
-0.496
0.399
-0.688
-0.492
0.973
-0.289
0.493
0.453
-0.327
-0.688
-0.957
-0.831
0.204
-0.678
0.008
-0.038
-0.008
-0.334
-0.648
0.662
-0.09
-0.944
0.97
-0.783
-0.548
-0.584
-0.594
-0.194
-0.586
-0.296
-0.246
0.341
-0.242
0.418
0.954
0.188
-0.143
-0.145
0.299
-0.995
-0.018
0.139
0.92
0.77
-0.196
0.625
0.288
0.136
0.675
0.467
-0.059
0.629
-0.29
-0.824
-0.274
-0.552
0.429
-0.905
-0.945
0.557
-0.696
-0.313
0.038
0.968
0.558
-0.298
0.41
0.785
-0.632
0.819
-0.895
-0.863
0.367
-0.653
-0.321
0.771
-0.865
-0.801
0.412
-0.174
0.128
0.269
0.13
-0.054
0.763
0.124
-0.369
-0.418
-0.308
0.506
0.759
-0.238
-0.201
0.741
0.7
-0.705
-0.9
0.952
-0.789
-0.898
-0.785
0.502
-0.232
0.856
0.362
-0.197
-0.738
-0.637
0.496
-0.045
-0.688
