-3.05375236293186
-1.39059924386557
-1.22356521739113
-0.959098298704376
-0.828608695649111
-2.7265784499445
-3.0912722117199
-0.460812854443045
-1.68525519846267
-1.71740264650237
-0.17975614366668
-0.381648393192758
-0.48862759924072
0.0649621928169473
-0.239192816633868
-0.628984877124881
0.360209829868649
0.105190926276619
0.0495141776945796
-0.163368620037651
-0.175232514177344
0.301047258979589
0.44492627599291
0.0408128544430182
0.223689981097124
0.082432892250415
-0.18265973534892
-0.200533081285007
-0.0686994328914091
-0.152100189034996
0.232451795842241
-0.0908279773151336
0.0155141776951058
-0.0771209829861347
0.0872211720233599
0.155372400757028
-0.084790170131723
0.325037807185144
-0.17139508506568
-0.182568998108576
-0.0107731568990241
-0.0235897920598271
-0.0388298676742379
0.0577240075621768
-0.0151739130428142
0.183977315690707
-0.0473913043468318
-0.340775047257947
0.0369338374300598
-0.119954631379365
-0.0585841209822552
0.207003780719063
0.123839319471509
-0.0076956521735103
0.0272400756149961
-0.0717183364834519
-0.146489603023993
-0.00067296786294696
-0.186096408316866
0.184366729679486
0.148897920605716
0.357788279774318
0.11403024574728
0.210701323252
-0.0373383742904281
0.134079395086119
-0.13487523629452
-0.0311266540638045
0.543848771268307
0.220691871456393
0.200551984878179
0.434982986769376
12.1668903592262
0.345504725898748
0.502831758034951
0.387527410208679
0.231599243856798
0.147599243856661
0.0119810964085973
0.299109640832508
0.0740586011344473
0.391519848771674
0.283799621928672
0.0696862003784057
0.594102079395538
-0.432964083175627
0.118508506616548
-0.38279962192784
0.185809073724084
-0.145880907372256
0.156776937618493
-0.052981096408232
0.268168241966215
0.470742911153373
-0.512941398865683
0.00425708884694554
-0.335635160680547
-0.0562419659733915
0.170149338374407
0.197572778828158
-0.192489603024445
0.268179584121158
-0.177211720226734
0.706073724007691
-0.550712665406401
-0.31923629489605
0.969170132325397
-0.249075614366652
0.325956521739224
-0.269132325141714
-0.379931947069951
-0.134408317580298
-0.20410775047254
-0.0381361058600276
0.607000000000121
-0.664699432892231
-0.799357277882722
0.381718336484026
-0.184495274102043
1.72927410207922
0.278748582230708
-0.951035916824198
0.268413988657907
-0.00781285444237688
0.456637051039735
-0.367504725897931
-0.227852551984848
-0.22593005671078
0.00962003780718863
0.0273478260869514
1.48828544423407
0.509013232514194
-0.389807183364832
0.377207939508517
-0.287701323251417
-1.41203969754254
0.0918884688090748
-1.31835916824187
-0.304514177693732
0.542773156899841
0.0184158790170217
-0.368710775047233
0.044497164461242
1.21481096408338
0.279892249527413
-0.797243856332691
-0.735924385633268
-0.636039697542533
0.554196597353512
0.230153119092641
0.558340264650275
-0.776482041587895
0.873
0.209724007561438
-0.986712665406432
-0.55525330812854
0.944
-0.818264650283562
0.622310018903589
1.13573534971648
1.06173534971644
0.614287334593566
0.599
-0.985
-0.756
0.112
0.813
0.145
0.629
-0.532
-0.965
0.587
-0.328
0.225
0.035
0.414
-0.954
-0.187
0.975
0.906
-0.064
0.738
0.346
-0.928
-0.005
-0.222
0.618
-0.989
0.965
0.665
0.694
0.498
0.134
0.702
0.611
0.346
-0.911
-0.324
0.571
0.485
-0.261
0.128
0.286
0.012
0.784
-0.61
-0.544
-0.352
-0.899
-0.413
-0.848
0.13
-0.953
0.532
0.039
-0.837
-0.745
0.526
0.02
0.466
0.494
0.801
0.179
0.964
-0.227
-0.463
-0.547
-0.03
0.613
0.689
0.325
0.37
0.241
-0.51
0.166
0.808
-0.548
-0.666
-0.713
-0.396
-0.679
-0.031
0.91
0.378
0.512
-0.437
0.451
0.602
-0.338
0.448
0.091
-0.438
0.655
-0.895
0.991
-0.063
0.948
0.321
-0.761
0.247
0.936
0.486
0.035
-0.589
0.261
-0.218
0.889
0.556
-0.635
0.231
0.71
0.92
0.239
-0.585
0.144
-0.476
0.89
0.801
-0.548
-0.791
