-2.17550850661351
-1.72900945179601
-0.691979206049141
-0.389052930056495
-1.27683553875259
-0.489657844990322
-0.432425330812902
-0.612345935727831
-0.410601134214842
-1.14311342154995
-0.137843100189039
-0.632497164460497
-0.415608695652108
-0.35070321361055
-0.0501512287334404
-0.31997353497171
-0.086610586011361
-0.0223686200378325
0.102241965973511
0.180971644612474
-0.10844801512288
-0.155705103969834
-0.0559130434783341
-0.159164461247693
-0.314185255198501
-0.177637051039679
-0.303833648393154
0.200650283553879
0.0144706994328915
0.025306238185209
0.0655293005670855
0.0916238185255478
-0.18380718336483
-0.167158790170118
0.242073724007576
-0.141988657844973
0.104304347826138
-0.214058601134202
-0.040122873345948
0.107960302457466
-0.231941398865771
0.0270340264650162
-0.00598676748581215
-0.0438355387523434
0.145888468809053
0.112342155009462
-0.124514177693783
-0.262799621928158
7.1920718336484
-0.292071833648392
0.320103969754287
0.0746691871455668
0.446559546313826
0.0830718336483743
-0.0537655954631455
-0.111068052929997
0.223406427221185
0.0366559546314079
0.200652173913102
-0.192353497164475
-0.211344045368615
0.339459357277913
0.174168241965951
0.242204158790165
-0.118432892249536
-0.107120982986739
-0.282865784499065
-0.257011342154989
0.0881701323251898
-0.249427221172051
0.34793383742915
0.141153119092655
0.0423289224953026
-0.156056710775059
0.04807372400758
0.206145557655985
-0.293858223062399
-0.184100189035927
0.273342155009485
0.0545141776937519
0.123098298676698
0.0912911153119172
0.109185255198477
0.0503988657845199
-0.271168241965952
0.183204158790159
-0.285465028355399
0.267565217391306
-0.112448015122879
-0.140241965973525
0.0235463137996166
0.14279017013233
0.0616049149338353
-0.0387504725897834
-0.0460075614366674
-0.503875236294903
-0.081444234404517
-0.351270321361065
-0.0261190926276022
-0.255079395085076
0.208480151228751
-0.184665406427218
0.256253308128549
-0.152546313799626
-0.172141776937608
0.130274102079403
0.116933837429121
0.220708884688099
-0.0732249527410184
-0.100230623818518
-0.306867674858227
-0.182340264650263
0.681500945179601
0.574776937618154
-0.28993194706994
-0.204391304347832
-0.0891965973534902
-0.037383742911148
-0.332090737240068
-0.578574669187147
-0.2663629489603
-0.263096408317581
-0.135584120982989
-0.273060491493383
0.777593572778834
-0.0585614366729703
-0.505100189035915
-0.546102079395082
0.801103969754253
0.56896219281665
0.076759924385638
0.275693761814744
-1.05212098298678
-0.294357277882797
0.207565217391303
0.0988241965973561
-0.278911153119095
0.670049149338377
0.0693667296786423
-0.566431001890357
0.224060491493386
-0.533638941398863
0.177746691871458
-0.467376181474475
0.213412098298677
-0.259669187145557
-0.991034026465032
0.364899810964081
0.953395085066163
-0.511803402646504
0.635888468809073
-0.362113421550094
0.926
-0.595519848771267
0.855746691871454
-1.06906616257089
0.984
0.427706994328923
-0.600799621928166
0.898706994328922
-0.00929300567107721
0.718746691871454
0.499
0.027
-0.332
-0.076
-0.884
0.8
-0.906
0.261
-0.951
0.27
-0.75
0.904
-0.737
0.841
0.535
-0.759
-0.986
-0.123
0.181
0.38
-0.396
0.431
-0.626
0.066
0.422
0.601
-0.696
0.322
-0.053
0.481
0.5
0.501
0.655
-0.791
0.395
-0.846
-0.866
-0.67
-0.051
-0.784
0.113
-0.637
-0.635
-0.706
-0.753
-0.979
-0.834
-0.981
-0.52
0.743
0.468
0.586
-0.227
0.666
0.119
-0.932
-0.347
0.601
0.502
-0.486
0.496
-0.228
-0.687
-0.433
0.77
-0.251
-0.752
-0.946
-0.555
0.38
-0.894
0.684
0.928
-0.036
-0.733
-0.76
0.065
-0.921
-0.182
0.4
0.435
-0.716
-0.159
0.204
-0.988
0.914
-0.272
0.988
0.089
0.327
0.501
-0.467
-0.173
-0.566
-0.28
-0.66
-0.951
0.797
-0.477
0.498
0.773
-0.889
0.574
0.099
0.637
0.784
0.658
0.808
0.399
-0.122
0.002
-0.427
-0.218
-0.899
0.079
0.211
0.931
0.109
