-2.08916068023339
-0.624652173743978
0.0278090737240074
-1.87103024585113
-0.0445860113956572
-1.36851417747417
0.0408563323961862
-0.0341171987473585
-0.321879015917385
-0.74027977518078
0.751799624202795
-1.04689224996742
-0.520654066025677
-0.292379959365381
-0.376449905467228
0.0914574656906091
-0.650054819172306
-0.911323252181147
-0.210177692051311
-0.695814745134595
-1.37976181485514
-0.190879016520988
-0.133143668735489
-0.925593573632989
-0.136661626881386
-1.00953308086596
-0.194423441544498
0.238506616419114
-1.07931757784767
-1.06838185249897
-0.549561436272233
-1.10935727855717
-1.39037618057141
0.130926276655101
-0.27290358925072
-0.407258978667997
-1.19099621920377
0.310691869260508
-0.670546316072825
0.315786391941427
-1.18250472342513
-0.0398638945011347
-0.0196956531837468
-0.963000001719665
-0.173043473508062
-0.980582231178002
-1.08548771263881
-0.688680527931569
0.401913045033876
0.332431003602332
-0.676504720995786
0.285829867131898
0.130599247499252
0.0348052946394585
-0.836945181374911
-0.628818523510027
0.109909262217008
-0.95577315943777
-0.758092627616816
-0.257603026976021
0.751279773743541
0.653294896354182
-0.75636672734695
-0.0429187160423484
0.426523633622595
0.0671115292860544
-0.7294839307851
-0.983054816404991
-0.35204536970737
0.379863892663093
0.521623817657994
-0.604224955376878
0.635349714209535
-1.6755463145137
-0.171918713843794
-0.461353498427812
0.194648394113013
0.341758033788422
0.996504727262695
-1.18217391290193
0.379262764844036
-0.286319467129104
-0.450890359443582
-0.382637052086107
0.256327030726981
-0.286620038840936
-0.314578450911869
1.58043478308183
-0.67594517863903
-0.355143670132656
0.249412097775488
0.732822305786783
0.0893818493865763
0.831432892716417
-0.703735348941805
0.370485819923213
-0.346359165476505
-0.268419660258553
1.06458790365799
-0.138177695013186
-0.506485818314018
0.815423439908636
-0.675820416321206
0.454941400771384
0.0493156919606428
0.222616254493165
-0.154773157613172
-0.190223066864168
0.19679206051261
0.700826087476263
1.24326276020043
0.0387013257112405
-0.911257088729993
0.552712669002889
-0.353075615233646
0.735567110202531
0.553279774237905
-0.175289226899176
0.747296787245761
1.31880718606501
0.653003780461307
0.174147447720771
-0.169586012114676
0.631879015842812
0.578466917437114
1.80420793989928
1.69376748413901
0.427688091610478
2.09198865577212
0.783824198856512
0.460848771720762
0.585508506545151
0.639504725180313
0.437226842887541
0.0293213585516043
2.98075047341553
1.50017391483313
0.626162569916654
0.341007561457795
0.278984881292052
0.161536865618538
-0.316187146073169
0.942810965262033
-0.0603327024382725
0.360336485043209
1.30064461365737
0.249364838820889
-0.285833648840379
0.0212287332755566
0.0552079395106213
-0.71909640872319
-0.614406427939452
0.608
0.864818525748023
-0.961030245708671
0.45839508582671
0.155
-0.935393194212649
1.00454631437002
-0.120393194212645
0.660606805787356
0.75996975429133
0.465
-0.211
0.736
0.012
-0.376
-0.562
0.981
0.163
0.362
-0.92
0.8
-0.122
0.049
0.613
0.213
0.694
0.573
-0.984
-0.598
0.295
0.698
-0.392
-0.045
0.514
0.012
0.746
-0.868
-0.121
-0.457
0.609
-0.135
0.539
-0.257
0.075
-0.412
-0.147
-0.166
0.829
0.13
-0.322
-0.32
0.431
0.857
-0.719
-0.249
-0.27
-0.209
-0.578
-0.834
0.46
-0.561
0.928
-0.575
-0.687
-0.942
-0.143
0.833
-0.778
0.999
-0.123
-0.694
0.101
-0.38
0.753
0.215
-0.74
-0.865
0.974
0.025
-0.641
-0.141
0.743
-0.114
0.724
-0.386
-0.734
-0.25
-0.326
-0.237
-0.718
-0.046
0.709
-0.287
0.082
0.169
-0.064
0.113
-0.571
0.016
0.73
0.019
-0.388
0.83
-0.748
-0.628
0.578
-0.189
-0.896
0.066
-0.509
-0.406
-0.183
0.397
0.806
-0.4
-0.304
0.041
-0.299
0.698
0.792
-0.894
0.159
0.459
0.717
0.923
-0.404
-0.612
0.537
