-1.0734139886578
-0.962572778827808
-0.180720226843105
-0.516037807183196
0.597725897920715
-1.15375803402805
0.239888468809159
-0.69256899810966
-1.62498676748479
-0.497190926275893
-1.37431001890363
-1.31600945179562
-0.270391304347713
0.808448015122881
-0.081117202268403
-0.295905482041586
-0.176071833648359
-1.62349716446104
-0.759797731568943
0.363032136105872
-0.862763705103927
-1.40264650283553
-1.68215879016997
0.0716559546314173
-0.729251417769286
0.20527221172028
-2.25334782608666
-0.655848771266516
-0.38544234404527
-1.60327032136092
-0.628863894139896
0.4564442344046
-1.30189981096346
0.588533081285524
-0.664516068052872
-0.347930056710737
-0.832017013232438
-0.549671077504641
-1.57532136105836
0.415054820415945
-0.274223062381828
-0.308701323251407
0.0141096408317774
-0.988618147448037
-2.1384442344044
-0.0153648393194176
-0.881629489603004
-0.0387391304347655
-0.453468809073663
0.674268431001944
-0.0590453686200195
0.856924385633364
-0.563396975425255
-0.650604914933769
0.899750472589841
0.0267202268431276
-1.28135916824191
0.00371266540645025
-0.436124763705075
-0.615580340264589
0.0371531190926888
0.499179584121072
0.578506616257172
-0.810941398865671
-0.533315689981025
-0.254194706994299
-0.754712665406412
-0.58529489603013
0.925177693761888
1.77295652173891
1.14433459357266
-0.856606805292874
-1.1913705103968
-1.1271209829867
-0.936941398865665
-0.476557655954634
-0.904051039697549
0.173606805293106
-0.536591682419563
0.0823724007561673
0.0925727788280423
-0.0600718336483365
-0.202434782608684
0.0593270321361448
0.0630529300567206
-0.266034026464992
0.722527410208037
0.248461247637095
-1.04898487712652
1.83900945179589
0.12241020793954
0.0748960302457874
0.508854442344074
-0.00799999999998841
0.825916824196668
0.493555765595535
1.41897542533088
0.281572778828075
-0.467117202268407
-0.724568998109605
1.07913988657852
-0.218884688090754
-1.11850850661609
0.545313799621961
0.705737240075733
0.2894725897921
0.560582230623776
0.372797731569039
0.826979206049173
-0.20597731568998
0.575801512287333
0.503863894139951
1.49210018903605
0.892601134215586
1.65243289224987
0.632196597353522
3.10137051039745
5.86086200378085
2.09806805293049
1.08905103969757
0.466094517958417
0.699039697542499
1.20512854442328
0.827661625708893
-0.176068052930056
0.144998109640832
1.16336672967869
0.972529300567139
0.784620037807174
0.115289224952747
0.0491190926275951
1.22033081285434
-0.988293005671027
-0.30546124763706
0.23102079395085
1.02454064272211
0.0820113421550079
0.767846880907391
0.724045368620009
-0.21040642722117
0.370871455576566
-0.686714555765597
-0.357818525519848
0.0577485822306242
0.368540642722124
0.530172022684312
0.316200378071837
-0.388527410207937
-0.0526824196597367
0.121413988657848
0.118973534971644
-0.415421550094519
0.105
0.518973534971644
-0.16467107750473
-0.32742155009452
0.343
0.520275992438563
0.822933837429111
-0.285724007561437
-0.584724007561437
-0.235671077504725
-0.427
0.395
0.976
-0.214
0.469
-0.461
0.344
0.194
-0.688
0.946
-0.307
-0.373
0.522
-0.567
0.132
-0.484
0.375
-0.97
0.196
-0.812
-0.498
0.934
-0.981
-0.803
-0.31
-0.236
0.768
-0.297
0.415
0.151
-0.98
0.091
-0.285
0.158
-0.841
0.37
0.154
-0.434
0.34
-0.16
0.267
0.845
0.67
0.207
-0.996
-0.523
-0.97
-0.592
0.653
-0.173
-0.782
0.877
0.592
-0.699
-0.733
-0.362
0.376
0.778
-0.905
-0.296
-0.229
-0.359
0.779
0.16
0.925
0.602
0.911
-0.637
-0.727
0.762
0.361
-0.191
-0.31
-0.645
-0.08
-0.343
-0.736
-0.188
-0.808
-0.788
-0.267
0.359
0.049
-0.412
-0.067
-0.858
0.498
-0.587
-0.109
0.52
0.994
0.376
-0.53
-0.365
-0.931
-0.375
-0.935
-0.49
0.282
-0.598
-0.435
0.666
-0.866
0.891
0.465
0.409
0.187
0.237
0.38
0.609
-0.626
-0.437
0.585
0.883
0.971
0.411
0.591
0.19
