-0.476487712665396
-0.729311909262739
-0.744725897920604
-1.33138374291132
-0.898251417769349
-0.155725897920595
0.715001890359198
-0.757862003780718
-1.35226654064258
-1.29188279773159
-0.96094328922495
-1.52245557655959
-0.159313799621924
0.378345935727796
0.235071833648407
-0.922147448015114
-0.403364839319469
-0.164646502835538
-1.13718714555761
0.000810964083176897
0.0306824196597372
0.0211701323251453
-0.78272778827977
-1.4857504725898
-1.59832514177688
0.222202268431011
0.343052930056721
-1.33345368620036
-1.15201323251416
-0.0437882797731546
-1.42326275992438
-0.601487712665396
0.295510396975434
-0.24375992438563
-0.157695652173915
-0.0134914933837404
-0.214988657844986
-0.17117958412098
0.238587901701329
0.273103969754257
-0.509775047258976
-1.00691493383743
-0.152867674858222
-0.252884688090737
-1.4176937618147
-1.06534026465026
-1.2313497164461
0.398897920604917
-0.746096408317576
-0.219754253308124
-0.46528733459357
0.0359319470699461
0.540538752362953
-0.320085066162569
-0.783455576559541
-0.701344045368619
-0.89559924385633
-1.00094139886578
-0.693888468809072
-0.80618147448015
0.678860113421552
0.424109640831759
-0.892765595463138
-0.233809073724007
-0.880907372400753
0.255383742911155
-0.685168241965973
-0.920807183364839
-0.495621928166351
-0.771758034026465
0.0352797731569
0.591956521739131
0.669017013232515
-0.658873345935727
-0.441737240075614
-0.101816635160681
-1.0546956521739
0.286737240075615
-1.08554253308128
0.261911153119092
0.555576559546313
0.828370510396976
0.621054820415879
0.337117202268431
-0.381485822306238
-0.334013232514177
-0.135937618147448
0.0763705103969754
0.15217202268431
-0.302759924385633
0.29462381852552
0.0274461247637051
0.0997410207939501
0.368911153119093
0.953829867674858
0.266493383742911
-0.583485822306238
-0.588245746691871
0.188931947069944
-0.527047258979206
-0.922232514177694
-0.880540642722117
0.353877126654064
-0.845321361058601
0.740185255198488
0.0358563327032136
0.752020793950851
0.475877126654064
-0.858553875236295
0.244109640831758
-0.575814744801512
-0.215
-0.977362948960302
-0.147671077504726
-0.289979206049149
0.968637051039698
-0.947
-0.203472589792061
-0.657671077504726
0.557493383742911
-0.382362948960302
0.32252741020794
-0.065890359168242
0.832185255198488
-0.005
-0.818308128544423
-0.399088846880907
-0.59545179584121
-0.531
0.36454820415879
-0.346780718336484
0.609637051039698
-0.767506616257089
0.611637051039698
0.427
0.461164461247637
-0.521253308128544
0.438493383742911
0.604020793950851
0.58454820415879
-0.0912325141776938
0.399
-0.075
0.934
-0.727
-0.471
0.035
-0.712
-0.343
-0.978
0.221
0.636
-0.907
0.639
0.877
-0.232
0.2
0.524
0.179
0.566
-0.566
0.347
0.022
-0.199
-0.411
-0.176
-0.456
-0.589
0.43
0.255
0.488
-0.394
0.184
-0.247
-0.356
0.221
-0.602
0.002
0.57
-0.534
0.15
-0.681
0.756
-0.554
-0.848
0.02
0.518
-0.398
0.736
-0.341
-0.736
-0.042
-0.733
-0.954
0.16
0.574
-0.623
-0.877
0.344
0.448
0.984
-0.377
-0.143
0.401
-0.466
-0.385
-0.549
0.34
-0.006
-0.344
-0.631
-0.803
0.953
-0.287
-0.584
-0.886
0.59
-0.425
-0.352
0.568
0.306
0.942
-0.326
-0.229
-0.009
-0.47
-0.662
0.138
0.593
0.069
-0.157
-0.726
0.657
-0.878
-0.519
-0.474
0.461
-0.646
0.912
0.537
-0.432
-0.822
0.607
0.08
-0.711
-0.934
0.004
0.554
0.63
0.045
0.983
0.802
0.475
0.775
-0.859
-0.958
0.948
-0.914
-0.59
-0.997
-0.724
0.313
0.746
0.924
0.812
-0.905
-0.46
0.831
-0.769
0.889
-0.347
0.235
-0.338
0.111
0
0.128
-0.666
0.594
-0.519
-0.076
