-1.56865973534963
-1.53634404536871
0.659260869565219
-0.311682419659725
-1.05607939508504
-1.48062003780734
0.721221172022706
-1.06630434782608
-1.22771077504718
-0.635342155009438
-0.337230623818524
-1.57196219281666
-1.30905671077509
0.265325141776938
0.179034026465037
-0.34360869565217
-0.839035916824192
-0.960765595463137
-0.977207939508498
-1.20129489603019
-0.57941209829867
0.135291115311909
0.0589413988657837
0.396056710775053
0.057083175803404
-1.3452778827977
0.318302457466923
-1.26903213610578
-1.57231947069937
-1.34560869565217
-0.143948960302456
-1.04507939508503
0.148463137996225
0.384559546313805
0.32144045368621
0.265597353497168
-0.125971644612476
-0.0476635160680511
0.171733459357278
-0.443565217391301
0.166476370510405
-1.14913799621927
-0.243586011342151
0.286425330812859
-0.314754253308126
0.173655954631383
-0.494213610586011
-0.885504725897917
-1.0032854442344
-0.150945179584118
-0.970759924385629
0.00182608695652433
-0.417788279773154
-0.504994328922495
-1.19600378071833
-0.177958412098297
-0.806587901701319
0.47675992438564
0.420459357277888
-1.17015879017014
-0.913761814744798
0.449555765595463
0.519192816635164
-0.998886578449902
0.214128544423443
-0.659408317580337
-0.608476370510395
-0.817962192816633
0.608345935727791
-0.962272211720225
0.166523629489606
0.450066162570893
-0.195880907372399
0.386907372400759
-0.865935727788277
-0.527209829867672
0.722867674858225
-0.976120982986765
-0.514614366729675
0.814374291115314
-0.0216691871455576
0.0648109640831758
0.592421550094521
0.0979470699432911
0.535359168241968
-0.769593572778826
0.380688090737242
-0.218943289224952
0.566385633270322
-0.262470699432893
0.278706994328925
0.610406427221173
0.52715122873346
0.592837429111531
-0.367232514177692
-0.955629489603024
-0.542204158790169
0.422597353497165
-0.86484877126654
-0.290088846880907
0.0765557655954631
-0.372431001890359
-0.0562873345935728
-0.799519848771267
0.781775047258979
-0.0734725897920605
-0.498417769376181
0.298801512287335
-0.529
0.60052741020794
0.18654820415879
-0.624
0.39354820415879
0.706219281663516
-0.0223629489603025
0.114
-0.997362948960302
-0.35947258979206
-0.512506616257089
0.0815482041587902
-0.0627807183364839
0.640240075614367
-0.331
-0.073
-0.232
0.584
-0.933
0.241
-0.14
-0.838
-0.942
-0.583
0.953
0.843
-0.136
-0.594
-0.791
0.503
0.345
-0.283
0.811
-0.808
-0.621
-0.959
0.611
-0.043
-0.709
0.837
-0.321
0.531
-0.938
0.865
-0.02
0.063
0.776
0.459
0.976
-0.972
0.457
-0.764
-0.141
0.261
-0.556
-0.691
0.543
-0.222
-0.578
0.559
-0.154
-0.427
-0.095
-0.498
0.295
0.778
0.28
-0.252
0.273
-0.372
0.316
0.81
0.292
-0.77
-0.438
0.328
-0.901
-0.808
0.437
-0.11
-0.933
0.405
-0.571
-0.819
-0.955
0.109
0.858
-0.45
0.748
-0.93
-0.502
-0.168
-0.466
-0.268
-0.01
-0.895
-0.374
0.56
-0.43
0.201
0.783
0.027
-0.815
0.348
-0.288
0.647
-0.057
-0.372
-0.301
0.115
-0.791
0.35
0.341
0.532
0.491
0.441
-0.857
-0.276
-0.544
-0.814
0.919
-0.271
0
0.202
-0.87
-0.517
0.275
-0.44
0.239
-0.543
-0.298
-0.462
0.622
-0.765
0.107
0.04
0.219
0.081
0.468
-0.602
-0.835
0.23
0.851
-0.368
0.86
0.147
0.491
0.002
0.24
0.549
0.961
0.902
0.104
-0.616
0.281
0.053
-0.974
-0.018
0.218
-0.772
-0.629
-0.618
0.388
-0.759
-0.587
0.671
0.728
0.105
-0.576
-0.549
-0.779
0.062
