-3.11510775757353
-2.40993951180481
-0.324519850969801
-1.3150529309571
-1.30716635576904
-1.099408321616
-1.20598866538463
-0.898958412369672
-0.477873348482561
-2.02993572567735
-0.524550089692683
0.263952746037455
-0.623654064508232
-0.158173906367777
0.0151606837976256
-0.0683648387212334
-0.0420434775525028
-0.0217334596115465
-0.0241701310803653
0.0341947100379045
0.0579792065889504
0.259962193820504
-0.0759054784675734
-0.118092620642406
0.00981096798202669
0.0819054820100821
-0.016973532932843
0.250347825332729
-0.111039697769268
0.0455387502517875
0.339302462056968
-0.0322457457143216
-0.122011342397876
0.00273534936926531
0.00265027957015019
0.00441398903471462
0.0845425326191119
-0.078986772599065
0.132688091411544
-0.252865786530258
-0.0846049171766946
-0.109083180195447
0.0970737205268636
-0.0505803451793563
-0.150298678157318
0.00864650186525586
-0.124977315652548
0.0392759976795026
-0.00218903339493296
0.1430888455315
0.124733459738451
0.299155011354249
0.20280907718517
0.390572773972169
0.384028357685735
0.137304342393016
0.201173915108372
7.1800491479154
0.557130439929335
0.484502834357064
0.181688089253299
0.446066159296024
0.236750475011473
0.216758033800727
0.045601134475361
0.243517960626464
0.157601133664885
0.0728544444229028
0.025604919351397
0.0800680564891767
-0.0484725905553202
0.302822306043181
0.059654065041931
-0.103156900713124
0.155283554198156
0.121213612272652
0.140716447242346
-0.0277901661803275
-0.410807187854412
0.0143024557218743
0.226967863301051
0.144506617032293
-0.0120189076063654
-0.0462438572101255
-0.219750475055771
-0.111041587120751
-0.0329829856964082
-0.130455579392504
0.221393192009264
-0.0398128533325091
-0.0994612458314038
-0.0819981075978493
0.0786748517548723
-0.136928168124811
-0.00615879422705408
0.499338378362371
-0.11081474964226
-0.227812852463718
0.144130434505897
-0.0825292993812143
0.171122875041801
-0.127376179677473
0.154920607625447
-0.581177692465163
0.397516066563729
-0.365139888508058
0.18907561754903
0.151374293935779
0.258068054005335
-0.0789224897059945
0.0711625719490069
-0.253652171231582
0.616793954275968
-0.273854443565086
0.0350869582097519
-0.108423437565681
0.662385636856817
-0.0987164440276142
-0.297289226012727
-0.323752364958771
0.483393194722613
-0.506933839190401
0.409353495254734
0.441780716077354
-0.212916828811304
-0.83452740678757
0.192200377362037
1.0161001898824
-0.58679773301473
-0.382578448353433
0.976073726066084
-0.575988662654021
-0.0584045395964629
-0.901671078316114
-0.212782612624455
-0.594623823020476
0.0513459365094661
0.0252476342341878
0.178168240549813
0.162591685061869
-0.13546691730332
0.117289227100576
0.81189414029643
0.829230624674138
-0.83805481909549
-0.0953364832939306
-0.694782607285145
0.240943290076352
-0.145408314687449
-0.444285445549169
-0.261629489594581
0.236011342047967
0.332
-0.560519848898031
0.557746691850332
0.137933837006585
-0.32
0.43870699405428
0.145200377754936
-0.03729300594572
-0.33229300594572
-0.303253308149673
0.467
0.562
-0.067
0.791
0.041
0.392
-0.809
0.572
0.533
0.499
-0.094
0.712
0.693
0.96
0.134
0.639
0.451
-0.025
-0.725
0.659
0.571
-0.241
0.792
-0.108
-0.72
-0.114
-0.509
-0.226
-0.119
0.433
-0.896
-0.225
-0.915
0.72
0.707
-0.815
-0.061
-0.506
0.732
-0.328
-0.295
-0.172
0.428
0.062
0.943
0.619
-0.229
0.601
-0.911
0.04
-0.958
-0.766
-0.257
0.063
0.129
-0.292
0.77
-0.96
0.511
-0.845
-0.099
0.417
-0.309
-0.901
0.394
-0.87
0.626
0.972
-0.747
-0.052
-0.301
-0.044
0.243
0.602
-0.046
-0.257
0.33
-0.271
-0.052
-0.34
-0.886
-0.111
-0.315
0.84
0.39
0.87
-0.968
0.022
-0.41
-0.001
-0.585
-0.102
-0.017
0.576
0.771
0.287
-0.864
0.329
0.668
0.812
0.993
-0.201
0.348
0.14
-0.66
0.086
-0.01
0.141
-0.891
-0.615
0.377
0.04
0.092
-0.15
-0.96
-0.989
-0.269
-0.149
