-3.42165595460821
-1.05957088851387
-1.10149905482028
-0.678706994349264
0.0441587901706271
-1.72499810968436
-2.01013043478202
-0.237275992439823
-0.387102079384521
-0.596345935725649
-0.3267013232499
-0.101869565214335
-0.431920604911044
-0.270052930056021
0.0546994328944873
-0.173298676747571
-0.0712098298671283
0.137831758034581
-0.0441814744793574
-0.302805293005319
-0.198334593572416
-0.21672211720258
-0.0461682419656386
0.0933610586018923
0.141213610587134
-0.0873837429101883
-0.228691871454169
0.015378071834364
0.173778827979345
-0.313134215500048
-0.136510396974676
0.048945179584821
-0.164274102078131
0.0378298676759595
0.0289489603030634
0.117905482042014
-0.114661625708166
0.283735349717594
0.221896030247227
0.223797731570879
-0.0339017013225188
0.187680529301257
-0.0932873345930056
-0.0931758034020636
0.157086956522668
-0.199463137995136
-0.189621928165239
10.9971663517004
0.0677542533090973
-0.044998109639636
0.142852551985509
0.134551984877745
0.103432892250679
0.045500945180418
0.205862003782073
-0.00886389413912748
0.187865784499439
0.232361058601756
-0.0836805293000219
0.0152854442349841
-0.0657769376177379
0.040599243857328
-0.0557221172017073
0.224236294896397
-0.224540642721269
-0.0996540642715715
0.0321039697547253
0.113843100189567
-0.250379962191949
-0.0202003780712557
0.289189035917508
-0.249085066162011
-0.00803213610543976
0.16249527410276
0.319415879017908
-0.0575652173907681
-0.134359168241452
-0.310742911152546
0.0406616257094677
0.0551776937620402
0.0100283553875795
0.43193194707087
0.129098298676955
-0.306270321360619
0.0921625708886202
0.0719829867678103
-0.0928223062376395
0.0633818525522006
-0.0295633270319109
0.232992438563717
-0.0779943289222281
-0.188759924385259
-0.367043478260646
0.287896030246081
0.145379962192996
-0.101438563327057
-0.187181474479862
-0.159678638941112
-0.494871455576354
-0.0197240075612939
-0.280716446124668
0.524457466918839
0.481896030246112
-0.0122344045367604
-0.880028355387537
0.454264650283812
0.176083175803409
0.616213610586233
0.320075614366901
-0.05131758034018
-0.0910056710774696
0.5477032136106
0.066935727788385
-0.378933837429079
0.266071833648456
-0.926402646502696
-0.700557655954569
0.988733459357357
-1.41334971644537
0.130224952741042
0.141034026465023
1.02254253308147
1.07960680529243
-1.30095274102079
0.534637051039802
1.52468052930072
1.54706994328969
-1.83379017013215
0.77609451795844
-0.460998109640825
-0.538680529300583
0.44686956521746
-0.939217391304345
0.151068052930071
-1.11212098298678
0.117423440453673
0.439111531190931
0.00522684310019434
1.38939319470676
0.0126068052930217
0.251759924385649
-0.987446124763708
-0.540720226843083
-1.06898298676758
-1.33620982986771
0.259880907372424
-0.0529546313799615
0.435803402646505
-1.9545463137996
0.753202268431006
0.730499054820412
-0.33517769376182
-0.753
-0.155342155009452
-0.58189035916824
-0.29480718336484
0.243
-0.0115746691871456
-0.883355387523628
0.446425330812856
-0.510574669187144
0.88410964083176
0.937
-0.528
0.984
-0.735
-0.661
-0.165
0.564
0.815
0.117
0.909
0.268
0.661
-0.899
-0.596
-0.346
0.676
-0.831
0.623
0.26
0.089
0.22
-0.161
0.161
-0.057
-0.061
0.269
-0.535
0.978
-0.921
0.747
-0.11
-0.48
-0.854
-0.648
0.041
-0.302
-0.933
-0.011
0.074
-0.733
-0.804
0.04
-0.481
-0.964
0.91
-0.414
-0.246
-0.984
-0.912
0.567
-0.156
-0.479
-0.79
0.424
-0.334
0.098
0.31
0.04
0.325
0.069
-0.63
0.585
0.735
0.369
0.019
-0.253
0.514
0.748
0.362
0.955
0.608
0.179
-0.451
-0.008
-0.107
-0.821
-0.681
0.125
0.033
-0.647
-0.485
-0.551
0.889
-0.488
-0.097
-0.631
-0.69
-0.279
0.686
0.942
0.388
0.027
0.664
-0.996
0.897
-0.39
0.304
0.15
0.017
0.163
0.071
0.005
-0.347
-0.868
0.958
0.665
0.972
0.217
-0.469
-0.514
-0.221
-0.815
-0.993
-0.029
-0.446
0.921
0.695
0.223
