-0.721086956521731
-1.60743100189042
-0.0854706994328922
0.147984877126665
0.85533270321363
-0.676939508506603
0.925693761814765
-0.811901701323256
0.0182892249527507
-0.16611720226843
0.190988657844995
-1.42534404536864
-1.42147258979208
-0.175568998109639
-1.21997542533076
0.412187145557658
-0.844500945179584
-1.05703591682417
0.33579017013233
0.180964083175806
-1.26072400756142
-1.17409829867673
-0.881888468809072
-0.908907372400752
0.106034026465034
-0.583534971644607
-0.101996219281659
-0.372160680529299
0.207257088846889
0.452820415879022
-0.980334593572773
-0.518773156899808
-0.246969754253304
-0.363911153119091
-0.99700189035916
-0.665822306238182
-0.526287334593569
-0.153559546313798
-0.830852551984873
-0.384444234404533
-1.06807561436671
-1.43914744801511
-1.05118336483931
-0.611060491493381
0.0284215500945198
0.100243856332705
-0.327754253308126
-0.537480151228732
0.299990548204159
-0.941631379962188
-0.923204158790167
-0.587130434782607
-1.13823629489599
0.297378071833649
0.0474536862003811
-0.113678638941398
0.154892249527414
-1.02155387523629
0.634105860113425
-0.156122873345937
0.325812854442345
-0.357682419659733
-0.272994328922491
0.483710775047258
-0.597880907372396
-0.63806427221172
-0.4558393194707
-0.438051039697542
-0.32465217391304
0.0525973534971675
-0.379160680529297
0.0750718336483929
0.539357277882797
-0.408364839319472
0.199835538752362
-1.16562192816634
0.726801512287335
0.50510964083176
-0.231334593572779
-1.25182608695651
0.645865784499056
-0.758750472589789
0.242782608695655
0.475448015122876
0.439824196597355
0.598234404536863
-0.308758034026462
0.620058601134218
-1.06023062381851
0.0121795841209829
0.254427221172021
-0.398873345935727
0.331427221172023
0.391905482041589
0.30770132325142
0.14824763705104
0.203357277882799
-0.723039697542531
-0.863896030245745
-0.201661625708885
-0.215655954631379
-0.608512287334592
-0.971389413988657
-0.731812854442344
0.198871455576559
-0.12167674858223
0.0464253308128545
0.445459357277883
-0.902039697542533
0.19364461247637
0.308858223062383
0.681863894139887
0.178534971644614
0.846179584120982
0.312795841209831
0.349686200378073
0.662294896030246
0.353637051039698
-0.62535538752363
0.0524669187145558
0.980185255198488
0.146637051039698
-0.33245179584121
0.743926275992439
-0.992
-0.734540642722117
-1.01344423440454
-0.660258979206049
0.369
-0.787258979206049
-0.12990359168242
0.641185255198488
0.532466918714556
-0.855814744801512
0.254
0.289822306238185
-0.738266540642722
-0.0845330812854442
-0.724896030245747
-0.452258979206049
-0.484162570888469
0.311
0.609
-0.201
0.683
0.633
0.518
0.523
-0.92
-0.991
0.51
0.888
0.925
0.086
-0.094
0.693
0.765
-0.738
-0.659
-0.025
-0.095
-0.317
-0.908
0.889
-0.668
0.731
-0.861
0.048
-0.353
-0.943
0.112
-0.283
0.035
0.807
-0.488
-0.319
0.539
0.878
-0.88
-0.626
-0.237
-0.502
-0.694
0.359
-0.251
0.001
0.727
-0.511
0.25
0.561
0.539
-0.979
-0.383
0.345
0.69
0.898
0.219
0.72
-0.534
0.951
0.494
-0.53
-0.124
-0.977
-0.103
-0.208
-0.148
-0.883
-0.426
-0.775
-0.847
0.886
-0.859
0.966
-0.788
-0.593
-0.623
-0.268
0.139
0.331
-0.997
0.649
0.798
0.086
-0.482
0.091
-0.901
0.689
-0.883
-0.387
0.462
0.819
0.411
-0.832
-0.12
-0.708
0.621
-0.717
-0.538
0.956
-0.852
0.61
0.914
0.025
0.407
0.652
0.879
-0.349
0.133
0.283
0.521
-0.514
-0.42
0.135
0.947
0.844
-0.329
0.79
0.505
0.805
-0.308
0.163
0.999
0.96
-0.238
-0.666
-0.526
0.972
0.086
0.919
-0.215
-0.907
-0.731
0.182
0.182
-0.607
0.735
-0.227
0.678
-0.135
