-2.89500378071432
-0.343782608695295
0.414661625708885
-0.925894139886724
0.311349716446325
-1.09118336484227
-0.482548204158796
-0.106145557656079
-0.461943289224621
-0.679389413988689
-0.414001890359084
-0.888190926276182
0.187120982987063
0.020419659735422
0.231529300567218
0.382956521739142
-0.208988657845092
7.35106238185242
-0.356886578450085
-0.437722117202224
0.602003780718838
0.3293572778825
-0.00176181474479757
-0.44440831758018
0.0704310018902886
0.0226729678640917
0.248907372400777
-0.269897920604834
-0.273334593572545
-0.337219281663435
-0.0219640831756689
-0.0163913043478245
-0.0906710775046607
-0.20012854442337
0.148574669187181
-0.0791833648392867
0.165334593572849
-0.163824196597313
0.0431890359168672
0.0794725897921364
-0.184005671077432
0.123189035916872
-0.159009451795762
-0.10407183364831
-0.197572778827954
-0.210508506616196
-0.0105330812853925
-0.185172022684244
-0.264379962192762
-0.131499054820383
-0.294521739130346
0.00899243856337752
0.00836672967870305
0.398875236294944
0.0682948960303013
-0.291468809073683
0.0667693761815087
0.0670094517959236
0.185567107750521
-0.126311909262741
-0.32927599243856
0.185688090737264
-0.150863894139839
-0.465461247637014
-0.0232098298676323
-0.0644896030245278
0.165618147448018
-0.0735803402646351
-0.168325141776891
-0.0612703213610065
-0.0622060491493328
0.140508506616296
-0.154846880907337
-0.357964083175762
-0.224415879016998
0.267567107750493
-0.121746691871412
-0.139710775047242
-0.116873345935718
0.110334593572805
0.197667296786382
-0.163274102079375
-0.165780718336464
-0.178279773156887
0.277663516068081
-0.439746691871435
0.163332703213626
0.171551984877153
0.125243856332716
-0.205568998109633
-0.376576559546298
0.171103969754262
-0.209504725897915
0.0196351606805491
-0.161194706994361
-0.0545311909262686
-0.0709376181474508
-0.543319470699445
0.121824196597361
0.0176181474480198
0.0113969754253541
0.233597353497167
0.213776937618149
0.47263894139887
-0.0565879017013123
-0.22472778827975
-0.0181625708884715
0.310982986767491
-0.203268431001894
-0.25929111531191
-0.720761814744803
-0.0686219281663542
0.603960302457506
-0.36711153119093
-0.805548204158779
0.158667296786398
-0.0214045368620068
0.327455576559552
-0.328663516068052
0.774759924385633
-0.274136105860112
-0.751735349716442
0.107886578449911
-0.988803402646528
-0.712103969754252
0.528449905482045
0.225722117202275
1.07599054820417
0.103797731568997
0.0781701323251449
-0.264519848771266
-0.604947069943289
0.246916824196603
0.64286389413989
0.46230434782609
-0.156967863894139
-0.370962192816631
-0.217814744801512
0.429293005671083
-0.464109640831758
-0.376742911153121
-0.563111531190928
-0.301928166351607
0.169979206049149
-0.448890359168242
0.490194706994331
-0.790661625708886
0.339026465028356
0.935296786389418
0.35919470699433
-0.337947069943287
-0.0922098298676739
0.843
0.693
0.0720000000000001
-0.158
-0.931
0.884000000000007
0.3
-0.964999999999999
-0.122
-0.432999999999999
-0.531
-0.79
-0.646
0.145
-0.98
-0.02
-0.76
-0.581
0.005
-0.832
0.832
0.168
0.004
-0.859
-0.412
-0.693
-0.867
0.146
0.64
-0.973
-0.788
0.754
-0.306
-0.988
-0.516
0.517
-0.898
-0.021
-0.554
-0.875
0.743
0.589
0.906
0.94
-0.854
-0.641
0.057
0.657
0.327
0.33
-0.185
0.348
-0.789
-0.575
-0.084
-0.326
-0.311
-0.069
-0.746
0.762
0.75
-0.846
-0.605
-0.15
-0.646
-0.285
0.516
-0.658
-0.339
-0.498
-0.123
0.261
0.972
-0.12
-0.575
-0.758
0.262
0.064
0.994
-0.772
0.249
-0.524
0.819
-0.691
0.212
-0.137
0.543
-0.732
0.095
0.809
-0.172
0.171
-0.276
-0.316
-0.626
0.588
0.194
0.055
0.585
0.431
-0.157
-0.285
-0.005
-0.175
-0.548
0.553
0.376
0.33
0.999
-0.326
0.412
0.624
-0.064
-0.974
-0.488
0.274
-0.665
-0.915
0.638
0.49
0.171
0.247
0.246
-0.148
0.673
0.705
-0.464
0.287
