-3.63458979204391
-1.44093761818375
1.4309281663517
-1.37862381856383
-2.5322948960299
-1.27422117206054
-2.11642722117126
0.0438034026451976
0.0172136105879021
-0.466355387522312
-0.473020793948353
-0.437508506612891
0.407914933838681
0.725120982987172
0.217427221174207
0.00468809073644797
0.102875236294955
0.662986767485486
0.187374291115723
-0.00462381852516438
0.533440453688519
11.0421342155986
-0.294809073723225
0.101279773157511
-0.441896030244805
0.376914933838538
0.0360623818532317
-0.378368620037442
-0.210328922493942
0.205103969754819
-0.0211965973533459
0.0596427221177529
0.00582419659767936
0.0155028355390009
0.131366729679115
-0.114986767485702
0.0309621928168144
-0.0726124763703478
0.0385727788282174
0.0515293005674577
0.1150604914936
0.00334215500966968
-0.0904461247633551
-0.173999999999635
0.0157807183369949
-0.124483931946451
-0.0619300567101046
0.0488563327034706
0.0410453686202233
-0.0551720226840071
-0.117289224952348
-0.134631379961274
-0.0611531190923788
-0.0885141776935647
0.128918714555885
-0.0680831758029907
-0.0431039697540878
-0.141578449905252
-0.180638941398577
-0.24096786389392
0.0318166351610384
0.0143043478263209
0.0466654064274428
0.0328090737241581
0.0675463137997736
-0.147975425330695
-0.0274536862003232
-0.0267750472584362
0.0407693761815827
-0.174674858222476
-0.109977315689908
0.105489603024646
0.283621928166602
-0.0427939508503903
0.0320170132326075
-0.0214688090736505
-0.0106143667295214
0.12204725897924
-0.0638941398864707
0.136274102079755
0.0356710775048158
-0.0799565217390532
-0.126463137996088
-0.0673100189034478
-0.00274858223041815
-0.0557523629488576
0.0848241965974032
-0.152408317580025
0.180007561436774
0.165896030245847
0.127550094517953
-0.0633364839318593
0.0663837429111769
0.25113043478258
0.0569924385633294
-0.121361058601035
0.146657844990834
-0.180911153119029
-0.291695652173724
0.0323761814745511
-0.182568998109582
0.114128544423466
0.114419659735591
0.210049149338422
-0.115854442344053
0.0588298676749535
0.239119092627615
0.0482211720227166
-0.145105860113392
-0.105810964083183
-0.0802079395084939
-0.280990548204098
0.127892249527439
-0.79989981096414
0.00827788279774492
0.223304347826118
0.392185255198575
0.183446124763773
-0.1729092627599
-0.449952741020721
-0.410548204158828
-0.231432892249502
0.475582230623775
-0.454521739130381
0.427871455576546
0.743529300567109
-0.489304347826122
0.310792060491485
-0.409332703213618
0.0942495274102035
0.268073724007566
-0.708247637051068
0.0224385633270844
-0.425665406427205
-0.545105860113457
0.647385633270375
0.828780718336468
0.53252551984876
0.0291134215500718
0.0338298676748401
0.0392495274101816
-0.993642722117173
0.147652173913039
-0.113519848771261
-0.54081285444236
-0.708716446124763
1.06916824196598
1.27318336483946
-0.00153119092627577
0.387508506616246
-0.313223062381849
0.498128544423448
-0.328
-0.480684310018904
0.678219281663518
0.25438563327032
-0.921
0.37985066162571
-0.789710775047258
0.58485066162571
-0.35314933837429
-0.389780718336482
0.924
-0.962
-0.666
0.827
-0.966
-0.343
-0.735
0.428
-0.493
-0.561
-0.952
0.315
0.378
0.533
0.266
0.815
-0.288
0.594
-0.898
0.186
-0.14
-0.502
-0.593
0.269
0.33
-0.263
0.354
0.011
0.894
-0.605
-0.054
-0.216
0.628
0.282
-0.878
-0.087
-0.423
-0.538
-0.393
0.052
0.701
-0.318
0.441
-0.894
0.142
0.357
0.164
-0.851
-0.936
-0.737
-0.283
-0.328
0.532
0.51
0.754
0.425
0.631
0.065
-0.503
0.296
0.303
0.254
0.533
-0.888
0.492
0.263
0.687
-0.905
0.41
-0.648
0.238
-0.751
-0.013
0.049
0.485
-0.823
0.057
-0.7
-0.874
0.973
0.573
0.204
-0.054
0.631
0.677
-0.727
0.252
-0.883
0.527
-0.304
0.281
0.511
0.965
0.311
0.749
-0.553
0.149
0.329
-0.387
0.878
0.67
0.068
-0.261
0.712
0.025
-0.532
0.685
-0.518
-0.975
0.577
-0.632
0.331
-0.061
-0.477
0.723
-0.902
-0.693
0.902
