-2.49475992438515
-1.68752362949027
-0.072671077504726
0.00546313799626352
-0.0457448015122894
-1.25272400756196
-0.656207939508388
-1.05360113421541
-0.534071833648301
-1.60272589792077
-0.751797731568978
-0.970580340264569
-0.0781493383742577
0.641293005671082
-0.926236294895922
0.372536862003823
0.617837429111567
-0.372869565217389
-0.547807183364816
-0.927213610586
-1.18605293005659
0.153404536862014
-0.616844990548201
-1.29387901701313
-0.500586011342121
-1.32661625708868
0.186820415879075
-0.423204158790172
-0.100758034026433
0.931960302457513
-0.105793950850649
-1.38348393194709
-0.219663516068037
-1.15364461247648
-0.629652173913012
-0.334956521739087
0.0837618147448254
-0.372243856332679
-0.853328922495259
-1.05247637051058
-1.22055198487721
-0.433871455576552
-0.06166918714555
0.0284990548204312
-0.16530434782607
-1.12593005671084
-0.255130434782602
0.021576559546336
0.787981096408344
-0.186264650283523
-0.553211720226803
0.0228015122873423
-0.778187145557623
1.30433270321373
-0.493224952740975
-0.618918714555749
-0.381642722117201
-0.192362948960271
-0.577599243856309
-0.74848393194704
0.598207939508565
0.00370888468810433
0.0957788279773296
-0.305351606805277
0.319648393194742
-1.12020415879033
-0.57369565217391
-0.950551984877098
0.0573345935727954
0.846810964083186
0.136546313799633
-0.319519848771266
0.0773402646503012
0.388357277882842
-1.13766351606821
-0.139705103969725
0.657835538752404
-0.334434782608675
0.193731568998137
-0.955941398865763
0.0995916824196981
-0.574831758034006
0.476905482041612
-0.0487088846880758
0.0877240075614544
-0.444340264650288
1.09502646502842
0.399444234404565
0.0550264650283718
0.0539565217391593
0.575931947069963
-0.761682419659715
-0.590013232514154
0.383285444234468
-0.226353497164455
-0.214391304347806
-0.0632589792060453
0.117028355387543
-0.0681417769376013
-0.0625860113421434
-0.480873345935729
1.49782419659726
-1.09766729678637
-0.803631379962194
0.665319470699485
0.0493345935727903
0.647729678638972
0.863646502835573
0.426873345935738
0.687068052930089
1.61024196597353
-0.332234404536853
-0.913559546313792
0.327775047259019
1.14761625708899
-0.695107750472569
-0.00822306238184867
-0.304945179584109
0.371574669187166
1.38397164461258
0.453429111531214
0.396843100189062
1.03689981096416
1.95606427221154
0.0236597353497193
0.189344045368638
0.513349716446136
1.38776181474493
0.561308128544438
0.0506805293005776
1.75531190926286
1.57814177693743
1.1250113421551
-0.472943289224954
1.47194706994321
0.35791115311912
0.411776937618157
2.72288090737256
1.90548204158786
1.09362759924385
1.23212665406424
0.180285444234408
-0.271812854442357
0.897204158790178
-0.530347826086956
0.323990548204166
-0.0310699432892257
-0.476389413988662
-0.312117202268434
-0.406009451795844
0.101487712665407
0.222782608695654
0.054
-0.12035538752363
-0.0737258979206049
0.6264820415879
0.45
-0.318436672967863
-1.02488846880908
0.517563327032137
0.671563327032137
0.831274102079397
0.653
-0.587
0.531
0.439
0.073
-0.434
-0.674
0.026
-0.898
0.474
-0.304
-0.904
-0.757
0.267
-0.639
0.781
0.528
0.124
-0.419
0.968
-0.466
-0.192
0.987
0.102
-0.302
-0.369
0.166
-0.931
-0.086
0.776
-0.171
0.921
0.017
0.769
0.445
-0.604
-0.932
-0.165
0.906
-0.901
0.984
0.383
-0.853
0.428
-0.909
-0.042
-0.336
0.663
0.36
0.669
0.215
-0.078
-0.003
0.765
0.302
-0.156
-0.574
-0.571
-0.26
-0.558
0.399
-0.743
-0.888
-0.675
-0.356
-0.226
0.078
-0.526
0.822
0.965
0.712
-0.308
0.218
-0.519
0.984
0.15
-0.339
-0.442
0.01
0.74
0.967
0.502
-0.291
0.245
-0.439
0.907
-0.077
0.252
-0.533
-0.4
0.969
0.638
-0.905
0.463
-0.3
0.727
0.271
0.821
-0.216
0.317
0.88
-0.811
0.841
0.395
0.956
-0.478
0.704
-0.485
0.781
-0.849
-0.817
0.867
0.419
0
-0.525
0.897
0.547
-0.133
