-2.90920983476185
-1.58140075693952
-0.124741022765736
-1.40171077606315
-0.495221177753394
-1.66372779189059
-0.302266545793053
-0.860606804933246
-0.980672968155744
-2.01512287369538
0.0124990549162318
-0.185311909618861
-0.137557656415408
-0.277217388923556
0.199782607656049
-0.114294895344435
-0.0782362918832858
-0.0216105885071138
-0.148017007568695
0.187480151090999
0.179298676897081
-0.0543969692413784
-0.193402640235996
-0.153298673791315
-0.411126650872622
-0.303534966841623
-0.175937612673122
-0.25935538203832
0.0296030222981257
-0.172103973987786
0.171332704996358
-0.182446121816861
-0.28108695188902
-0.351113415824092
-0.0502211734490777
0.0947258974025049
-0.100971643601182
0.0360151276155942
-0.141328922400418
0.0596956494875433
-0.0580604894405584
-0.0683156940739475
0.0532646447220359
-0.302266544314616
-0.176733457158322
-0.214939509197247
-0.190587902112851
-0.0747542513538467
-0.274973535250502
-0.140674850967523
0.187502833552772
0.0157448013883765
0.0523629556131198
-0.00175424957359622
0.0987088852474686
-0.182561431973954
-0.00946124459555237
0.0617807161353221
-0.214930052945621
-0.063196596198493
-0.140680525695408
0.0563724006837808
0.136058601931
-0.0170359188424268
0.176682423214174
0.191022682035065
-0.0615500930482311
-0.421754249812961
0.434298676593928
-0.100810962452738
0.259211719871739
0.0918374308272638
-0.0585500965027243
-0.0711417766221175
-0.029939511414984
0.150969751801138
0.0461587906307395
0.229610585263364
0.304003777194214
0.303049151034401
0.270504720981134
7.97556521361692
0.942075610564009
0.89933458953199
0.808209832796945
0.797688093741049
0.384803401954952
0.111404536455803
0.0625122860789957
-0.104812856791407
0.293837426046798
0.223156893577983
0.50519848716242
0.321867673047086
-0.6693308184859
0.289340265081988
0.247413987889029
0.0638733489230111
0.105597356389393
0.346421543802522
-0.398379964645021
-0.265809075247311
0.023650285579908
0.0816030248500157
0.187960302188288
0.0861115342838688
0.169325139435409
0.203412105172566
0.116930057522071
-0.60321361453669
-0.0566105814615286
-0.261897925147768
0.172001888516999
-0.449744803657947
0.477869564601887
0.187385637145642
-0.209009452544466
0.266260871124427
-0.38555576767354
-0.161561436577888
0.124272208643437
-0.510155016169938
-0.281336484593878
1.05243100118431
-0.721160685692602
-0.164039700315726
0.34930434780926
0.106869560572402
0.245448015461607
0.456003779360616
-0.205100187169058
-0.342100191861205
-0.713848773532618
-0.287982981728857
-0.0444120986662684
0.0979395086720833
0.688398865502084
-0.84666351811309
-0.469257086837721
-0.524451792298328
0.232616255353661
0.377657849032705
-0.327879014886491
-0.380264649787071
-0.449950849729966
-0.339775048449103
1.04491682676911
-0.899837426351615
0.447440459581877
0.29091304089734
0.0940415895157596
1.38502835916195
0.436
-0.847735349707999
-0.470289224951333
0.735215500973351
0.94
-0.463759924367322
0.352661625730011
0.839240075632678
-0.814759924367322
-0.0272892249513325
0.396
0.469
-0.564
0.231
0.082
0.382
0.326
0.352
-0.384
-0.464
0.165
0.544
-0.905
0.196
0.244
-0.149
0.815
-0.507
-0.398
0.349
-0.878
-0.12
-0.769
-0.757
0.765
-0.256
0.935
0.263
0.075
0.522
0.333
-0.03
-0.838
-0.84
-0.008
-0.132
0.898
-0.062
0.288
-0.549
-0.318
0.722
0.376
-0.624
-0.245
0.892
-0.983
0.327
-0.644
0.088
-0.366
-0.241
0.149
-0.252
-0.157
-0.484
0.238
-0.807
0.465
-0.662
0.447
-0.937
-0.724
0.093
0.203
-0.805
0.382
0.935
-0.797
-0.625
-0.048
-0.124
0.204
-0.85
-0.334
-0.6
0.504
0.855
0.488
0.872
-0.273
-0.392
-0.094
0.986
-0.113
-0.427
0.82
0.413
0.316
-0.524
0.63
0.705
0.472
-0.05
0.004
-0.381
0.445
-0.718
0.173
-0.44
-0.49
-0.918
0.123
0.981
-0.864
0.757
0.554
-0.001
-0.919
-0.557
0.011
0.382
-0.295
0.593
0.611
-0.162
0.157
-0.71
