-3.18244990547744
-1.15561625709175
-0.293425330812849
-1.355000000005
-0.878402646502477
-0.939720226842449
-1.39829678639004
-0.44927599243864
-1.01829300567007
-0.495899810963752
-0.261931947069819
-0.179674858222613
-0.917831758033688
-0.116854442343949
0.00696975425343036
-0.300003780718259
-0.0220056710774702
-0.200941398865725
-0.311489603024162
-0.14600567107682
0.0856597353497089
-0.164782608695736
-0.602701323251424
-0.342187145557586
-0.582661625708731
0.0668109640833124
-0.0247599243855204
-0.353981096408132
-0.0127258979203528
0.0743497164462997
0.227682419659859
-0.210948960302317
-0.102638941398692
-0.0956843100188177
0.0578620037807903
-0.22202079395064
-0.500517958411959
0.104126654064384
-0.0778714555764525
-0.379703213610465
0.024544423440534
-0.0745406427220174
0.0422419659736755
-0.101510396975321
0.0824158790171004
-0.156697542532939
-0.154561436672864
-0.275406427221055
0.456922495274309
0.0499829867676239
0.140724007561552
-0.0665387523628296
0.0991001890359892
-0.126684310018822
0.438982986767619
0.117438563327119
0.232001890359236
0.0638846880908442
0.294296786389486
-0.0699773156899077
0.43186578449918
-0.00372778827973323
-0.0164177693761338
7.85862570888494
0.530143667296865
0.830396975425421
0.649807183364889
0.215187145557711
0.444376181474521
0.182676748582263
-0.0986351606804727
0.509446124763712
-0.0309149338374347
0.468497164461319
0.0695255198487676
0.350599243856324
0.0519546313799873
-0.090037807183355
0.262069943289236
-0.0876446124763531
0.380580340264659
-0.230922495274093
0.138474480151242
-0.120892249527396
0.079183364839324
-0.335741020793929
0.0344139886578477
-0.0261039697542497
-0.308769376181466
0.139801512287332
0.688172022684323
0.0087939508506649
-0.138240075614358
0.484017013232529
0.0163534971644735
0.301846880907396
0.052463137996215
0.473313799621951
-0.343901701323258
0.125837429111538
0.0186370510396887
-0.00638185255198664
-0.00758979206049194
-0.102935727788275
0.230376181474476
-0.448172022684316
-0.144374291115311
-0.179888468809069
0.101049149338386
0.529727788279775
-0.347559546313797
-0.597620037807161
0.781965973534968
0.314361058601134
-0.188797731568989
0.212410207939512
0.124756143667305
0.925780718336496
-0.826945179584116
-0.147820415879014
-0.589705103969754
0.522319470699433
0.30136672967864
0.507260869565217
0.511045368620037
0.0314574669187141
0.330578449905481
-0.878826086956527
0.343865784499051
-0.0518468809073753
-0.557778827977316
-0.449769376181472
-0.45507561436673
-0.491421550094523
-0.148814744801514
0.026848771266543
-0.544221172022681
1.05751795841212
0.152512287334599
-0.25389035916824
0.0316408317580343
0.713775047258982
0.381298676748583
0.510691871455576
-0.185606805293007
1.25271077504723
-0.231584120982985
0.502502835538752
-0.171285444234408
-0.0150548204158777
1.03053308128543
-0.578894139886579
-0.248
-0.876137996219283
0.0231436672967864
0.209873345935726
-0.632
-0.485132325141778
-0.0818449905482039
1.06186767485823
-0.341132325141778
-0.518856332703215
-0.304
0.357
0.829
-0.99
-0.265
0.667
-0.621
0.187
0.302
-0.989
-0.68
0.426
-0.766
0.42
-0.351
-0.577
-0.387
-0.03
-0.22
-0.163
0.808
0.21
-0.201
0.73
-0.534
0.197
0.104
-0.975
-0.362
0.947
0.137
0.619
-0.832
-0.554
-0.193
0.675
0.435
-0.595
0.211
0.031
-0.024
0.223
0.432
0.977
0.964
0.325
0.853
0.597
-0.562
0.945
0.822
0.856
0.201
0.742
-0.333
0.485
-0.442
-0.902
0.544
0.537
-0.438
-0.646
-0.452
0.355
-0.127
-0.299
0.258
0.788
-0.387
-0.027
-0.012
-0.793
0.759
0.748
0.86
-0.416
0.778
-0.178
0.766
0.14
0.344
0.507
0.587
-0.308
-0.876
0.28
-0.583
-0.575
0.778
0.321
0.117
0.336
-0.139
0.673
-0.531
-0.378
-0.326
-0.924
0.103
0.262
-0.933
-0.935
-0.017
0.464
-0.043
0.615
-0.904
0.453
0.881
-0.918
0.707
0.736
-0.668
-0.597
-0.807
0.054
-0.233
0.856
