-3.10423062380096
-1.96040831762272
0.448862003780724
-0.696958412103673
-0.00296408317332941
-0.59516068052414
-1.84192816635088
-0.331534971645914
-0.763398865767013
-0.525224952737425
-0.0867051039690849
-0.308960302453231
-0.120877126651397
-0.309820415878437
0.235875236297147
0.390141776941765
0.0597996219279533
0.0289792060503922
0.0758355387523352
-0.324240075615531
0.35482608695715
0.108735349717448
-0.581404536862908
-0.22286389413871
-0.0839603024562728
-0.0610680529285019
0.141183364840501
10.9944480152473
-0.397714555763461
-0.0202627599232656
0.0787013232526471
0.496221172024044
-0.0107788279766256
-0.0586899810955375
0.0404139886587126
-0.125848771265928
0.0322892249534903
0.148378071834215
0.056047258979805
-0.00791115311829991
-0.0460415879010429
-0.0193799621924097
0.0216124763714351
0.0576143667301288
-0.110109640831109
-0.0119470699426734
-0.0698449905466802
0.0684744801519892
-0.302576559545652
0.0547958412104589
0.189844990548972
0.0838979206055208
0.132357277883262
-0.0434517958406
-0.0089357277877297
-0.122283553874766
0.178597353497703
0.0402911153123487
-0.00902835538717606
0.0424536862008485
-0.120614366728762
-0.0282476370505636
0.000907372401248037
0.193954631381088
-0.199862003779937
0.219948960303103
0.0614045368622847
0.0592136105865004
-0.29357844990464
0.0205141776948108
-0.138421550094107
-0.0305047258975558
-0.0942306238181112
0.105431001890613
-0.0599168241963458
-0.166018903591049
0.0252136105866443
0.0103194706997195
-0.213888468808885
0.209177693762351
0.0801379962194536
0.212068052930435
-0.13875803402608
0.0484347826088736
0.0667750472593303
-0.173493383742592
-0.120122873345763
0.06480907372428
0.0457088846883383
0.0861379962193593
-0.0767126654063853
0.278860113421842
-0.161119092627527
-0.0237410207939039
0.235049149338633
0.277102079395224
-0.241041587901417
-0.414835538752049
0.0481190926278319
0.161907372400848
0.244173913043591
0.231000000000096
0.242487712665543
-0.0178525519848454
-0.0223383742910644
-0.570293005670965
0.0812476370512125
0.0226729678639004
0.116181474480172
0.034155009451924
-0.316739130434794
0.155517958412179
0.359567107750594
0.0185614366730146
-0.200310018903554
0.497185255198556
-0.0823610586011153
0.17600756143664
-0.0642741020793841
1.16072211720223
-0.405257088846852
-0.504822306238149
-0.0408431001890215
-0.0371436672967573
-0.0299546313799617
-0.692383742911111
0.142901701323333
0.0883005671077567
0.407661625708903
0.436083175803463
0.778654064272237
-0.0491361058600755
-0.838366729678638
0.196928166351623
0.302850661625698
-1.06768620037809
0.255497164461311
0.393272211720289
0.536691871455597
-0.700833648393118
0.0349017013232474
-0.634761814744765
0.0194612476370796
0.542217391304412
0.484162570888487
-0.431190926275964
-1.33212476370506
-0.814841209829834
-0.713372400756123
-1.38453686200368
-0.49030812854442
1.51389792060499
0.407
0.776283553875239
0.5940472589792
-0.13905482041588
-0.956
-0.100385633270323
0.612708884688091
-0.599385633270323
0.254614366729679
0.8360472589792
0.278
-0.983
-0.71
0.221
-0.966
0.483
-0.092
0.598
0.106
0.66
0.662
-0.691
0.82
-0.348
0.376
0.458
0.801
-0.724
0.937
-0.677
-0.136
0.036
0.208
-0.887
0.576
0.65
-0.244
-0.759
-0.409
0.327
-0.409
0.214
-0.809
-0.114
0.03
-0.663
0.687
-0.304
0.066
-0.369
0.322
0.096
0.414
-0.397
-0.874
0.097
0.805
-0.084
-0.016
-0.414
-0.227
-0.039
-0.862
-0.394
-0.054
-0.758
-0.192
-0.824
0.644
-0.616
-0.274
-0.333
0.006
0.779
0.068
-0.552
-0.883
-0.066
0.621
0.038
0.771
0.104
0.21
0.305
0.001
0.768
0.622
-0.395
0.987
-0.521
0.845
0.84
0.256
-0.995
-0.447
0.629
0.075
0.585
0.94
-0.212
0.528
0.51
0.051
-0.319
0.904
-0.346
-0.911
0.634
0.534
0.678
-0.021
-0.13
0.294
0.945
-0.186
0.668
0.751
-0.168
0.604
0.178
-0.381
-0.797
-0.811
0.165
-0.461
-0.114
0.41
0
