-0.935627599243842
-0.718069943289204
-0.447362948960302
-0.446251417769357
0.232419659735358
-0.385867674858206
-0.878162570888441
-0.30306616257089
-0.443610586011326
-1.2696899810964
0.121408317580346
-0.203294896030239
-0.588166351606795
-0.793253308128535
-1.27173345935721
-0.653551984877121
-0.999892249527406
-1.28678827977315
-0.391164461247635
-0.482614366729675
-1.50937618147447
-0.201691871455573
-0.996827977315684
-0.891962192816625
-0.34221172022684
-0.204421550094513
-0.23593005671077
-0.272417769376176
0.241930056710781
-1.02682419659733
-0.983096408317571
-0.365633270321355
0.103137996219286
-0.986555765595456
0.266586011342163
-0.643342155009447
0.193733459357284
0.0536521739130486
-0.324542533081284
-0.355483931947063
-0.72971266540642
-0.384752362948955
-0.849778827977312
-0.117268431001888
-0.852614366729668
-0.857243856332699
-0.83202646502835
-0.0719848771266534
-0.247954631379958
-0.645260869565212
-0.246712665406425
-0.702081285444229
-0.390612476370508
0.178026465028357
-0.882844990548198
-1.09735727788279
-0.482111531190923
0.248474480151231
0.618495274102083
0.594686200378074
-0.880616257088843
-0.561793950850661
0.404854442344048
-0.167313799621926
0.277678638941401
-0.796039697542527
0.629240075614366
-0.720703213610584
-0.286737240075612
0.133896030245747
-0.0183629489603025
-0.0994404536862003
-0.46177315689981
-1.0101606805293
-0.582351606805293
-0.572638941398864
-0.0343327032136105
-0.204228733459357
-0.914166351606805
-0.545986767485822
-0.597875236294895
0.484448015122874
-0.684253308128544
0.343240075614367
0.122062381852552
0.907493383742911
-0.737835538752363
-0.563546313799622
-0.601875236294896
0.778822306238185
-0.83
-0.908710775047259
0.888315689981096
0.466822306238185
-0.216888468809074
0.799
0.793986767485822
0.318480151228733
-0.982848771266541
-0.841546313799622
-0.202039697542533
-0.424177693761815
-0.325
0.765124763705104
0.306466918714556
-0.869862003780718
-1.00117769376181
-0.127671077504726
-0.233533081285444
0.657657844990548
-0.0318884688090737
0.75
0.287822306238185
0.224973534971645
0.380124763705104
-0.226177693761815
-0.612
-0.766835538752363
0.945973534971645
0.579960302457467
-0.775177693761815
0.393164461247637
0.897657844990548
-0.0598884688090737
0.169
0.0651512287334594
0.119466918714556
0.279289224952741
0.27
-0.271710775047259
-0.227684310018904
0.713822306238185
-0.142039697542533
-0.969177693761815
0.838
0.848986767485822
-0.113519848771267
-0.550039697542533
-1.0478752362949
-0.075710775047259
0.823604914933837
0.387
0.686
-0.217
-0.247
-0.58
-0.155
-0.348
-0.953
-0.935
0.411
0.574
0.363
-0.595
0.979
0.453
-0.32
0.664
-0.351
-0.737
0.004
-0.324
0.608
-0.976
-0.127
0.311
-0.16
0.257
0.421
0.567
0.876
0.886
-0.771
-0.002
0.727
-0.149
0.709
0.125
-0.743
-0.252
-0.761
-0.491
0.288
0.204
0.373
0.221
-0.636
-0.496
-0.935
-0.616
0.186
0.248
0.851
0.743
0.977
0.226
0.779
0.661
0.91
0.442
0.579
0.588
0.231
-0.521
-0.811
0.524
0.344
-0.635
-0.323
0.127
0.743
0.555
0.406
0.901
-0.977
-0.506
0.387
-0.597
-0.349
0.652
-0.053
-0.664
0.192
0.036
-0.619
-0.373
-0.965
-0.514
0.021
-0.5
0.072
-0.953
0.214
-0.185
0.168
-0.349
0.278
-0.191
0.015
0.849
0.876
0.999
0.826
-0.063
-0.36
0.63
0.841
0.95
0.72
0.482
0.839
0.375
0.01
-0.742
-0.506
0.243
-0.604
-0.805
-0.903
0.561
0.489
-0.142
0.343
-0.823
-0.946
0.695
-0.66
-0.409
-0.268
0.371
0.216
-0.422
0.387
-0.199
0.775
-0.052
-0.491
-0.746
-0.605
-0.25
