-2.22170510396941
-0.0731436672967725
-0.118608695652173
-0.776034026464988
-0.97464083175798
-0.800304347826047
0.192716446124782
-0.0553913043478313
-1.21903969754232
-0.596077504725875
-0.713378071833642
-1.1687618147448
-0.00674669187144065
-0.724200378071826
-0.770911153119072
-0.31758034026465
-0.471132325141771
-0.145491493383746
-0.379200378071825
-1.01838185255192
-0.338277882797735
0.372001890359168
-1.20446691871445
-0.991317580340269
-0.159052930056704
-0.557466918714549
-1.0463913043478
-0.700109640831747
-0.693565217391284
-0.385735349716452
0.153648393194711
-0.655228733459347
0.239735349716458
0.335198487712675
-0.378431001890346
-1.39941209829863
-0.659466918714532
-0.368068052930056
-0.666317580340226
0.0101776937618266
-1.19304158790159
-1.27431758034024
0.461926275992452
-0.626805293005665
-0.585412098298656
0.148111531190924
-0.512170132325124
-1.50711153119087
0.694928166351616
0.176570888468819
-0.00383931947069409
-0.540306238185214
-0.61253686200377
0.433665406427226
-0.825542533081279
-0.457655954631356
0.0915708884688123
-0.904701323251407
-0.782914933837437
-0.081217391304343
-0.481228733459339
-0.875132325141771
-0.335833648393189
0.243727788279781
0.767232514177699
-0.138489603024574
-0.142011342155009
0.411362948960306
0.115950850661633
-0.642293005671074
0.933041587901721
-0.825708884688064
0.745778827977323
1.02082986767486
-0.622654064272204
0.549406427221176
-0.92971644612475
0.509767485822309
-0.638001890359166
0.597844990548208
-0.631308128544411
-0.436727788279772
0.195644612476374
-0.118718336483932
0.112905482041597
0.636298676748587
-0.0975122873345892
-0.0800359168241873
0.763710775047263
-0.020546313799619
-0.256633270321357
-0.303442344045369
-0.0705576559546317
0.5249584120983
0.176661625708894
0.0885179584121027
0.254805293005671
-0.911345935727781
0.47358223062382
-0.0669603024574671
-1.17496030245741
0.759831758034031
-0.236066162570888
0.422287334593576
1.12958034026465
0.765576559546317
-0.540865784499055
-0.0804914933837364
0.557682419659741
0.656241965973543
0.966862003780675
0.879534971644594
-0.0734650283553882
-0.376088846880909
-0.458415879017012
-0.548809073724006
0.764234404536868
-0.396226843100187
-0.457079395085064
-0.167742911153122
-0.691315689981091
0.263166351606804
0.164137996219281
-0.342708884688088
0.497083175803404
0.52565406427222
0.875283553875241
0.795017013232512
0.254848771266538
-0.214007561436673
-0.438913043478266
1.2528412098299
0.351347826086955
0.522531190926278
0.563448015122875
0.484514177693762
0.785105860113431
0.527555765595468
0.514879017013232
0.680922495274103
-0.0889584120982982
1.55386767485821
0.265818525519852
1.13157088846883
0.460606805293005
0.0906748582230627
1.17355954631379
-0.235111531190924
1.21630623818526
0.544413988657844
1.16969187145558
-0.103221172022683
0.817
-0.493835538752362
-0.405472589792062
-0.0714517958412108
-0.583
-0.440143667296785
-0.630088846880906
-0.844143667296784
-0.671143667296785
-0.308472589792061
0.994
-0.544
-0.248
0.972
0.358
0.542
-0.285
0.109
-0.229
-0.743
0.724
0.042
0.786
-0.438
-0.808
-0.269
0.173
-0.691
0.802
0.28
-0.228
0.83
-0.164
-0.84
-0.86
-0.962
-0.685
-0.273
-0.165
-0.168
-0.065
-0.314
0.017
0.987
0.979
-0.564
0.216
0.136
0.615
-0.695
0.479
-0.966
-0.867
0.666
-0.401
-0.225
-0.277
-0.968
-0.254
0.685
0.393
-0.932
-0.64
0.054
0.92
-0.836
0.619
-0.408
0.832
0.32
0.226
0.987
-0.726
0.939
0.321
0.038
-0.976
0.798
-0.417
0.756
0.514
-0.964
-0.306
0.496
0.801
-0.263
0.696
0.17
0.56
0.365
0.314
-0.717
0.981
0.149
0.439
-0.133
-0.675
0.963
-0.933
0.815
-0.183
-0.376
0.304
-0.705
0.078
0.491
0.759
-0.806
-0.655
0.561
-0.25
-0.075
0.449
-0.011
-0.829
0.356
0.374
-0.136
0.253
0.182
-0.533
-0.551
0.031
-0.533
-0.995
-0.057
-0.995
0.125
