-1.09174480151225
-0.210066162570876
0.882803402646506
-0.377720226843074
0.656818525519895
-1.0632684310019
-0.586867674858177
-0.9959224952741
-0.374597353497134
-0.41559924385632
0.354988657845001
-1.18200945179581
-1.62470132325148
0.271604914933848
-1.18477693761803
-1.0695689981096
-1.08374669187144
-0.2000415879017
-0.0813931947069934
-0.805175803402635
-0.832742911153103
-0.217274102079392
-0.105582230623813
-1.03927977315689
-1.29618525519831
-0.688862003780712
-0.0117258979205978
0.0229054820416013
0.261799621928178
0.114945179584131
-0.734843100189001
-0.267625708884681
0.0551153119092712
-1.47290170132322
-1.22219659735342
-1.30793950850655
-0.980162570888435
-0.816489603024565
0.165013232514188
0.215892249527415
-0.115758034026462
-0.779903591682412
-0.60183742911152
-0.459913043478258
-0.278449905482036
-0.627689981096402
-0.942582230623809
-1.38853308128539
-0.107100189035912
0.476514177693766
0.529884688090746
-1.16365217391297
-0.927003780718286
0.105627599243864
0.360098298676755
0.447835538752366
-1.15127032136105
0.0355047258979188
0.0743648393194726
-0.695489603024563
0.000914933837429092
-0.81487712665406
-0.497797731568989
0.444712665406425
0.0540661625708888
-1.0504083175803
-0.3316427221172
-0.822877126654057
0.193179584120984
-0.67226086956521
0.200236294896034
0.379190926275998
0.217593572778827
-0.790251417769366
0.169277882797735
0.359676748582236
-0.465680529300566
-0.617368620037803
0.201780718336487
0.107914933837429
-0.552100189035908
0.388094517958414
0.0481928166351614
-0.782822306238179
-0.933843100189026
-0.181359168241966
-0.0230415879016996
-0.511759924385629
-0.484756143667293
-0.819370510396972
0.966204158790174
0.141705103969758
0.574591682419659
-0.167434782608696
-0.432470699432887
-0.483827977315689
0.184340264650287
0.5857202268431
0.68020037807184
0.141523629489608
1.21624007561436
-0.998249527410204
-0.155964083175796
-0.295897920604911
0.345748582230627
1.03438185255193
-0.332623818525516
-0.547487712665402
1.13856332703215
-0.2661190926276
0.229151228733463
0.82615689981097
0.232117202268437
0.62376748582231
-0.556487712665403
0.609930056710778
0.687914933837432
0.876179584120985
0.948971644612482
-0.425727788279772
0.361992438563326
-0.0509792060491497
0.830538752362951
0.188826086956525
-0.508557655954631
-0.129086956521739
1.52288090737241
-0.398580340264651
0.576947069943291
0.238589792060491
0.224485822306238
0.786973534971643
-0.146395085066161
-0.269137996219282
0.292903591682417
-0.353472589792058
0.224060491493385
-0.762714555765596
-0.164015122873344
-0.986710775047259
0.145066162570891
1.00974102079395
0.305671077504726
-0.256444234404537
1.13620604914933
0.344206049149338
-0.882
-0.860139886578448
0.297370510396975
0.106465028355387
0.120790170132325
0.45130056710775
0.709
0.142790170132325
0.943465028355385
0.550300567107751
-0.852
0.908045368620037
-0.310024574669187
0.565045368620037
-0.610954631379963
0.754465028355385
-0.244
0.183
0.929
0.928
-0.38
-0.435
-0.387
0.745
-0.376
0.676
0.146
0.593
-0.301
-0.971
-0.343
0.966
0.933
-0.978
-0.672
0.892
0.848
-0.685
0.804
0.535
0.611
0.948
-0.223
-0.748
-0.752
0.368
0.863
0.562
-0.975
-0.669
-0.699
0.117
-0.901
0.229
0.745
0.552
0.42
0.075
-0.545
0.285
0.775
-0.884
-0.715
0.887
-0.636
-0.818
0.63
-0.729
-0.107
-0.848
0.879
-0.559
0.379
-0.606
-0.684
-0.329
0.788
-0.64
0.496
0.256
0.813
0.583
0.568
-0.633
0.727
0.539
0.866
-0.296
-0.723
-0.224
-0.528
-0.227
0.859
-0.482
0.759
0.495
0.663
-0.111
0.888
-0.934
0.737
0.591
-0.331
0.872
-0.549
0.86
0.738
0.705
-0.087
0.073
0.764
0.059
0.578
0.198
0.472
-0.809
-0.453
0.917
-0.84
-0.176
-0.685
-0.074
0.994
-0.884
0.68
0.106
-0.419
-0.139
-0.366
-0.18
0.007
-0.102
-0.528
0.43
