-2.77653875274422
-1.42164839643355
0.0123383731876202
-0.829351608775911
-1.86927032399536
-0.613094519706556
-0.653570894998764
-0.475576557719338
-1.32294329396159
-1.57080150917884
-0.257773158739738
-0.132241963116193
-0.107238181890516
0.0112741023906638
-0.0836408350536562
-0.0720888436525715
0.0566143676233551
0.033385635439326
-0.00555009356160241
0.141047255448611
-0.074790166875632
-0.14540453528834
-0.404077504696512
-0.146627594325663
-0.00478449604704695
-0.00215690107434435
0.112931953496083
0.0581190931783728
-0.0336030262224593
-0.0228903601942682
0.0630756160138839
-0.104769374984379
-0.235986769829654
-0.28234215413543
-0.0764725899948079
-0.0854253292781883
0.0512835543196345
0.0604328937932707
0.138750467866486
0.0117145546403443
0.0836351637263099
0.0522192828437906
-0.0245519855024012
0.0434385624440371
-0.158094523378971
0.00955765791381482
-0.0457523606249663
-0.217551985594539
0.147432889674894
0.170342159040584
-0.0655122890031315
-0.0124026453366038
6.99365973536233
0.322536859727952
0.29060491860181
0.382846880089911
0.228262759738319
0.109903587952037
0.186302458070132
0.0862344048601234
0.0375841221288003
0.00309452021894576
0.126875231077765
0.0661096429600031
0.0403667324610544
0.0712325167713667
-0.0120000014168559
-0.0833081291803139
0.0960567132307073
-0.0376843070845102
0.0716105884479278
0.04537807122628
0.156206049074683
-0.112782612458927
-0.157947070032005
0.202425331130579
0.0717750492365012
-0.0893950856542674
-0.191699435383828
0.178703216663478
-0.0738430995686214
0.0289640851793088
-0.106287336734393
0.203332701356712
-0.141310019974133
-0.19414177644544
0.0591323286494641
-0.202954632260952
0.115238182490506
0.104243860022217
-0.210899809747447
-0.0238846878132504
-0.255122874402291
-0.0180415859087724
0.144735354311507
-0.148672965838784
-0.0500812885257808
0.409621932346519
0.0840264657874688
-0.116763705806092
0.136153121142037
0.0308922508175345
-0.119752364754532
-0.301508505806469
0.78227788827667
-0.128761812269087
-0.11374101857356
0.0148071883351868
-0.57041398651288
0.605752361035026
-0.244126652253142
0.0712419643243078
-0.00586389605952973
-0.349780723307546
0.115410212892969
0.356344050446678
0.394156904682078
-0.173621927234776
0.232892245718336
-0.702030242939694
0.167960303372962
-0.0483724025265271
-0.301436673230506
-0.465890355778881
0.208896029304914
0.119967862073771
0.18253497080161
-0.400043480294594
-0.463810964388147
0.871483930930241
-0.0915860102956937
0.299385634176748
0.0875897910745309
0.45237240155049
-0.627826086920579
-0.00199433294145611
0.186523628242441
0.45944612325748
0.211839318925595
-0.94809452184632
-0.287111531041615
0.392427222735382
-0.346009450150761
-0.0153799626597113
-0.213822307054359
-0.756345935631305
0.0682741020695349
-0.706011341107145
-0.374243855725669
-0.150880909795602
-0.626769375002631
0.735969757253257
-0.565
0.71709829892605
-0.875650283512332
-0.577005670246532
0.462
0.841546314339744
1.02924574731504
-0.763453685660255
1.06454631433972
0.360349716487673
-0.685
0.033
-0.302
0.882
-0.012
-0.183
0.184
0.157
-0.085
0.028
0.204
0.497
0.902
-0.768
-0.2
0.394
0.564
-0.029
-0.901
-0.296
-0.463
0.44
0.543
0.287
-0.385
0.459
-0.12
-0.971
0.818
0.566
0.644
0.144
-0.604
0.091
-0.579
0.175
-0.908
-0.336
0.054
-0.844
-0.104
0.117
-0.995
0.113
0.927
-0.063
0.753
0.881
0.415
-0.932
-0.857
-0.098
-0.997
0.226
-0.187
-0.125
0.49
0.411
0.267
0.528
0.936
0.154
0.339
0.348
0.384
-0.941
0.101
-0.19
0.811
0.624
0.301
-0.101
0.917
0.943
0.808
0.419
0.434
-0.571
0.359
0.677
0.705
-0.001
-0.387
0.75
0.422
-0.258
0.14
0.169
-0.723
0.546
0.685
-0.319
0.397
0.525
-0.781
0.741
0.778
-0.344
0.729
0.868
0.835
-0.057
-0.931
0.791
-0.233
0.244
-0.016
-0.941
0.418
0.394
0.44
0.06
-0.948
0.589
0.823
-0.064
-0.459
0.589
