-3.99449338374265
-0.388100189035931
0.696275992438626
-0.177160680529313
-0.194544423440976
-0.617217391304344
-1.61657655954703
-0.114491493383665
9.02557844990731
0.56096975425321
0.0998752362948374
-0.00229489603028046
0.0590699432892744
-0.107069943289258
-0.0200226843100514
-0.059328922495293
-0.00527788279767881
0.0339735349717474
-0.0280000000000105
-0.0167126654063918
-0.049638941398875
-0.0292703213609985
-0.0473931947069718
-0.0207164461247804
-0.135801512287294
0.00724952741021342
0.0136767485822219
-0.0299357277882244
-0.000759924385609779
-0.0423856332703277
0.0224990548204547
0.00651228733466386
-0.0891455576559408
-0.0228922495273935
-0.0518771266540412
0.0166672967864243
-0.0817296786389234
-0.000398865784460505
0.0131228733459449
0.0528827977315707
0.00335916824198653
0.0501379962193116
0.00480718336486782
0.0112873345936178
0.0609111531191127
0.0484688090737666
0.0468223062382213
0.0288827977315704
-0.0418034026464785
0.0323856332703631
0.0374026465028677
0.0497826086956881
0.00708884688094977
0.047589792060523
-0.0264423440453467
0.00353119092630364
0.0222419659735702
0.0113610586011765
0.02007750472593
-0.00430623818520647
0.0146086956522014
0.0532457466919034
0.0412778827977455
0.0103081285444501
-0.0239659735349516
-0.00215500945176361
0.0329754253308355
-0.011610586011326
0.0406880907372685
-0.000355387523592026
-0.0315293005670927
-0.0304536862003522
0.0789243856332995
-0.0288979206048938
-0.000223062381826673
-0.00951228733458032
-0.0255708884687993
0.0182967863894328
0.0299035916824414
0.0108544423440714
-0.0249224952740857
-0.0124253308128298
0.00614177693761526
-0.00957088846878896
0.0544272211720352
-0.035790170132311
-0.0166446124763399
-0.00635538752361935
-0.00973724007556502
-0.00300567107748411
0.0284517958412378
-0.0609546313799789
0.0116049149338341
0.0670510396975531
-0.0142381852551824
-0.0125519848771157
-0.0374536862003662
-0.0192060491493124
-0.025238185255191
-0.059389413988661
-0.0336559546313706
0.0200982986767504
-0.0482495274101972
0.111671077504738
-0.124175803402631
0.0748903591682512
0.173071833648425
0.134285444234409
-0.000918714555748794
-0.0939621928165367
-0.056909262759901
-0.0405330812854375
-0.00583742911150268
-0.13491682419653
0.0786899810964213
-0.117105860113426
-0.0979810964083212
0.365538752362962
-0.141054820415869
1.04868620037798
-0.474168241965989
-0.478209829867616
-0.0311739130434847
-0.325926275992449
0.124784499054841
0.526062381852503
-0.161678638941408
-0.27451606805289
-0.452750472589766
-0.9035500945179
0.752366729678705
0.0999130434782625
0.309603024574665
0.694207939508484
-0.413429111531188
-0.350313799621918
-0.216066162570906
0.269179584121008
-0.142538752362962
0.320691871455565
0.0264328922495326
0.361775047258956
0.548383742911142
0.1323742911153
-0.222561436672967
0.178625708884684
-0.309843100189032
0.481115311909266
-0.0263440453686186
-0.237396975425331
-0.238349716446127
-0.981024574669199
-0.649
0.881124763705103
0.332020793950857
-0.269584120982989
-0.013
0.861270321361059
-0.787688090737234
-0.961729678638935
0.387270321361065
-0.352979206049149
-0.852
-0.302
0.397
-0.172
0.431
0.394
0.476
0.067
-0.851
-0.983
0.837
0.533
-0.482
0.234
-0.443
-0.424
-0.67
0.991
0.386
-0.372
0.973
0.882
0.02
-0.484
-0.675
0.884
-0.808
0.763
0.959
-0.859
-0.773
-0.713
-0.68
-0.58
0.503
-0.143
0.396
0.207
0.585
0.022
0.964
0.098
-0.877
-0.02
-0.215
-0.183
0.417
-0.893
-0.647
-0.59
0.648
-0.645
-0.231
-0.124
-0.317
-0.734
0.678
-0.119
-0.497
0.546
0.201
0.713
0.108
-0.992
0.789
0.549
0.213
-0.903
0.73
0.699
0.179
0.122
-0.594
-0.636
-0.337
-0.126
0.758
-0.961
0.731
0.507
-0.533
-0.915
0.409
0.548
-0.508
0.872
0.518
0.443
0.737
0.236
0.179
-0.485
-0.296
-0.962
0.82
-0.75
0.99
-0.885
0.191
0.236
0.604
0.32
-0.624
-0.347
0.23
-0.475
0.949
-0.595
-0.788
0.809
-0.493
0.638
0.15
-0.004
0.079
0.116
-0.697
0.559
