-2.5483270321343
-1.22955765595515
2.01676748582242
-1.64735160680932
1.32833648393214
-1.17571455576675
-2.02678638941358
-1.3445066162532
0.0800434782639214
10.2389281663556
-0.75898487712612
-0.784542533081016
0.0200510396979057
-0.276659735349327
0.0351455576562088
-0.0201228733459591
-0.155183364839072
-0.0254952741019823
-0.0164801512286011
-0.106948960302193
-0.128652173912911
-0.128045368620029
-0.0453364839317267
-0.0599678638941189
-0.112100189035774
-0.0223780718335797
0.00971833648405138
-0.0200189035916101
-0.0414272211719202
-0.0972930056708595
-0.039109640831592
0.0149640831758809
-0.0548903591682221
0.0392230623819067
-0.0470302457466762
-0.053504725897771
-0.0530340264650114
-0.042181474480124
-0.0254045368619572
-0.0310434782608199
-0.0300434782608134
-0.0578185255198364
-0.0838714555764004
-0.0428185255198122
0.0183724007561595
0.00977504725902553
0.027079395085074
0.0109754253308283
0.00739130434784017
-0.0368714555765629
-0.00388090737236362
-0.0826502835537879
-0.0292003780717789
0.00824763705104994
-0.00663705103967352
-0.0063478260869349
0.0180472589792142
-0.0366862003780669
0.0120075614367029
-0.0183780718336248
-0.00537618147447188
-0.0399035916824186
0.0220075614366798
0.0133478260869835
0.0346540642722349
-0.0126616257088751
-0.0108979206048803
0.0200529300567373
-0.00142344045367111
-0.0314423440453564
-0.0205463137996001
-0.0483119092627475
0.0102514177694143
0.0272684310018994
-0.0367353497164298
0.0335538752362982
0.00450283553874461
0.00640642722117997
-0.0131776937618015
-0.0014196597353361
0.0445330812854527
0.0308241965973865
0.0174858223062435
-0.0158979206048971
0.0379130434782702
0.0307258979206322
0.0214253308128514
-0.0319470699433022
-0.0524933837428986
0.00185066162572926
0.042759924385639
-0.0602986767485801
0.0478355387523702
0.0080964083175886
-0.0299754253308068
0.00507939508505961
-0.0212249527410223
0.0015519848771388
-0.0651852551984916
-0.0100812854442381
-0.018606805293012
-0.0246918714555703
-0.0368052930056844
0.169213610585984
0.0478922495274238
-0.111105860113436
0.039423440453699
0.18496975425337
-0.0967939508506582
0.0363137996219321
-0.0586370510396798
0.160451795841228
0.00620982986772177
0.148115311909218
-0.129128544423425
0.0804744801512376
-0.347559546313769
0.18157277882797
-0.116302457466902
-0.140266540642731
0.181886578449927
-0.0999338374291323
0.120277882797756
0.244835538752364
0.0316030245746959
-0.254253308128565
0.0338147448015291
0.342837429111533
0.64609073724008
0.0361077504725988
-0.598340264650284
-0.114251417769363
-0.221886578449923
0.519115311909284
-0.729086956521743
-0.304120982986775
-0.803353497164454
0.336402646502856
0.175285444234408
0.0809659735349792
-0.222780718336489
0.460691871455575
0.375338374291124
0.442328922495284
0.191812854442338
0.204086956521739
-0.391232514177692
-0.677311909262766
0.337130434782611
-0.295232514177693
-0.12420415879017
-0.469338374291117
0.304
0.755137996219281
0.473856332703218
0.14512665406427
0.209
0.747132325141782
-0.169155009451793
-0.715867674858218
-0.826867674858218
-0.92114366729678
0.873
0.454
0.008
0.229
0.483
-0.563
0.009
-0.102
0.855
-0.305
0.243
-0.496
0.099
-0.173
-0.411
0.564
-0.369
-0.337
-0.623
-0.417
-0.44
0.489
-0.455
0.802
0.154
-0.624
0.747
-0.171
0.32
-0.783
-0.391
-0.021
0.335
0.196
0.841
-0.979
-0.31
-0.869
-0.855
-0.815
0.179
-0.801
-0.637
-0.772
0.436
-0.201
-0.308
-0.347
-0.322
0.645
0.195
-0.74
0.987
0.67
0.524
-0.617
-0.092
0.205
-0.925
0.107
-0.311
-0.821
0.578
0.637
-0.914
-0.737
0.169
0.903
-0.014
-0.433
-0.127
-0.501
-0.482
-0.808
0.403
-0.639
0.126
-0.683
-0.634
-0.645
0.683
0.094
-0.85
0.675
0.021
-0.651
-0.008
0.665
0.671
0.457
0.113
0.485
-0.944
0.038
0.496
-0.001
-0.379
-0.275
-0.858
0.172
0.63
-0.211
0.666
-0.89
-0.229
-0.304
0.741
0.794
-0.734
0.163
0.257
-0.409
-0.161
0.719
0.423
0.594
-0.972
0.902
