-2.37398299294381
-1.62466162998794
-0.34458790253157
-1.067075617779
-1.32172400893308
-2.55406427460422
-2.18188847300128
-0.655344045128452
-1.59305672038289
-1.94288847066852
-0.92125898278741
0.0287183442420625
-0.80979016569664
0.205071835539961
-0.221172021932471
-0.0924801495060086
-0.0184158787655589
-0.0242230656945232
0.149553875157037
0.156253317468839
-0.132085067571622
-0.293124763240031
-0.438243852439195
-0.116153118038135
0.0242986794627036
-0.094085061214038
-0.0129678595467961
0.0895652211329372
-0.0465671030853559
-0.238026461780705
0.194060491707502
0.00977882995986409
-0.372468808096259
-0.227351605796514
0.0453043456840932
-0.212221171272913
-0.110200378054798
0.122483936050049
0.104217397398264
-0.000684305136769355
-0.200862002101345
0.138431000650343
0.0811531193370225
-0.0506502865944693
-0.0469829853805216
0.145678638078503
-0.109990547024359
-0.20921171899183
0.202200374519692
0.145546306548332
0.0250586005857224
0.0610037818058931
0.107809073511617
0.106631378695848
0.0469527402259537
-0.304109639797818
-0.0040453640044542
0.0166502813575275
-0.0895784471404341
0.0173043503247115
0.04085066456034
0.0629981061073416
0.17458789632328
0.0499716529166434
0.153173912886421
0.050807183981813
-0.0055784519596494
0.142561442571806
0.400780720569097
0.101155010448368
0.431189037114298
7.92308128525837
0.896599244816679
0.801601129208101
0.40743856536543
0.535714549004201
0.240837427272442
0.286642726385706
0.412580343216457
0.190056712704746
0.368969751030641
0.0680302451108639
0.0544650292603795
0.096536859040103
-0.0592646495842605
-0.12919092295847
-0.116413988539526
-0.0501776932744191
0.145119096004455
0.185086954517752
-0.0504253322789798
-0.123786388745669
0.112440453483484
0.143812856082487
-0.03803780593057
-0.0991228728177747
-0.000389411992822066
0.10485066167156
0.179068052611147
-0.0439224900530076
-0.147001892548552
0.183924386376983
0.156587899494312
-0.277270322061021
0.184718335953827
0.0291436656876559
-0.109272214192738
-0.174706996375325
-0.120994325131542
0.291342151621628
-0.573026470234553
-0.683323248272797
0.290593574607861
0.334826092095901
0.466379963140724
0.401546312963736
-0.348279775489259
0.365102086187966
0.105684312529432
-0.578606805730303
0.318024572062974
-0.497981092640853
-0.110733459531909
-0.96587524103208
0.0132533138608589
0.281007560017021
0.0345066150254157
0.323249532372147
0.699988659144354
0.413311911559943
0.268232519140999
-0.376584121745635
-0.200270323185076
-0.0708601154715137
-0.944092631457579
0.698931945416407
0.624060493901803
0.592604915299377
-0.958841212525646
-0.797860111058233
0.62677316268565
-1.19592060763652
-0.0879338374495331
0.224098299516192
0.758342155420015
-0.0138884698682124
0.485565218043381
0.306584120107684
-0.509342154761576
0.137913041905753
0.0984952730204224
0.540368617513909
0.82
-0.850453686200378
-0.0450756143667298
0.0654877126654067
0.156
0.481017013232516
-0.354134215500945
-0.448982986767484
-0.273982986767484
-0.142075614366727
-0.291
0.562
0.299
-0.092
-0.265
0.871
0.736
-0.781
-0.415
0.743
0.353
0
0.75
0.337
0.589
0.056
0.84
-0.698
0.891
0.749
0.778
-0.979
-0.928
-0.44
-0.343
0.592
-0.186
-0.917
-0.641
0.98
0.149
-0.285
0.86
-0.852
0.892
0.04
0.562
-0.586
0.721
0.645
0.815
-0.667
0.304
0.533
-0.459
-0.18
-0.661
0.607
0.277
-0.9
0.511
-0.805
-0.469
-0.152
0.07
-0.312
0.49
-0.262
-0.749
0.142
0.056
0.653
0.86
-0.396
-0.407
-0.362
0.14
0.601
0.444
-0.451
0.493
0.426
-0.42
-0.755
0.933
0.445
-0.284
-0.461
-0.982
0.837
0.253
0.207
-0.195
-0.742
-0.532
-0.046
-0.816
0.012
0.078
0.204
0.55
-0.177
-0.838
-0.421
-0.412
-0.838
-0.527
-0.301
-0.061
0.903
0.68
-0.263
-0.838
-0.273
-0.393
-0.915
0.615
-0.715
-0.086
0.624
0.972
-0.05
-0.28
-0.586
0.889
0.849
-0.153
0.601
