-2.72048016143535
-0.238706993844597
1.20666919338177
-1.22357466788113
-0.00499432992851665
-1.06012854652275
-1.01755199059263
-0.25803024187301
-0.553041593202034
-0.795525521439356
-0.638933834963922
-1.8254442345908
-0.717790171503273
0.192882803414338
0.273807178855747
0.792168249747441
-0.128170129125124
0.12770699869137
-0.397684310660799
-0.0279168254388698
-0.148646503698434
0.0437429108724725
7.25366540649334
-1.09406427053008
0.198241965580992
-0.239202267723349
0.548415882739319
0.0665576530156776
-0.269918713258008
-0.318361061213325
0.0519527411303641
0.405748585463936
-0.0629678664870659
-0.0303175831641355
-0.175315693641365
-0.0117126636050088
-0.10414744514108
0.0852344052813293
0.133071832382258
0.0388355413805058
-0.121330809650025
-0.0386162580486564
-0.0143780689125477
0.118022683744731
0.0992457455938922
-0.056784497853984
-0.0984120981374172
0.0437618128188199
0.0625198481313395
-0.129107750027403
0.0534347875917422
0.00439508449937417
-0.0568298706385969
0.103107752329011
-0.0318204126043306
-0.111206048627897
-0.0527296775085272
0.0144782593604743
0.108468808400255
-0.0153194720000892
-0.0115292993347349
0.13309262609805
-0.0387334548721358
-0.0159659696215947
-0.0373648387996921
-0.00271644645640342
0.0787258976067372
-0.0958374302574266
-0.0883232473901731
0.146948959995874
-0.117105861338555
0.0208034060337954
0.06854820545249
-0.183967863199001
-0.136784494134683
0.233967863572592
-0.0359716444061124
-0.0324574632201581
0.0683081260156903
0.0410850647527716
0.132879015888614
-0.0320264678613997
0.0734536853032522
0.0145293017762515
0.0692646503520881
-0.072487713573118
-0.0958336510177789
-0.0641379957128753
-0.00969754554500464
0.0184442358545133
-0.00170510280848645
0.0809886604217877
0.146897920389636
-0.140928165910095
-0.309519850793677
0.192071835782315
-0.282971644049583
-0.0707731579976562
0.0737712654857826
-0.0117901754956044
0.420578447609009
-0.148746691841227
0.153824202073344
0.120667294489273
-0.112379964074462
-0.157735350850881
-0.206497163358341
0.10813232695373
0.414372403454807
-0.395088845866084
-0.371028358614373
0.0897863925005601
0.247776937913871
0.128482040643674
-0.0626200356508802
-0.167640827517307
0.419130432641922
0.151132323125647
0.0861228715903678
0.803120986190231
0.203325143620602
-0.561389414655485
-0.589920603570529
0.216570886231482
0.305931946973473
-0.454529298365794
-0.328693761815454
0.271519849133331
-0.430260869101845
-0.161472590729331
-0.171725896650915
0.489000002819768
0.147032137795239
0.605752362687748
0.662189037234434
-0.842901699988776
-0.0243194666861133
0.0815198487163389
-0.676217389419862
0.487207939560623
-0.430317582026832
-0.256714556325439
-0.336402647605632
0.28902268298896
-0.0189867696209975
1.22098487922365
-0.104170134329335
-0.533056711833511
1.074763701177
0.236192815428141
-0.543693762807675
-0.173801514625322
-0.012
0.166483931925943
-0.759586011345676
-0.252720226913522
0.888
0.694381852506214
0.496209829814858
-0.220618147493787
1.09038185250623
0.715413988654326
-0.485
0.992
0.478
-0.796
0.323
0.313
-0.889
0.485
0.201
-0.426
0.866
0.319
0.84
0.983
-0.517
0.315
0.465
0.528
0.339
0.751
0.295
0.574
-0.32
-0.913
-0.649
-0.536
0.316
0.378
-0.268
-0.468
0.576
0.447
0.523
-0.598
0.771
-0.926
0.489
-0.791
-0.954
0.723
-0.789
-0.685
0.722
0.809
-0.296
0.669
0.24
-0.758
0.975
-0.427
-0.958
0.752
0.253
-0.849
-0.594
-0.059
0.312
0.39
0.853
-0.142
0.997
-0.267
-0.247
-0.331
-0.002
-0.581
0.795
0.438
-0.788
-0.592
0.826
0.255
0.482
0.616
0.54
-0.02
0.851
-0.13
0.382
-0.318
0.224
0.073
0.402
-0.842
-0.511
0.823
-0.807
0.371
0.996
-0.171
-0.238
-0.902
-0.644
0.187
0.725
0.477
0.562
0.052
-0.189
-0.715
0.873
0.802
-0.97
0.567
-0.254
-0.213
-0.73
0.636
-0.39
0.425
0.089
-0.559
-0.992
0.171
0.633
-0.076
0.33
-0.406
