-1.99168052930043
-0.859120982986751
0.610911153119094
-0.449809073723994
-0.711340264650258
-0.182603024574661
-0.0174706994328928
-0.0425009451795873
-0.584967863894129
-1.37694706994328
0.259173913043485
-0.23513421550094
-1.08126654064274
-0.705226843100185
0.337075614366737
-0.110107750472589
-1.12425330812854
-1.0790056710775
-0.129476370510397
0.213245746691875
0.141824196597361
-0.108073724007559
-0.504088846880904
-0.587969754253306
-0.755826086956517
-0.163240075614363
0.0920756143667332
-0.698775047258976
-1.09342911153117
-0.561508506616256
-1.33715311909258
-1.24099243856328
-0.899642722117199
-0.902026465028349
-0.389608695652168
-0.167480151228732
-0.921907372400753
0.222684310018907
-1.0014404536862
0.439172022684313
0.144034026465028
-0.682922495274096
-0.185283553875233
-0.507085066162569
-0.90758223062381
0.238117202268432
-0.643047258979205
-1.15371455576557
0.349275992438568
-0.0810283553875244
-0.551655954631379
-1.10526275992438
-1.06165784499055
0.558612476370513
-0.906879017013227
-0.360449905482041
0.713965973534974
-0.660287334593571
-0.74129678638941
-0.170500945179581
0.62655009451796
-0.984629489603023
0.140665406427224
-0.755973534971641
0.503629489603027
0.0828695652173939
-0.33318336483932
0.494145557655956
0.337500945179586
-0.75825897920605
-0.206213610586008
-0.501474480151228
-1.10308506616255
0.373223062381853
-1.117988657845
-0.363344045368619
-0.890654064272211
0.70095652173913
-0.742824196597353
-0.139973534971644
-0.641230623818525
0.22021550094518
0.0866370510396975
0.320775047258979
-0.905410207939508
0.754349716446125
-0.927971644612476
-0.345361058601135
-0.69510775047259
-0.85382797731569
0.320822306238185
0.788474480151229
0.491809073724007
0.350952741020794
-1.07117580340264
0.312446124763705
0.426829867674858
-0.304128544423441
0.133843100189036
-0.0807712665406427
-0.259512287334593
0.0376105860113422
-0.374485822306239
0.0640018903591682
-0.904170132325142
-0.955718336483932
-0.757431001890359
-0.35690359168242
0.806090737240075
0.41954820415879
-0.327073724007561
-0.892
-0.834814744801512
0.321644612476371
-0.440896030245747
-0.392814744801512
0.2
-0.935362948960302
-0.69035538752363
-0.831533081285444
0.453185255198488
-0.755362948960302
0.42454820415879
0.386926275992439
0.204
0.123459357277883
0.120555765595463
-0.381258979206049
0.502
-0.348258979206049
0.34209640831758
0.469185255198488
-0.336533081285444
0.393185255198488
-0.716
0.351822306238185
-0.329266540642722
0.912466918714556
0.179103969754253
-1.00125897920605
0.440837429111531
0.444
-0.142
-0.058
0.443
0.226
0.679
-0.827
-0.228
0.393
-0.855
0.399
-0.584
-0.054
0.553
-0.456
0.639
0.196
0.928
-0.004
-0.082
0.595
0.16
0.169
-0.932
0.25
0.401
-0.229
0.065
0.237
0.926
0.245
-0.157
-0.708
-0.297
-0.98
0.389
-0.508
-0.997
0.977
0.46
-0.017
0.893
-0.892
-0.447
0.961
0.065
0.759
0.852
0.739
0.726
0.496
-0.973
-0.773
0.127
0.911
-0.716
0.689
-0.126
-0.808
0.825
-0.093
0.107
0.534
0.467
-0.1
-0.445
-0.876
-0.758
0.533
0.155
0.147
0.193
0.95
0.536
0.935
0.702
0.051
-0.385
-0.894
-0.815
0.641
-0.081
0.326
0.511
-0.57
0.218
-0.384
0.164
-0.208
0.735
0.699
0.617
0.81
-0.848
-0.448
0.876
-0.642
-0.359
0.653
0.406
-0.059
0.517
-0.682
-0.417
-0.422
-0.698
-0.924
-0.309
0.192
-0.792
0.232
0.073
-0.232
-0.993
-0.817
0.987
0.781
-0.977
0.036
0.682
0.939
-0.041
0.45
0.797
0.455
0.53
0.382
0.798
-0.017
-0.941
0.343
-0.59
-0.039
-0.3
0.243
-0.876
-0.4
-0.258
-0.068
