-1.41696408317516
-0.796947069942924
-0.708032136105839
-0.150102079394969
-0.869083175803321
-0.458444234404189
-0.0325198487711241
-0.970230623818525
-1.46991493383497
-1.72680718336477
-0.332697542533029
-1.40839130434808
-0.390909262759725
0.164379962192829
0.523483931947198
-0.637599243856184
0.326958412098483
0.120750472589791
-0.969421550094213
-0.626563327032166
0.608381852552086
0.194725897920573
-1.32831001890214
-1.08045557655935
-1.30501512287267
-0.27837807183356
-0.126379962192682
-0.576572778827879
0.000905482041750712
-0.823775047258835
-1.20566162570868
-1.76272967863896
-0.489431001890208
-0.96177693761788
-1.32958601134233
-1.46722495274157
-0.307678638941267
0.0523667296787014
-0.0395803402645997
-0.0145330812853806
-0.199712665406249
-0.122646502835483
-0.225990548204022
-0.203778827977295
-1.31861625708866
-0.310708884688052
-0.898822306238064
-0.115971644612363
-1.33220415879049
1.46644423440491
0.164425330812952
-0.569098298676628
0.10354253308135
0.407744801512328
-0.593272211719991
-0.59142344045356
0.569170132325389
0.294391304347937
-0.202419659735304
-1.29486389413947
0.48309829867685
-0.373716446124685
0.429565217391541
-0.361168241965918
0.917835538752555
-0.322858223062404
-0.464801512287256
0.221623818525636
-0.862894139886453
-1.36987712665424
-0.818105860113259
-0.56667296786385
0.690049149338514
-0.70636105860106
0.842525519848981
0.462124763705275
-0.267429111531118
-1.00921928166333
-0.134712665406304
0.182914933837532
0.628896030245858
0.667285444234607
-0.528922495274159
-0.894177693761712
1.91964461247707
0.736255198487771
1.23764272211802
-0.0475141776937074
-0.152058601134138
0.0969035916824814
0.387463137996229
0.000954631380093932
0.68058979206063
-0.122788279773114
-0.808595463137962
0.0927183364840025
0.0701890359169594
0.195669187145634
0.951582230623986
-0.298215500945083
0.62053875236308
-0.129952741020766
1.28703780718355
0.525385633270429
0.674909262759973
1.85438941398865
0.472894139886507
1.93513988657852
2.30954820415866
11.0778733459392
1.83615879016976
1.21355009451797
0.799086956521737
-0.842856332703208
-0.175705103969733
1.44430245746695
-0.278686200378057
-0.795349716446071
0.225275992438576
0.579028355387574
-0.182011342155019
-0.235340264650282
0.221508506616268
0.347330812854439
0.32672589792068
-0.838909262759926
-0.192914933837416
0.10437051039698
-0.170977315689958
-0.583841209829865
-0.847249527410224
0.837468809073734
0.624209829867697
0.414448015122888
-0.80110018903592
0.0480737240075647
0.384918714555782
-0.190413988657848
-0.206192816635138
0.928676748582242
0.660754253308159
-0.831712665406438
-0.911465028355382
-0.153427221172022
0.192637051039701
0.629962192816645
-0.895068052930057
-0.302695652173911
0.685241965973529
0.328805293005675
0.488079395085065
-0.00549905482042498
-0.428
0.566315689981096
-0.072780718336484
-0.135614366729681
-0.187
0.945850661625725
-0.0277107750472586
-0.909149338374289
-0.144149338374288
-0.272780718336476
0.383
0.857
-0.341
0.183
0.758
0.706
0.859
0.849
-0.185
-0.024
0.683
-0.081
0.172
0.747
0.979
-0.472
0.727
0.822
-0.399
-0.895
0.11
-0.815
0.075
0.515
-0.374
-0.306
-0.165
0.852
-0.825
0.173
0.17
-0.384
-0.776
0.21
0.522
-0.743
-0.656
-0.988
0.741
-0.586
-0.303
0.668
-0.344
-0.591
0.096
0.653
-0.584
0.183
-0.04
-0.715
-0.733
0.206
0.538
-0.2
0.62
0.198
-0.218
0.143
-0.444
0.064
-0.13
-0.993
0.673
0.642
0.806
0.067
-0.306
0.962
-0.775
0.722
-0.817
0.714
-0.92
-0.814
0.407
0.442
0.528
-0.335
-0.581
-0.027
-0.723
0.651
-0.109
0.889
-0.095
0.963
0.077
0.423
0.589
-0.676
0.475
0.201
0.455
-0.324
0.544
-0.31
0.994
0.014
-0.397
-0.971
-0.042
-0.547
-0.042
0.238
-0.899
-0.447
0.126
0.351
0.392
-0.822
0.669
-0.884
-0.277
0.582
-0.214
0.219
0.115
0.784
