-1.86983364839261
-1.17457277882835
0.803480151228738
-0.852077504725838
-1.22484120982974
0.503253308128619
-0.720650283553844
-0.87731190926277
-0.368062381852493
0.0502627599244121
0.313145557655966
-1.67528733459364
-0.0703818525519507
0.0269168241966019
-0.972937618147284
-0.73908884688088
-0.956886578450024
-1.34320226843102
-0.0469300567107782
-0.223862003780721
-0.876395085066077
-0.380810964083177
-0.80459735349717
-0.241047258979199
-0.24179773156898
-1.72128166351582
-1.51676748582226
0.16223251417772
-0.246071833648377
-0.715852551984846
-1.04634026465011
-0.692240075614357
-0.621283553875211
0.286105860113444
-1.02995841209825
-0.18082230623817
-0.90188657844988
0.358971644612481
-0.586563327032113
-0.954610586011297
-0.70544801512284
-0.148654064272209
-0.497077504725885
-1.03288468809074
-0.278890359168227
0.345508506616269
-0.220604914933829
-0.402536862003764
-0.55497164461245
-0.186725897920596
-0.328007561436591
-0.152572778827963
-0.262982986767479
0.82141020793952
0.162646502835553
0.131960302457492
-0.0278204158790102
-0.811805293005606
-0.269542533081268
-0.702102079395063
0.677865784499078
0.156759924385667
-0.488990548204119
0.28488090737241
-0.161013232514165
-1.38166540642719
0.0806294896030267
-0.557865784499022
-0.750308128544392
0.43514555765598
1.00495274102082
-1.18973156899813
-0.685277882797739
0.0721417769376342
0.229640831758068
-1.29206805293003
-0.911198487712622
-1.1044706994329
-0.759470699432825
0.242034026465038
0.0324045368620108
0.343181474480175
0.710587901701335
0.453359168242004
-0.225328922495259
0.0825482041587896
-0.515323251417752
0.459007561436688
1.1305482041588
0.654661625708915
0.628189035916868
1.70812287334605
-0.07422684310016
0.258206049149348
0.108017013232524
0.239871455576568
1.00432514177693
-0.0287051039697469
-0.380850661625704
-0.855637051039684
1.15565595463143
0.737544423440466
-0.116311909262746
1.65774858223066
0.726090737240086
0.287000000000002
-0.0017939508506588
1.18703213610605
0.847440453686202
-0.279689981096407
0.511022684310023
0.266103969754254
0.354510396975436
0.670315689981107
-0.0941474480151178
0.584211720226846
1.65741965973543
0.475837429111542
4.30510586011341
1.85751795841212
0.906759924385586
0.821054820415882
-0.000378071833647711
0.382310018903592
1.24499243856339
0.00235160680529017
-0.203879017013229
0.664684310018906
-0.688994328922494
0.186784499054821
0.629355387523624
0.207771266540638
0.256531190926285
0.494559546313799
0.245586011342156
0.271230623818527
1.2737107750473
0.85760491493384
-0.291162570888472
0.402550094517964
1.37687523629489
-0.0648317580340238
-0.764141776937618
-0.499551984877126
-0.467419659735349
0.0340529300567126
-0.0310756143667294
0.904323251417757
0.273903591682419
-0.910559546313784
0.14052551984877
-0.0594139886578437
-0.685
-0.909973534971645
0.0026710775047259
0.889421550094524
-0.092
-0.125275992438564
-0.653933837429109
0.274724007561436
-0.601275992438563
0.631671077504727
0.342
0.102
-0.566
0.98
0.916
0.065
0.808
-0.916
0.595
0.537
0.766
-0.563
0.19
-0.432
-0.24
0.846
0.983
0.003
0.877
-0.741
0.886
-0.899
0.499
0.52
-0.457
0.089
-0.58
0.858
-0.719
-0.584
0.675
0.074
-0.844
-0.804
0.733
-0.041
-0.831
-0.265
-0.2
-0.857
-0.855
0.421
-0.179
0.785
0.564
0.878
-0.135
-0.571
0.016
0.061
-0.183
0.258
0.323
-0.934
0.74
0.241
0.603
-0.087
0.436
-0.173
-0.356
0.949
0.803
0.178
0.862
-0.309
-0.719
-0.007
-0.166
0.801
0.677
0.247
-0.798
0.733
-0.886
-0.535
0.279
0.713
0.956
-0.336
-0.777
0.991
-0.158
0.22
0.598
-0.584
0.751
-0.91
-0.544
-0.509
0.356
0.256
0.298
0.973
0.499
-0.805
0.617
0.642
0.922
-0.128
0.596
0.871
0.594
0.215
0.383
0.569
0.056
0.589
0.951
0.274
0.961
0.889
-0.044
-0.228
-0.397
-0.347
0.106
-0.417
