-2.91000756143563
-0.184221172022617
-0.702642722117209
-2.87053497164642
0.2640812854447
-0.026971644612393
-1.4408884688089
-1.12258601134198
-2.87145746691738
-0.798818525519691
-0.614266540642686
-0.921606805292857
-1.88350850661767
-1.54684688090696
-0.308404536861954
-3.64361625708866
-2.22070321361047
0.770765595463283
-0.167376181474358
-1.06410018903628
-1.33536105860095
-3.69242533081259
-1.63182041587907
2.04583553875264
-1.37534404536849
-0.375529300566949
0.633406427221258
-0.728833648393139
-2.23247448015259
-2.2306956521737
-2.11235538752315
-1.08309451795818
0.17897542533085
-1.93008317580395
-1.12263516068052
0.107311909262853
2.16760491493429
1.52516257088822
-1.93902457466975
-1.0164423440453
1.41063137996183
-0.260633270321326
-2.26161247636984
2.21191682419645
0.247349716446187
1.92084310018922
0.417688090737327
1.22332514177699
-2.45341398865727
-2.94463327032211
-2.04662759924343
-1.69592249527457
0.105860113421596
1.87214933837359
-1.57747637050884
-0.604215500945077
-2.90778827977394
-1.95552741020784
-1.20885633270314
2.48407372400671
-0.260567107750426
1.13193572778784
1.68644801512323
-2.18760302457416
-2.02914555765504
2.1625349716457
-0.181922495273943
-0.902858223062353
-1.13687712665404
-2.92427788279828
0.673655954631544
-0.382444234404519
-1.19285633270309
2.22997353497172
2.33386956521774
-0.139054820415921
3.00207939508584
0.277190926276149
3.00684310018898
-1.20597731569032
-0.653803402646245
-3.61213043478259
-3.27683742911199
3.29622495273992
2.11508128544418
-1.17263137996237
0.938172022684376
0.759567107750591
1.46917202268422
1.63984310018961
-0.0217618147443561
0.368351606805462
1.24341587901699
2.628359168242
0.864162570888418
-3.51720037807201
2.50702268430969
1.40277882797653
2.07371077504748
-0.128850661625682
3.4184555765607
-3.85342155009512
2.56388846881
1.56816257088781
17.6118071833856
3.55126275992414
3.64154631379944
-1.8032797731572
1.44612476370495
-0.488570888468804
1.51327032136093
0.53661058601137
1.73139130434801
-0.41072400756144
-1.77144045368647
0.760826086956569
1.35915122873346
-1.21285633270294
-1.37688090737261
-0.487421550094503
-3.27752741020813
1.22627977315693
2.12460680529305
0.975115311909143
2.81865595463144
-4.4678525519849
0.648714555765619
-1.97533459357278
3.72828733459385
1.51736672967857
3.85534026465079
-1.38888468809079
1.53760113421577
5.09310586011378
-2.70193761814771
-3.15340642722125
1.64386956521724
3.42815689981102
1.86400189035937
-1.0987523629489
7.1328922495281
-0.23591871455579
-2.18046880907367
3.75736483931955
-1.41596030245732
0.421251417769358
2.3510434782608
0.842703213610621
-0.0534688090737274
6.17942344045383
-1.16132325141773
-1.23717013232516
-0.39
0.0705841209829827
-0.703402646502817
-1.96005293005673
0.236
-1.63523440453697
-1.06103969754253
-0.0352344045368541
-1.03323440453686
-1.0334026465028
0.519
-0.904
0.148
0.81
0.594
0.056
0.837
-0.86
0.779
0.474
0.598
0.529
-0.575
0.24
-0.52
-0.801
-0.1
0.163
-0.024
0.72
0.226
0.581
0.613
-0.279
0.709
0.088
0.607
0.967
0.775
0.573
-0.586
-0.227
0.278
0.68
-0.288
0.111
-0.575
0.223
-0.747
0.132
0.422
0.195
0.355
-0.434
-0.045
0.08
-0.035
0.11
0.628
0.037
0.158
0.576
-0.317
-0.059
-0.207
0.937
-0.517
-0.573
-0.9
-0.494
0.448
0.87
-0.635
-0.795
0.059
-0.176
-0.75
-0.255
-0.473
0.368
0.773
0.677
-0.091
0.844
-0.702
-0.969
-0.774
0.047
0.766
-0.371
-0.878
-0.503
-0.662
-0.263
-0.585
-0.163
-0.91
-0.663
-0.114
-0.225
-0.372
0.998
0.122
0.747
0.683
0.551
-0.171
0.149
0.506
-0.87
-0.171
-0.781
-0.418
-0.741
0.263
0.48
-0.333
-0.162
-0.357
-0.239
0.711
0.435
-0.339
0.47
-0.617
-0.049
0.531
0.627
