-1.09570321361056
-0.0428827977315582
0.262393194706997
0.202568998109655
0.116688090737252
-1.38445368620056
-0.373875236294898
-0.310340264650284
-0.348979206049139
-1.21776370510393
0.161826086956532
-0.372858223062381
-0.70765217391304
-0.444650283553873
-0.262302457466909
0.00331568998110105
-0.318376181474481
-1.60039130434778
-0.63121739130434
-1.06647069943284
-1.45713232514175
-1.13778449905479
-0.268069943289226
-0.739557655954627
-1.29242722117197
-0.0260793950850655
-1.18815689981093
-0.125370510396974
-0.976947069943279
-0.718603024574663
-0.876258979206039
-1.46343856332701
-0.894043478260864
-1.18249905482041
-1.01115879017012
-0.175570888468806
-0.407340264650278
-0.124198487712667
-1.0813440453686
-0.841992438563323
-0.06080529300567
-1.07834404536861
-0.476062381852552
0.187890359168244
0.477332703213614
-0.24612665406427
-0.442551984877125
-0.939060491493381
-0.427272211720225
-1.15983553875236
-0.476279773156898
0.110177693761815
-0.895947069943289
-0.409678638941398
-0.715075614366727
-0.343134215500944
-0.916117202268429
-0.641771266540643
0.493523629489603
0.351179584120983
-0.871155009451795
0.10588279773157
-0.230368620037806
-0.584534971644612
0.603620037807183
0.367648393194709
-0.250553875236296
-0.66367674858223
-0.801166351606804
0.849886578449907
-0.74340831758034
-1.05854442344045
0.564546313799622
-0.586538752362949
-0.411202268431001
0.633971644612477
0.0660661625708906
0.809635160680529
-0.271710775047259
-0.184769376181474
-0.464907372400757
0.37608506616257
-0.597018903591681
-0.767544423440453
0.842270321361059
-0.0166824196597354
0.631413988657846
0.529285444234405
0.796281663516069
0.389103969754253
-0.112950850661625
-0.565663516068053
0.507459357277883
-0.316739130434783
-0.787945179584121
-0.81082797731569
0.273007561436673
-0.659958412098299
0.441020793950851
-0.679122873345936
-0.919540642722117
-0.490177693761815
-0.786814744801512
-0.0800888468809074
0.728185255198488
-0.265616257088847
0.585274102079395
0.776603024574669
-0.888835538752363
-0.329198487712665
0.74864461247637
-0.699759924385633
0.90209640831758
-0.134561436672968
-0.0157258979206049
-0.26
-0.140725897920605
-0.297945179584121
-0.337013232514178
-0.10890359168242
0.783438563327032
0.309480151228733
-0.442
-0.057
0.029
0.886
-0.455
0.05
-0.715
-0.513
-0.451
-0.127
-0.458
-0.552
-0.115
-0.858
0.255
0.536
-0.38
0.217
0.484
0.955
0.584
0.151
0.657
-0.383
-0.456
-0.349
0.715
0.473
0.354
-0.405
0.678
-0.461
-0.455
-0.238
0.965
0.282
0.897
0.854
-0.804
-0.461
0.501
0.626
-0.874
-0.096
0.771
0.473
0.987
-0.153
0.484
0.327
-0.917
0.463
0.425
0.836
0.75
0.407
0.285
-0.588
0.342
0.893
0.335
-0.188
0.133
0.953
0.194
-0.998
0.903
-0.877
-0.824
0.973
0.639
-0.234
0.02
-0.055
-0.547
0.958
0.024
-0.247
-0.154
0.071
-0.336
-0.132
0.988
-0.974
-0.488
-0.785
0.114
-0.292
0.011
-0.442
0.996
0.485
-0.489
-0.697
0.204
-0.312
-0.508
-0.828
0.709
0.768
0.569
0.864
-0.33
0.511
0.688
0.317
-0.558
-0.52
0.383
0.792
-0.618
-0.468
0.565
-0.73
0.229
-0.534
-0.176
0.106
0.441
-0.021
-0.112
0.194
0.112
0.618
0.976
-0.846
-0.746
-0.284
0.741
0.764
0.465
-0.148
0.043
0.078
0.502
-0.2
-0.803
-0.523
-0.662
0.194
0.772
-0.366
0.325
0.218
-0.825
0.464
0.919
-0.759
0.074
-0.263
0.864
0.385
-0.27
-0.271
-0.12
-0.626
-0.248
0.052
