-1.18603780718332
-0.131516068052922
-0.295136105860112
-0.162606805292995
0.609837429111559
-0.77155954631378
0.167015122873357
-1.01606049149338
-0.285742911153108
-0.978778827977306
0.123124763705107
-1.32539697542531
-0.541465028355379
0.633735349716454
0.362293005671089
0.336406427221175
-0.526504725897922
-0.268236294896028
-1.06360113421545
-0.646568998109635
-1.10568809073723
-1.12795463137994
-0.620308128544421
-0.538716446124761
-0.528655954631375
0.042438563327035
-1.10769754253308
-0.168775047258977
-0.605332703213604
-0.908463137996209
-1.0545595463138
-0.268009451795836
-0.648669187145552
-0.236062381852548
-0.617066162570886
-0.233124763705101
-0.0033742911153104
-1.26444990548198
-0.83197164461247
0.159948960302463
0.355586011342161
-0.650215500945174
-1.20732136105858
0.144000000000002
-1.01562192816633
-1.26857277882797
-0.753236294896027
-0.499274102079392
0.389637051039704
-0.713351606805287
0.510098298676753
-0.792417769376177
-0.336472589792054
0.225081285444236
-0.815228733459353
-0.535453686200377
-0.484325141776936
0.695321361058604
-0.720489603024573
-0.994982986767481
-0.537680529300564
0.752559546313802
0.545266540642725
-0.198223062381851
-0.857111531190924
-0.847051039697538
0.364332703213612
0.637831758034029
0.119839319470702
-0.564372400756142
-0.784565217391302
-0.134037807183365
-0.231633270321359
-0.404606805293004
-0.0300926275992439
0.40742155009452
-0.879517958412099
0.116126654064273
-0.583640831758033
-0.166565217391303
-0.163264650283553
0.306455576559548
0.631568998109642
-0.745005671077503
-0.446971644612476
0.770884688090738
-0.800156899810963
0.401241965973536
-0.188374291115312
-0.97722495274102
-0.458211720226844
0.307448015122874
0.573187145557656
-0.699047258979205
-0.178606805293004
0.756145557655954
-0.065047258979206
0.0971795841209843
0.252529300567109
0.885776937618147
-0.504888468809074
-0.162334593572779
0.471568998109641
-0.0139092627599244
-0.92122495274102
-0.181478260869565
0.533733459357278
-0.791088846880907
-0.682916824196597
-0.223595463137996
-0.62905293005671
0.394294896030246
0.386185255198488
0.427644612476371
0.153103969754253
0.176185255198488
-0.724
0.472637051039698
-0.70735538752363
-0.533533081285444
-0.944814744801512
-0.977362948960302
-0.16345179584121
0.133926275992439
-0.972
-0.0915406427221172
0.295555765595463
-0.470258979206049
0.774
0.222741020793951
-0.43490359168242
0.0511852551984877
0.874466918714556
-0.479814744801512
-0.614
-0.962177693761815
0.923733459357278
-0.440533081285444
-0.864896030245747
0.678741020793951
-0.809162570888469
-0.994
0.13
-0.892
0.623
0.156
-0.989
-0.802
0.128
0.735
0.543
0.484
-0.169
-0.187
0.927
-0.459
-0.972
-0.703
0.019
0.192
0.531
-0.023
-0.558
0.082
-0.793
0.376
0.491
-0.134
0.069
0.146
0.243
0.673
0.295
-0.405
-0.749
-0.94
-0.105
-0.263
0.569
-0.128
-0.087
0.132
0.449
-0.962
0.727
0.099
-0.768
0.103
-0.395
0.845
-0.977
0.647
0.582
-0.013
-0.806
0.28
0.564
-0.953
0.901
-0.754
0.664
0.145
0.128
0.981
-0.508
0.869
-0.811
-0.765
-0.439
0.867
0.645
0.291
-0.273
-0.854
-0.721
-0.602
0.527
-0.597
0.355
0.107
0.144
-0.612
-0.739
0.223
0.123
0.595
-0.909
-0.692
-0.6
-0.03
-0.505
-0.152
-0.164
0.322
0.208
0.768
-0.997
0.467
0.546
0.858
-0.09
0.996
-0.459
-0.262
-0.8
-0.268
-0.081
0.435
-0.292
0.796
0.752
0.161
-0.308
-0.207
0.102
0.276
-0.116
0.905
-0.142
-0.104
0.778
0.881
0.834
0.591
0.371
-0.203
-0.546
0.405
-0.062
-0.49
-0.606
-0.94
-0.143
0.497
-0.803
0.147
0.846
0.522
0.023
-0.61
