-2.17124574669171
-0.402173913043466
0.452289224952743
-1.54825897920619
0.635640831758061
-0.605684310018885
0.093215500945188
-0.386336483931947
-1.57614555765579
-1.30368431001889
-0.365871455576557
-0.0981833648393081
0.0993232514177797
0.362429111531196
-1.40069187145549
-0.584285444234397
-0.727697542533081
-0.449517958412099
-1.18338185255192
-0.164364839319467
-0.508525519848773
0.174415879017021
-1.18762759924384
0.358623818525522
0.00509262759924877
0.0653024574669261
-0.747637051039691
-0.984570888468803
-1.3825293005671
-1.09915689981097
-0.593355387523627
-0.678720226843091
0.0553572778828028
-1.16813610586012
0.160586011342165
-0.503903591682413
-0.995291115311903
0.124483931947076
-0.378001890359167
-1.02220415879017
0.272984877126658
-1.16441587901699
-0.638767485822303
-0.531684310018901
-1.03866729678637
-0.284620037807181
-0.861396975425325
-0.831013232514176
-1.01585444234404
-0.183741020793948
0.0789092627599291
0.578880907372405
0.367824196597355
-0.38066162570888
-0.516897920604913
-0.846606805293003
-0.246264650283549
0.0601115311909312
-0.448436672967862
0.485272211720232
-0.776816635160676
-0.524820415879015
-0.496718336483935
0.181801512287337
0.146476370510398
-1.20563705103967
-0.974429111531187
0.289198487712667
0.70982230623819
-0.156294896030243
0.651499054820417
0.282506616257092
-0.850344045368618
-1.09170699432892
0.155277882797735
-0.545960302457466
-0.363147448015122
0.423396975425333
0.345778827977316
-0.834633270321357
0.0254706994328935
0.697270321361064
-0.998017013232512
-0.116139886578449
0.000990548204159471
0.0710926275992452
-0.0276956521739131
-0.445361058601131
0.29630434782609
0.184413988657847
0.830735349716448
0.0599092627599239
-0.472920604914933
0.0663100189035916
0.685086956521742
0.0193950850661648
0.536461247637053
0.461094517958414
0.060497164461249
-0.84253686200378
-0.46094706994329
-0.0272495274102078
-0.104689981096408
0.147474480151229
0.331111531190928
0.871071833648395
0.613062381852554
0.561137996219283
0.637446124763705
-0.707759924385632
0.722062381852552
0.380432892249528
-0.932224952741021
-0.457903591682419
-0.318081285444234
-0.435389413988657
-0.383608695652175
0.719083175803403
-0.755916824196598
-0.67845179584121
-0.0427807183364839
0.71762381852552
-0.879088846880907
-0.328561436672968
0.156637051039698
-0.396650283553875
-0.152
0.205274102079395
-0.76592438563327
-0.901979206049149
0.0205482041587902
0.094
-0.546835538752363
0.202911153119093
0.57007561436673
-0.916616257088847
-0.148890359168242
-0.086
0.618911153119093
0.156383742911153
0.559637051039698
0.469767485822306
-0.046
0.1
0.545
-0.511
0.14
-0.887
-0.583
0.257
-0.46
0.867
0.38
-0.125
0.351
-0.017
-0.014
-0.718
-0.944
-0.217
0.144
-0.57
0.353
0.563
0.274
-0.345
-0.026
-0.104
-0.019
-0.376
0.748
0.734
-0.871
0.117
-0.231
0.477
-0.217
0.028
0.133
-0.33
0.477
-0.265
-0.207
-0.014
0.567
0.163
0.713
0.58
0.859
-0.404
0.104
-0.43
-0.142
-0.157
-0.982
0.132
-0.871
0.39
0.825
-0.11
0.515
-0.756
0.131
0.792
0.508
-0.195
0.737
-0.737
-0.894
0.874
-0.8
0.957
0.148
0.386
0.305
-0.592
0.636
-0.634
0.996
-0.89
-0.059
0.394
0.037
-0.616
0.519
0.178
-0.124
0.285
0.099
0.637
0.347
0.392
0.202
-0.757
0.154
0.233
0.603
0
0.478
-0.239
0.426
0.45
0.474
0.985
-0.605
0.146
0.422
0.472
0.537
0.609
0.495
0.763
0.393
0.715
0.948
-0.88
0.206
-0.254
-0.727
-0.67
0.929
-0.549
0.164
-0.532
-0.474
-0.193
-0.245
-0.096
-0.769
-0.929
-0.195
-0.364
-0.112
0.234
-0.316
0.491
0.92
0.052
0.989
-0.628
