-2.69450850661436
-0.626629489603031
-0.26812287334593
-0.592529300567037
-0.545911153119168
-0.428362948960231
-1.19544801512293
-0.881901701323219
-0.190561436672914
-1.42316635160639
0.214729678638922
0.445379962192786
-0.661678638941382
-0.482918714555754
0.0340170132325037
-0.0815103969754923
0.136183364839311
0.217130434782539
-0.00337807183362555
0.0613931947069712
-0.478960302457543
-0.417833648393329
-0.0648223062382624
0.0854045368619688
-0.1368374291116
0.322635160680524
0.175691871455585
-0.284491493383765
-0.0877693761815214
0.100383742911153
6.51211720226841
-0.20578260869569
-0.0618960302457767
-0.195795841209822
0.0856975425330767
0.0872948960302327
-0.0491455576559737
0.174705103969775
0.023398865784519
0.153508506616258
-0.159746691871457
0.121313799621906
0.185376181474459
0.0921739130434778
-0.00660869565217581
0.225160680529303
0.0528393194706944
-0.110930056710742
0.0337807183364453
-0.0910661625709005
-0.077614366729689
-0.0421436672967895
0.087098298676762
-0.123194706994353
-0.147582230623831
0.0286181474479821
-0.277835538752361
0.0897618147447943
-0.0672778827977606
-0.118073724007549
0.0760018903592095
-0.13832703213609
0.0683440453685829
-0.139716446124769
-0.344601134215509
0.0362967863894114
-0.013572778827958
0.294041587901717
-0.12532703213611
0.15035349716446
-0.153875236294877
0.0489073724007665
-0.204243856332703
0.12430434782608
0.457852551984901
0.254168241965969
0.089551984877135
0.02684120982987
-0.130631379962193
0.149344045368632
-0.112111531190912
-0.0295406427221195
0.328230623818565
0.0118034026465084
0.325863894139898
-0.0341134215500738
0.395155009451794
-0.114086956521731
0.0198393194706984
-0.185831758034055
0.270139886578453
-0.040136105860113
0.230113421550097
-0.159621928166359
-0.25188846880906
0.210621928166372
-0.272699432892257
0.226793950850663
-0.192714555765602
0.105960302457481
0.358243856332735
0.065035916824199
-0.177529300567115
-0.00267863894139564
-0.569098298676699
0.316294896030238
-0.284551984877128
0.0771606805293162
0.401939508506615
-0.140935727788277
-0.111083175803398
-0.0220680529300602
-0.295257088846883
0.69453119092628
-0.217264650283542
-0.30661058601133
-0.449071833648393
-0.123988657844984
0.498975425330808
0.32650850661626
-0.545113421550092
-0.402376181474482
-0.0930548204158782
-0.402688090737234
-0.51487145557656
-0.678956521739118
0.433578449905489
-0.0238279773156906
0.662054820415887
-0.151689981096409
0.880310018903607
-0.828168241965973
0.256835538752362
-0.1619224952741
-0.79732892249527
-0.354368620037807
0.342640831758037
-0.977274102079394
0.395591682419657
0.277054820415879
0.105298676748585
-0.686731568998109
-0.207425330812854
-0.567540642722118
-0.0946521739130417
0.73827788279773
0.189431001890358
-0.318860113421556
0.464069943289221
0.233306238185256
0.0840793950850665
-0.569788279773158
-0.147
0.622026465028355
0.0966710775047261
-0.745578449905483
0.969
-0.655275992438563
-0.615933837429112
0.758724007561438
-0.644275992438563
-0.931328922495274
-0.472
0.529
-0.242
0.572
0.99
-0.597
0.386
-0.569
-0.076
-0.09
0.547
-0.177
-0.87
-0.296
-0.151
-0.294
-0.87
0.296
0.236
0.01
0.987
-0.748
-0.818
0.788
0.177
0.915
0.575
-0.695
-0.778
-0.288
0.718
0.557
-0.255
0.194
0.582
-0.012
0.441
0.029
0.141
-0.232
0.15
-0.165
-0.763
-0.929
-0.389
-0.971
0.458
-0.613
0.291
0.262
-0.86
0.003
-0.552
0.271
-0.925
-0.724
0.347
-0.03
-0.606
-0.926
-0.173
0.081
-0.791
-0.789
0.191
0.99
-0.923
-0.065
0.121
0.861
0.265
0.101
-0.846
-0.532
0.859
0.152
-0.985
-0.89
0.177
0.147
-0.544
0.188
0.013
-0.04
-0.428
-0.285
0.108
0.474
0.118
0.306
0.641
-0.53
-0.365
0.066
0.94
-0.931
-0.374
-0.975
-0.12
-0.38
0.952
-0.478
0.265
0.43
0.996
0.038
-0.151
0.979
0.412
-0.078
-0.739
0.236
0.793
0.246
0.617
0.638
-0.933
0.249
