-4.09075992437695
-0.910073724005567
0.131258979206095
-1.83891304349531
-2.23725141776876
-1.60564461248759
-1.01346691871317
-0.385381852552235
-0.14642533081068
-1.97678827977335
-1.15050472589757
0.623219281665261
-0.530652173911442
-0.360960302456919
-0.100179584120395
0.359342155010139
0.1023137996223
-0.244614366729492
-0.432342155009024
-0.127372400755709
0.534497164461642
0.329151228733458
-0.179126654064158
-0.172247637050812
-0.217319470698895
0.17625519848812
-0.264965973534288
-0.129720226842532
0.0112438563330085
0.237538752363404
0.237533081286451
-0.184718336483544
-0.280086956521426
0.0269017013238464
-0.067584120982718
0.325595463138685
-0.29763705103915
0.0956672967869691
-0.759661625708264
0.0444442344052886
-0.29331947069913
-0.181816635160008
-0.672827977314896
-0.378421550094227
-0.0768903591677383
0.21113232514225
-0.345943289224266
-0.258277882797629
0.239143667297662
0.0345274102083265
0.327283553875845
0.112574669187492
0.14179017013303
0.408446124764554
-0.110950850661307
-0.102385633269555
0.0757088846885096
-0.0811814744797902
0.67708317580443
-0.138041587901417
-0.397389413988117
0.16776559546355
0.394962192817371
0.179835538752961
-0.289935727787939
0.108355387524345
0.0875614366731469
-0.37566162570837
0.0279848771269101
0.102998109641645
0.0407221172025665
0.0552684310021147
0.246143667297782
0.264234404537567
-0.205563327031723
-0.165066162570641
0.294512287335069
0.300374291116319
0.0529810964084817
0.386238185256279
12.5883062382369
0.993729678642034
0.609342155010017
0.948361058601283
-0.31333459357245
0.112616257089384
0.482092627599808
-0.0420850661624273
0.381654064272411
-0.0120396975424418
-0.0790907372399945
-0.0926370510395644
0.574538752363241
0.558381852552023
0.155389413988835
-0.0839584120982803
0.510177693761991
0.0570170132326805
-0.580924385633176
0.343582230624161
-0.317882797731531
0.481041587901817
-0.0948638941397589
-0.575574669187166
0.325563327032316
0.0786710775048603
0.580986767485991
0.20169754253313
-0.64260680529292
-0.488890359168158
-0.592077504725842
0.272499054820487
-0.512761814744803
-0.0542003780717825
-0.190958412098257
0.0781077504726835
0.0792173913043565
0.507510396975456
-1.21765973534969
0.267052930056731
-0.108196597353504
-1.03439697542532
0.409453686200412
0.508306238185239
0.127686200378128
0.807217391304378
0.769009451795845
0.187234404536881
0.670699432892324
-1.8848374291116
0.739635160680515
0.282336483931984
-1.06813421550096
-0.811395085066117
-1.63614366729682
-0.316648393194723
2.47848015122914
-1.42383364839328
0.0864083175803936
-0.0725349716446111
0.589758034026518
-0.90113421550094
-0.218476370510359
-0.376202268431011
1.24024574669192
-0.24053119092628
-0.148455576559545
0.610253308128578
0.0603043478260891
0.276241965973554
0.507846880907366
-0.0805085066162695
0.475
-0.250151228733459
-0.618691871455582
0.050162570888469
0.779
0.979005671077503
-0.676378071833652
-0.562994328922498
0.00100567107750496
-0.642691871455582
-0.538
-0.341
0.34
0.014
0.205
0.163
-0.988
-0.44
-0.994
0.366
0.146
0.051
0.94
-0.985
-0.169
0.477
0.725
-0.947
-0.481
0.757
0.074
-0.158
0.38
0.813
0.589
-0.448
-0.611
0.386
0.987
0.817
-0.876
0.346
0.692
0.404
-0.512
0.735
0.401
-0.054
0.915
0.81
0.594
0.859
0.101
-0.447
-0.288
-0.576
-0.211
-0.637
-0.848
-0.699
-0.789
-0.78
0.875
0.2
0.28
0.619
0.279
0.526
0.425
-0.348
-0.227
-0.375
-0.428
-0.812
0.241
0.8
0.358
-0.464
0.526
0.096
-0.924
-0.221
-0.863
-0.292
-0.837
0.215
0.74
-0.173
0.101
0.164
0.763
-0.974
0.233
0.686
0.606
0.903
0.471
-0.509
-0.877
-0.132
-0.545
0.874
0.521
0.263
0.036
-0.032
0.286
-0.088
0.311
-0.089
0.065
-0.747
-0.164
0.056
-0.776
0.431
-0.918
0.166
0.037
-0.935
0.879
-0.548
-0.575
-0.74
-0.111
-0.253
0.392
-0.114
