-1.19839130434778
-1.32887334593583
-0.335451795841209
0.038616257088863
-0.451032136105857
0.180151228733479
0.240638941398878
-1.06388468809072
-0.616391304347805
-0.00377882797730468
-0.325998109640831
-0.0836124763705011
-1.78405293005678
-1.15162192816637
-0.689226843100181
-1.01823629489601
-1.446595463138
-1.3095179584121
0.0501323251417762
-1.28363705103959
0.0627542533081332
-0.185814744801511
-0.606207939508502
-1.1024763705104
0.238570888468813
-0.445754253308124
-0.63262003780718
-1.2030982986767
-0.201824196597349
-0.215020793950852
-0.22873913043478
-0.776741020793946
-1.3847032136106
-1.18496975425327
-0.447219281663513
-1.27159735349717
-0.276431001890357
-0.946393194706985
0.31381285444235
-0.346374291115307
0.0748487712665486
-1.12541020793953
-0.386508506616254
-0.078336483931944
-0.836512287334582
0.295032136105863
-0.890739130434776
0.0871606805293072
-0.100262759924385
-1.1920396975425
0.482328922495281
-0.63599621928166
-0.106720226843099
0.0465368620037828
0.20437807183366
0.203814744801521
0.399735349716452
0.481107750472593
0.620461247637061
0.233379962192822
-0.0540132325141776
-0.276017013232512
-0.500056710775046
0.427079395085069
-0.969801512287331
-1.02893572778827
0.287385633270321
0.494434782608697
-0.0451947069943289
-0.56885822306238
-0.177587901701319
0.310234404536863
-1.12191304347823
-0.561905482041587
-0.476633270321361
-0.345916824196596
-0.66036483931947
-0.0321247637051041
-1.2334102079395
0.492160680529302
-0.676998109640832
0.0028090737240076
-0.102362948960302
0.327644612476371
0.255809073724008
-0.489245746691872
0.284555765595464
-0.241313799621928
-0.13320415879017
0.330534971644613
-0.626436672967864
0.264672967863894
-0.332922495274102
-0.628979206049149
-1.00697164461247
-0.556979206049149
0.951678638941399
0.200117202268431
0.358801512287335
-0.636553875236295
-0.662485822306238
-0.0109376181474481
-0.414485822306238
-0.330081285444234
-0.0178147448015123
-0.635143667296786
-0.0599792060491494
-0.298122873345936
-0.300553875236295
-0.438890359168242
0.157185255198488
-0.424
0.867637051039698
-0.907671077504726
0.201020793950851
-0.823362948960302
-0.798
0.32352741020794
-0.468671077504726
0.725493383742911
-0.00636294896030246
-0.193472589792061
-0.302890359168242
0.729185255198488
-0.829
0.782691871455577
-0.137088846880907
0.66154820415879
-0.39
-0.80345179584121
-0.0357807183364839
0.292637051039698
0.790493383742911
0.643637051039698
0.501
0.372164461247637
-0.573253308128544
-0.812506616257089
-0.647979206049149
-0.0944517958412098
0.577767485822306
-0.397
-0.928
-0.649
-0.813
0.858
0.458
-0.353
0.17
0.848
-0.751
-0.353
-0.31
0.629
0.4
0.548
-0.683
-0.138
-0.468
0.208
0.501
0.278
-0.894
-0.473
0.595
0.874
-0.224
-0.777
-0.404
0.834
0.748
-0.994
-0.038
0.622
-0.857
-0.607
-0.265
-0.652
0.553
-0.688
-0.672
-0.778
-0.5
-0.239
0.956
-0.68
-0.396
-0.83
-0.755
0.953
0.058
0.568
0.664
0.153
0.414
-0.687
-0.504
0.544
-0.244
-0.687
0.081
0.234
-0.95
0.335
-0.9
-0.757
0.684
0.068
0.486
0.007
-0.187
0.969
0.308
-0.781
-0.121
0.278
-0.223
0.345
-0.43
0.274
0.269
-0.394
0.977
-0.357
-0.224
-0.821
-0.658
0.809
-0.793
0.829
0.896
0.19
0.592
0.239
0.231
0.093
-0.829
0.165
-0.34
0.713
-0.365
0.536
-0.317
0.237
0.139
0.089
-0.741
0.444
-0.727
-0.864
0.535
0.151
-0.027
0.481
0.043
-0.526
0.256
0.407
-0.441
0.921
0.901
0.875
-0.14
0.656
0.111
0.622
-0.623
-0.931
-0.012
0.786
0.106
0.612
-0.315
-0.143
-0.361
0.732
0.923
-0.26
0.503
0.686
