-1.45257277990205
-0.0145822312681605
0.0523043478260895
-0.86533837484952
0.257196597310562
-1.55462759980226
-0.897189035959746
-0.777610586011343
-1.13858034065104
-0.341655955447559
-1.00823818525519
-1.27429489688966
-1.62355387622458
0.536844990161618
0.296977315561109
-0.871517958626853
-0.704313799621928
0.0200510388384003
-0.601907372744398
-1.00785633291794
-0.863079395085062
-1.36965784554874
-0.0915255198917319
0.439650282952457
-0.829620037807179
-0.0848563337771357
-0.905708885332443
-1.01904347916304
-1.55194896030244
-0.14794139890872
-0.148391305121068
0.297391304133064
-0.0427051051295889
-1.0771190926276
-0.329686200378067
-0.751565217391302
-1.16896975425329
-0.572621928166347
-1.16606616257087
-0.907979206049148
-0.982022684310016
0.136429111531193
-0.175990548204159
-0.998625708884684
0.471215500945182
-0.858478260869562
-1.20769187145557
-1.53259735349714
0.673260869565219
-0.130916824196597
0.188334593572779
-0.587884688090734
-0.856510396975422
0.464612476370511
-0.919892249527408
-0.30730056710775
-1.0736238185255
-0.30105103969754
-0.787939508506616
0.365911153119095
0.416676748582232
0.589190926275995
-1.07306994328921
-0.418482041587898
0.616328922495275
-0.828550094517956
-0.0495009451795841
0.633291115311912
-0.560319470699431
-0.102071833648393
0.530147448015123
-0.754092627599241
0.534833648393195
-0.631168241965972
0.533003780718339
-0.145538752362949
-0.749818525519847
0.462913043478262
0.928453686200378
-0.917739130434781
0.469952741020793
-0.610642722117202
-0.618587901701321
0.120028355387525
-0.976587901701322
0.205939508506617
0.395631379962193
0.685357277882799
0.77277504725898
-0.638642722117202
-0.323553875236295
0.310247637051039
-0.702034026465028
-0.46345179584121
-0.280759924385634
-0.142629489603024
0.647534971644613
-0.11620415879017
-0.719869565217391
0.469370510396976
0.238281663516068
-0.478979206049149
0.621767485822307
-0.113190926275993
0.455610586011342
0.273657844990549
-0.10145179584121
0.768459357277883
-0.862814744801512
0.558822306238186
-0.409616257088847
-0.383890359168242
0.347
-0.68547258979206
-0.872
0.179493383742911
0.38352741020794
-0.0409792060491493
-0.332780718336484
-0.377
-0.105088846880907
0.431493383742911
0.946
-0.873945179584121
-0.692506616257089
-0.689362948960302
-0.94247258979206
0.161801512287335
0.737911153119093
-0.22092438563327
0.25554820415879
0.433020793950851
0.235240075614367
-0.505
-0.166
-0.035
-0.205
0.504
0.663
-0.22
-0.66
0.655
0.577
-0.761
0.804
-0.909
-0.998
0.99
-0.583
0.544
0.496
-0.294
-0.74
0.667
-0.41
0.828
-0.417
0.507
-0.398
0.179
0.226
0.741
-0.961
0.359
-0.692
0.155
0.37
-0.148
0.481
0.163
-0.607
0.88
0.305
0.891
-0.717
0.247
0.863
0.707
-0.678
-0.776
-0.689
-0.933
-0.251
-0.799
0.292
-0.441
0.182
0.58
0.904
0.006
-0.619
0.287
-0.098
-0.516
0.554
-0.401
0.615
-0.783
0.931
-0.351
-0.279
0.149
-0.491
0.254
0.151
0.616
0.4
-0.631
0.384
0.343
0.965
-0.124
0.185
-0.623
-0.133
0.158
-0.009
0.838
-0.933
0.748
0.973
0.789
-0.053
-0.526
-0.218
0.105
-0.023
-0.179
-0.664
0.684
0.632
0.645
0.776
0.672
0.503
0.161
0.557
0.495
0.05
0.675
0.158
-0.187
-0.804
-0.44
0.04
0.504
-0.899
-0.476
0.616
-0.605
0.607
0.777
-0.851
-0.818
-0.324
-0.069
-0.799
-0.966
-0.528
-0.955
-0.362
-0.421
-0.968
0.699
0.711
-0.681
0.1
0.512
-0.127
0.706
0.6
0.496
-0.213
-0.609
-0.411
0.159
0.593
-0.613
0.434
0.277
