-1.82154820192848
-0.0159054806387516
-0.0305746692082732
-0.575712666196383
0.494725896944725
-1.30333648246543
-0.0546294916945124
-0.079716441624929
-0.63767296668638
-1.84053497293215
0.0298563361285228
-0.948463138020169
-1.38906238405141
-0.329616259021236
-1.41847259167642
0.474160686472249
-1.58730624480264
0.624143675054494
-1.2038922539282
-1.27732136409918
-0.433412092212782
-1.49069755041623
-2.33225897708206
-0.392028361813361
-1.29559168146715
-1.0441512307546
-2.28357656601227
-0.361646497580666
-1.2447448008897
-1.53210397402141
0.437778832916706
-0.516206042025479
0.776223065650875
-0.895391303035121
-1.50042722400304
0.185381853610461
-1.45643289675545
-1.54589414410476
-0.492453686086308
0.922226849425446
-1.74462193517313
-1.75280340838739
-1.92213611307132
0.699495283295684
-0.669393198712602
-1.25678828248461
-1.13840265302681
-1.68396409005533
0.368659737322913
0.266824205543686
0.258073729616648
0.912345941081986
0.318695656276657
-0.627096412589308
0.235181480978654
0.716306242904222
-0.908882802456089
0.128844996184066
0.315578453399092
-1.35857089707107
-0.280582226070394
-0.609909266149252
0.854300571875986
0.50265406925169
-0.501005667114898
-0.114247640320694
-1.33759547005638
-0.66097542710261
-1.50731569168592
0.29027788691174
-2.04436673746093
0.401727787265717
0.619945181588315
0.825818530083941
-1.36752930722338
1.73483743525668
0.824294896777538
-0.432423442585372
-1.20326654355521
0.848287337828725
-0.00613421938043073
0.278120984635435
-0.189143665408756
0.720417767503037
0.175173912377276
-0.396455572816699
-0.529183369938532
0.159077508839213
0.491969754386451
-1.28105293695969
1.59161059032576
-0.209332703675568
-0.381463143717201
-0.612427228318365
0.815710774071991
-1.6221965992837
0.842470701573733
1.80900000439863
-1.64048015845078
0.775005679810562
1.15409830668098
-1.52572590756167
0.931952743829967
0.0208204179508203
1.35031379211911
0.238474480194866
1.5417391289447
1.33763138899074
0.629090740014666
0.940553880960213
0.0415784452266771
0.729022693166218
0.137775048989945
-0.628652179336908
0.317168248756685
0.0168090769098672
0.180274095272507
0.695122874076974
1.4476521836886
-0.961410210987356
-0.0281644592321757
-0.563638944766375
-0.51598866594838
0.924351604706243
-0.142495276520366
0.904899820753363
3.41399623149549
-0.941311911368314
1.54659168009481
2.1421833750373
2.86896598615654
1.30130624726841
0.615610582936691
-0.307998113080191
0.18676181476731
0.308107755216183
0.968096414100568
-0.198298677856291
0.319812853704339
0.999317579331175
5.97276940119342
3.69730814691554
3.18126278222855
3.18808129667947
3.85935540437097
4.39651986922836
0.660162567720241
-0.277905480332438
1.1955463196495
-0.909612483314044
0.104657849279215
1.562659749096
0.406
1.51412476744424
0.10302079457408
2.89741589148168
-0.495
0.706270329463022
2.32631191861124
2.41427032946299
1.01427032946302
0.786020794574081
0.289
-0.419
0.179
0.375
0.204
0.966
-0.777
-0.858
-0.39
0.459
0.34
0.011
-0.889
-0.351
-0.008
0.467
0.826
0.833
-0.846
0.504
0.113
0.107
0.743
-0.716
-0.228
0.434
0.423
0.716
0.885
0.838
-0.261
-0.867
-0.241
-0.416
0.329
0.491
-0.674
-0.719
-0.858
0.903
-0.877
-0.081
-0.876
-0.094
-0.197
-0.605
0.706
-0.662
-0.416
0.037
-0.628
0.752
0.751
0.001
-0.443
-0.818
-0.163
-0.105
-0.398
0.769
-0.458
-0.493
-0.744
-0.228
-0.28
0.206
-0.749
0.526
0.319
0.501
0.141
0.545
0.69
-0.749
0.381
-0.806
-0.018
-0.164
0.481
-0.623
0.727
0.085
0.131
-0.153
0.466
-0.013
-0.619
0.758
-0.973
0.147
-0.347
0.43
0.678
-0.628
0.36
0.615
-0.338
0.352
-0.814
0.596
-0.857
-0.82
0.018
0.083
0.896
-0.174
-0.939
0.5
0.619
-0.637
0.199
-1
0.413
-0.775
-0.959
0.456
0.375
0.408
