-1.5696408317572
-1.35894517958474
-0.161262759924383
-0.561372400756026
-0.906582230623739
-1.29668241966082
-0.594540642722076
-1.03607372400757
0.08505860113435
-1.03125897920601
-0.143052930056697
-1.69699432892267
-0.934933837429053
-0.980338374291059
-0.929914933837381
-0.250593572778803
-0.461279773156903
-0.826306238185257
-0.533865784499037
0.0869187145557756
-0.676587901701147
-1.05381663516068
-1.77388657844964
-0.49714933837426
-0.463756143667302
-0.491644612476302
-0.579264650283519
-0.314746691871444
-0.122517958412038
-0.138514177693742
0.0613043478261009
-0.927300567107548
-0.62172589792058
0.042168241966001
-0.540899810964027
0.35585444234407
-0.553555765595433
-0.172304347826074
-1.14138185255187
0.126272211720256
-0.516901701323226
-0.714977315689945
-0.604776937618112
-0.183896030245733
-0.646982986767463
-0.100308128544424
-0.339601134215464
-0.200381852551908
-0.346914933837402
0.141795841209853
-0.111841209829849
-0.403143667296751
-0.283349716446108
-0.438313799621917
-0.0493308128544231
0.314988657845026
0.555718336483975
-0.595115311909244
-0.210620037807163
-0.0519886578449738
0.835984877126682
-0.01986956521738
-0.477827977315607
0.156937618147484
0.411217391304385
-0.47053308128543
0.0759603024574964
-0.135474480151219
0.187633270321397
-0.204011342154984
0.311886578449932
0.082952741020809
0.096266540642749
-0.135145557655963
-0.465650283553824
0.232623818525531
-0.49818903591682
-0.0673610586010933
-0.283113421550088
0.856306238185238
0.0884499054820573
-0.168580340264643
-0.614389413988649
0.5442873345936
0.672232514177713
-0.0871190926275824
0.621644612476435
0.174283553875279
-0.0767429111531107
0.943260869565326
0.404996219281658
0.303374291115342
0.429565217391313
0.3618752362949
-0.60148960302458
0.527487712665417
0.765686200378116
1.65883553875228
-0.138591682419661
-0.865013232514179
0.29348582230625
0.430979206049161
7.45644801512308
1.57779584120987
1.12616824196601
0.891217391304357
0.904654064272246
0.0530642722117238
0.278699432892259
0.234058601134223
-0.417500945179588
0.878750472589787
0.269283553875232
-0.0679262759924383
-0.000134215500948813
0.371767485822312
-0.121926275992436
-0.0103553875236369
-0.424139886578449
-0.939336483931947
0.0874064272211721
-0.617281663516075
0.820285444234407
4.3478260861889E-05
0.770009451795846
0.738190926275998
0.0309319470699406
-0.337497164461252
0.59394328922495
0.148166351606808
0.736313799621925
0.56220226843101
-0.208597353497166
-0.23946124763705
0.135599243856325
-0.30708506616257
0.169340264650286
-1.07172967863892
-0.424090737240075
-0.0876049149338339
-0.508786389413987
-0.828449905482043
0.610085066162572
0.0691058601134202
0.420725897920606
0.21522684310019
-0.880843100189038
-0.555493383742909
0.638947069943288
-0.848965973534972
-0.76084877126654
-0.767491493383744
-0.315
0.971822306238175
0.226637051039696
0.62574102079395
-0.067
-0.308718336483932
-0.275444234404536
0.279281663516068
-1.00271833648393
-0.491362948960304
0.375
-0.662
0.433
-0.148
-0.968
0.943
0.115
-0.737
0.545
0.023
-0.746
0.887
0.491
-0.329
-0.364
-0.945
0.17
-0.631
0.361
-0.89
0.308
0.381
0.21
0.647
-0.491
-0.248
0.195
0.584
0.654
-0.633
0.285
0.203
-0.196
-0.974
0.125
0.377
0.749
-0.187
0.462
-0.848
0.321
0.444
-0.403
0.236
-0.961
-0.202
-0.505
-0.442
0.037
-0.123
0.551
-0.609
0.949
0.918
0.202
0.993
0.128
0.786
-0.657
0.28
-0.252
0.531
-0.392
0.178
0.738
0.05
0.082
0.464
0.546
0.259
-0.695
-0.644
-0.094
0.208
-0.211
0.864
-0.217
0.974
0.608
0.711
-0.743
-0.363
-0.453
-0.223
-0.185
-0.106
0.254
-0.115
-0.177
0.131
-0.752
0.963
-0.53
-0.818
0.403
0.789
-0.164
0.419
0.497
-0.012
0.715
0.03
0.011
0.777
-0.429
0.194
0.484
-0.26
0.129
0.338
0.209
0.154
-0.822
-0.369
0.023
-0.889
-0.016
0.831
