-2.89007939508194
-1.46821550094734
-0.402249527410203
-0.90271266540602
-1.29775236294912
-1.08498109640824
-0.303022684310013
-1.17410396975348
-0.786735349716073
-1.71795652173905
0.0791965973535471
-0.519446124763395
-1.03821928166364
-0.58206994328917
-0.424162570888358
-0.773395085066045
-0.195701323251395
0.19897920604917
-0.124625708884584
-0.36497542533077
-0.314393194707008
0.601540642722089
0.0490964083176207
-0.593589792060356
-0.670669187145283
-0.119209829867486
0.288100189035975
-0.160372400756069
-0.349646502835374
0.144034026465227
-0.164584120982894
-0.0217674858222356
-0.224672967863823
-0.294620037807063
-0.367792060491386
-0.17204158790162
0.237676748582299
0.359211720226901
0.0157429111532159
-0.10976559546303
0.253022684310062
-0.321049149338287
0.211682419659837
-0.319665406427145
-0.0203421550093712
0.140790170132491
-0.240691871455524
-0.173795841209749
0.239378071833701
0.179476370510548
0.0154139886579519
0.340964083175855
-0.0502381852551783
0.0472948960303051
-0.110879017013127
0.46820982986776
-0.378897920604856
-0.525105860113352
-0.432421550094461
-0.326935727788199
0.108015122873398
-0.485332703213508
0.342839319470789
-0.244096408317518
0.334623818525591
-0.0237996219281173
0.789347826087038
-0.0286257088846271
0.170355387523685
0.233228733459414
-0.183149338374238
0.263085066162645
0.058000000000058
8.74411909262765
0.979773156899804
1.01558034026467
0.800956521739142
0.464697542533064
0.770742911153152
0.121850661625735
0.390858223062401
0.262463137996244
0.542120982986754
-0.0301228733458996
0.11107939508508
0.0104650283553976
0.130550094517979
-0.241776937618145
-0.5382381852552
-0.557173913043477
0.160960302457484
-0.410657844990547
-0.0424877126653958
-0.0056748582230629
0.170160680529314
0.151871455576549
-0.349616257088846
-0.156697542533091
0.302232514177697
-0.250795841209818
-0.558293005671078
0.276064272211716
0.488969754253297
-0.57330056710776
0.481663516068043
0.042916824196604
0.335421550094528
0.0359281663516059
0.0674669187145594
0.159930056710767
-0.114937618147446
0.17719848771267
0.625173913043498
0.197145557655951
-0.747567107750479
0.211336483931946
-0.330383742911157
-0.0472249527410202
0.401385633270321
0.225805293005671
-0.0608317580340272
-0.475546313799624
0.290275992438558
-0.212924385633277
0.886485822306237
0.0980189035916787
0.212472589792066
-0.0398771266540666
-0.291408317580334
1.11003780718337
0.218638941398868
-0.048489603024578
-0.921710775047258
0.056037807183366
0.316194706994327
-0.314372400756143
-0.976088846880905
-0.657790170132327
-0.434809073724006
-0.10338752362949
-0.11229111531191
0.343676748582226
-0.489300567107756
-0.137204158790169
-0.335958412098296
-0.609810964083175
-0.0188185255198492
-0.651313799621933
1.0325349716446
-0.402234404536862
-0.0589149338374293
0.450389413988657
-0.845
0.451190926275994
0.625198487712665
0.0169697542533082
-0.492
0.155580340264651
0.164977315689982
0.729580340264651
-0.38841965973535
-0.968801512287335
-0.892
-0.131
0.316
-0.17
-0.963
0.037
0.836
0.709
0.211
-0.839
0.458
-0.276
-0.894
0.785
0.793
-0.548
-0.636
0.829
-0.067
0.317
0.135
-0.487
-0.057
-0.125
0.675
0.714
0.315
-0.74
-0.915
-0.057
0.164
0.121
-0.543
-0.265
-0.314
0.42
0.095
0.351
-0.998
0.817
-0.442
-0.9
0.081
-0.115
-0.794
0.431
0.313
0.834
0.119
-0.945
-0.277
0.257
-0.271
0.227
-0.109
0.595
0.926
-0.56
0.155
-0.678
0.722
0.576
0.624
-0.732
-0.003
-0.664
-0.734
0.371
0.099
-0.627
0.357
0.012
0.826
0.115
-0.242
0.035
0.432
-0.942
-0.332
-0.756
-0.599
0.48
0.14
-0.971
-0.781
0.907
-0.609
0.23
0.844
0.091
0.494
-0.345
-0.804
0.68
-0.905
-0.018
-0.525
-0.187
0.887
0.87
0.164
0.942
-0.265
-0.254
-0.302
0.711
0.43
0.614
-0.531
0.856
-0.838
0.867
0.771
-0.089
0.921
-0.759
-0.565
0.594
