-1.90349717298091
-1.01703969636091
1.47406238871895
-1.79208695610295
-0.260396982018714
-2.16918525918434
-1.39288658470403
0.708831755551048
-0.885015128659905
-3.16971077455041
7.0085198564233
-1.28784309369229
0.586827985897387
-0.102311909811507
-0.0502381853557741
-0.116667295016992
-0.0519678620427472
-0.0753289244304711
-0.00107750176817964
0.00367863909280189
-0.145421549026809
-0.166612476535199
-0.044809071670474
-0.0717221158594067
-0.139224953993672
0.00737240009635236
0.0250245747840025
-0.141586012505433
-0.0885028359688435
-0.0767448029770799
-0.0801020790287927
-0.0690378061466929
0.0204026451324615
-0.0475841181555471
0.0613686207779448
-0.0379981102577212
-0.0678714542574148
-0.0104593553032439
-0.0992192789148789
-0.00524385455175096
-0.0386672956025386
0.0446408328291431
-0.00326843240180577
-0.0101247626128479
-0.0128317578100658
0.00304347955387216
-0.0472079412669206
-0.0693232522423657
-0.0435047240514979
0.00724574612220724
0.083128545016453
-0.0645028342866146
0.0478449925031337
-0.0165066147028717
-0.0255330801128945
-0.0307485844812669
-0.00469754221688295
-0.0289319465544649
-0.0311304330924968
-0.0126729657138993
0.00541209839733643
0.0307410194975613
0.0583383721919183
0.0257958400352073
-0.0508563319299614
-0.0100207941895324
0.0181644620110693
-0.0445103943804129
0.00961058533392383
-0.0760472568214838
0.0542287340361061
-0.0498336489002078
0.00663327090236179
-0.0465028373204058
0.0073742932730364
0.047500946780263
0.026684311895659
-0.0354952757224825
-0.0429243860149468
-0.0850378071087639
0.173578450854834
-0.0247523620088233
0.0513913059745629
-0.0527429111686059
0.124294894397133
0.0205538778890972
-0.163865785405347
0.0960226859642214
-0.0894971668246036
0.0962759913295474
0.0524669176589515
-0.0749981094942694
-0.311425330081769
-0.116555766134106
0.253285444779504
-0.286996218303622
0.35695462987655
0.0529300566861446
0.0680472613460776
-0.261750467449571
0.0530661610610541
-0.0519414010023582
-0.00984876941161236
0.0152854448991658
-0.203890360891464
0.369202258904588
-0.309659730605343
-0.0711134192993195
0.634247634937791
-0.152381851613263
0.323947071745311
0.0178884737583343
-0.315741022281261
-0.850542530273516
-0.00430434930844808
0.105818525334579
0.383264648957552
-0.161043480279114
-0.207572778403334
0.512190926825359
-0.220540643696735
0.177151229720062
-0.490221169201593
0.258041588624931
-1.10474291184527
0.425769375200518
-0.898710773561348
0.0384536862475635
0.701629491297368
0.697954630588458
0.589459357178633
0.312884687151267
-0.0229659749201571
-0.16014366521935
0.409202267544377
-0.0494328899580096
0.40655198504546
0.365879016649836
-0.823805293861279
-0.515945179059482
-0.514879016443525
-0.692618147402239
-0.658593572276729
-0.332720226265653
-0.408916823364214
0.466005671332424
-0.765684309558354
-0.0714291112826036
0.363733460465
0.0691115311761385
0.145563327057488
0.601544423524959
0.413
0.62556332705749
0.381427221176249
-0.225455576475042
0.649
-0.00844612470877651
0.951408317643725
0.272553875291224
0.477553875291224
-0.231572778823751
-0.139
0.956
0.653
0.363
0.103
0.741
-0.295
0.012
-0.372
-0.582
-0.056
-0.899
0.354
0.075
-0.28
0.958
0.274
-0.045
0.576
0.316
-0.687
-0.288
-0.166
-0.892
-0.91
0.957
0.72
-0.08
0.1
-0.63
0.444
-0.032
-0.034
0.363
0.258
-0.955
-0.275
-0.186
-0.88
-0.634
-0.864
0.947
-0.513
-0.311
-0.472
0.311
-0.768
-0.701
0.925
0.691
0.634
-0.101
0.613
-0.922
-0.551
-0.851
0.121
0.545
0.272
0.145
-0.98
0.784
0.912
-0.742
-0.026
0.976
0.135
0.991
0.817
-0.325
0.232
-0.541
-0.165
0.21
0.179
-0.635
-0.775
-0.855
0.58
-0.221
0.724
0.421
-0.005
0.408
-0.265
-0.455
0.355
-0.113
-0.086
0.109
-0.077
0.18
0.541
-0.026
-0.655
-0.649
-0.965
-0.771
0.714
-0.449
-0.824
-0.759
-0.518
0.25
-0.541
0.175
-0.937
-0.598
-0.102
-0.917
0.923
-0.025
0.964
-0.507
0.421
-0.401
-0.211
-0.497
