-1.94358412214283
-0.709017013885276
0.951302457403549
-1.45552930127081
0.694480150971088
-1.45387523673658
-0.619311909814088
-1.4571814757561
-0.623175804318764
-1.54129678654656
-0.276357278646868
-1.49811720296431
-0.270378072275179
-0.187342155534804
-1.17505103954955
-0.099835539309384
-0.533960302734186
-0.264623818813526
0.110145556793316
0.131378071807606
0.0210793944047907
0.46623629381367
-0.66237429124839
-0.687417770302902
-0.56469943286545
-0.949499055346432
-0.969576559980717
-1.0028374290465
-0.702381853182185
-0.844897920811972
-0.157145558870006
-0.664249527959477
0.0246483926468366
-0.544739130915741
-0.646765596450418
-1.11028355454981
-0.920054820903145
0.297393194158421
0.277323250143136
-0.0100623832553372
0.307032135881944
-0.000969754770893197
-1.07991493417524
0.0511795832090355
0.381483931954839
0.179304347740869
0.138134214438334
-0.40051984896985
-0.249266540609602
-0.0722646507455118
-0.58529489691258
0.69502646440515
-0.331502835866896
-0.786357278047533
-0.0858185270677035
-0.673100188691546
-0.917066162299691
0.196463137368751
0.314321360934654
0.34349905511195
-0.649287335269608
0.872364838981477
-0.196907373099307
-0.589060492135614
0.0315784498625284
-0.966030245953717
-0.60155387584612
-0.523000000264085
-1.21322117288577
-0.798132325451638
0.306844989920041
-0.0501701320666899
-0.819128544502979
0.977911152517715
0.499007560956426
-0.487449906145415
0.458241965187621
0.2095557650807
-0.105716446199419
-0.574635161290363
0.208294895047903
-0.133281664434348
0.694436672873512
0.234296786545733
0.278952740468697
1.20850850594392
-0.515930056977664
0.793275991862531
0.392071832903349
-0.442001890514793
-1.15702457470158
-0.267659736306033
-0.37416635187509
0.0719149337233495
0.655001890044385
0.525066162032886
-0.698871455763865
0.0103194697684675
0.519270321480066
-0.10759735414785
-0.330964083725079
0.214812854493752
0.234527409905844
-0.208553876003898
0.4574688101709
0.616521738982548
0.645574669067425
0.234678639209728
0.532113421329674
0.534043478322143
0.284529300331909
-0.340657845499687
-0.16062759882694
0.135168241825844
1.01719848757315
0.198361058418069
-0.169850661671488
-0.470570888804714
-0.167446125273559
0.488759924836335
-0.934228734070611
0.72998109598085
1.72476748590119
1.48846880901753
-0.816493383731635
-0.860616257687435
-0.133470699314591
0.861508506414154
1.44086767475184
0.696901701239458
-0.424550094730644
-0.403644612801713
0.010221172720564
0.779897920902087
0.729060491202552
-0.177366730363124
1.14338374283578
0.387623818850872
0.152434782991089
-0.488285444130178
-0.606591682342906
0.185253308053905
-0.163128544798781
0.595308128246544
0.591230623084736
0.0841531186996784
1.52411153145485
1.09183931987207
0.581599243938017
0.185177693973084
0.551958412377153
1.04792816692615
-0.578
0.580691871379516
0.463115311896592
-1.06269376206835
-0.079
0.0444990546556305
-0.383270321551196
-0.493500945344361
-0.0915009453443699
0.614115311896594
0.444
-0.038
0.348
-0.265
-0.536
0.377
-0.061
0.174
0.152
0.699
0.919
-0.095
-0.047
0.235
-0.706
-0.479
-0.36
-0.149
-0.824
-0.091
0.142
0.164
-0.8
-0.629
0.846
-0.276
0.882
0.497
0.716
-0.186
0.957
0.725
0.019
-0.351
0.337
0.857
0.918
-0.527
-0.242
-0.408
-0.212
0.43
0.519
0.734
0.907
0.516
-0.319
-0.764
0.82
-0.6
-0.48
0.898
-0.554
-0.885
-0.52
-0.72
-0.238
-0.023
-0.111
0.74
0.495
0.442
0.458
-0.663
0.742
-0.807
0.886
-0.697
0.898
-0.563
-0.398
-0.834
-0.907
0.584
-0.879
0.712
0.645
-0.535
-0.537
-0.671
-0.958
0.645
0.676
0.316
-0.706
-0.942
0.279
-0.096
-0.832
0.056
0.094
-0.06
0.584
0.018
0.096
0.345
0.972
0.182
0.992
0.713
0.63
-0.623
-0.663
0.382
0.797
-0.647
0.805
-0.139
0.994
-0.232
-0.365
-0.704
-0.486
-0.44
0.697
0.849
0.765
-0.859
