-0.577553876292613
-0.0226257095184559
0.382939508506618
-0.759669187694795
-0.371155009494034
-1.4797315695474
0.217255198445492
-0.958402647643663
-0.585612477511316
-0.925448016263682
0.159897920604924
-0.612155010719378
-0.387056711366602
0.144272210832901
-1.23689035942164
0.0731077502190807
-1.28336294896031
-1.18071833728697
0.0923043477838336
-1.36880340302652
-0.650374291284314
-0.700550095658777
-0.277056710775045
-1.39758412098299
-1.31086578449899
-1.01213988657844
0.106306238185265
-0.473975425330806
-1.38666729678635
-0.85323629489602
-0.581933837429108
-0.759349716446117
-0.919981096408309
0.00144612476370786
-0.496950850661618
0.207671077504732
-1.44092249527405
0.208073724007564
-0.909145557655947
0.253402646502843
-0.59697731568998
-1.38656899810964
-0.715052930056702
-0.602088846880904
-0.980100189035909
-1.1631965973535
0.0598355387523637
-0.962444234404532
-1.03003969754253
-0.0366162570888449
0.0778109640831785
0.231863894139895
-0.869226843100185
0.64774669187146
-0.924765595463135
-0.245151228733456
-0.758383742911149
0.00542155009451928
-0.256514177693762
-1.07404347826086
-0.318079395085063
-0.819221172022683
-0.564646502835537
-0.584982986767481
0.649396975425332
-0.447536862003779
-0.209241965973536
0.662064272211722
-0.539306238185252
-0.513141776937617
0.280043478260871
-0.322722117202267
-0.993689981096408
-1.04442344045368
0.0296862003780717
-0.264277882797731
-0.944381852551983
-0.329559546313799
0.57206427221172
0.831536862003781
-0.00864839319470699
-0.0952930056710774
-0.40754631379962
-0.0164574669187146
0.296213610586012
0.510398865784499
-0.667060491493383
-0.431621928166351
0.134151228733461
-0.988567107750472
0.197568998109642
-0.275739130434783
-0.332725897920604
-0.579958412098299
-0.107629489603024
-0.407300567107751
0.48615122873346
-0.696287334593572
-0.247232514177694
0.622863894139887
0.186822306238185
0.781931947069943
-0.965671077504725
0.672083175803403
0.85105482041588
-0.407122873345936
0.431548204158791
-0.652835538752363
-0.186342155009453
0.524767485822306
-0.14345179584121
0.723822306238185
0.700315689981096
0.0404933837429112
-0.00873913043478261
0.800315689981097
0.663466918714556
0.547274102079395
0.167480151228733
-0.681
-0.668
-0.659
-0.397
-0.529
0.346
-0.379
-0.852
0.633
0.084
-0.547
0.336
0.802
0.98
-0.987
-0.275
0.276
-0.08
-0.057
0.183
-0.265
-0.873
-0.976
0.792
0.616
0.195
0.478
0.022
0.622
0.425
0.092
-0.085
0.954
0.122
-0.553
0.323
-0.14
0.195
0.569
-0.638
0.23
-0.541
0.808
0.265
-0.629
-0.799
0.063
0.757
0.71
-0.677
0.737
-0.097
-0.237
-0.632
-0.543
-0.809
-0.693
-0.452
-0.013
0.275
0.868
0.599
-0.475
-0.792
0.992
0.538
0.382
-0.321
0.533
-0.311
0.865
-0.919
0.35
-0.419
0.952
-0.725
-0.681
-0.241
0.42
0.414
-0.869
0.72
0.312
0.299
0.687
-0.811
-0.848
0.585
-0.336
-0.745
0.015
-0.689
-0.793
-0.707
-0.506
0.631
0.934
0.6
0.273
-0.167
-0.182
-0.616
-0.776
0.02
-0.542
0.656
0.552
-0.819
-0.585
-0.818
0.872
0.548
0.128
0.572
0.143
-0.853
-0.713
0.226
-0.48
0.802
0.385
0.796
-0.986
0.277
0.674
0.554
0.873
0.057
-0.913
-0.679
-0.66
-0.282
0.485
-0.414
-0.405
0.747
0.496
-0.709
-0.159
-0.969
-0.364
0.971
0.169
-0.518
-0.617
0.466
0.182
-0.365
0.149
-0.654
0.344
-0.292
0.08
0.47
0.448
0.022
-0.631
-0.054
0.345
-0.097
0.782
