-2.25302458248563
-1.38225708932746
-0.960657846845399
-1.52924763786986
-1.55940454158575
-1.23980907824738
-0.0752344065143028
-1.09540831735075
-0.487648390622978
-2.22309451451757
-0.675345937112795
0.395534972114916
-0.471024572842532
0.0426332741558491
-0.200954633683873
0.064950852660318
0.0811682424576617
0.0609035933217912
-0.140920603163075
-0.0626313797709322
-0.268194707975726
-0.287141776244988
-0.47595274301986
-0.374548203038253
-0.446801513668603
-0.0318166390182281
-0.0781417744276942
0.0475330838417677
-0.112438560030801
-0.0425708886257829
0.110192818087418
0.00546502880475068
-0.170782609769341
-0.0191134178226378
0.0252514171694418
0.0331625716836063
-0.00405103719894295
-0.103620038707523
-0.0120151198007073
-0.0425879054801482
0.00232892541357068
0.0959224924649936
0.0414215503029411
0.0185519810681279
0.161349716326996
0.0200434810418311
-0.050177693056893
-0.0312325116198841
0.0754536921460783
0.113790170224218
0.0824631347203456
0.167069945201279
0.141769378574455
0.00810396885706824
0.16847259241193
7.18614177511006
0.394215499901583
0.414693760802652
0.578328923258439
0.250381852842249
0.162143670027144
0.279068053744267
0.0784669185392568
0.141784497104822
0.17573156878399
0.0997183352177284
0.0574725896340419
0.0836200414219389
-0.00175803400393659
0.157037810005014
0.0360151232550515
0.211300570654337
-0.0393213561713013
-0.116582234794099
-0.0886370511481244
-0.00481474517544801
0.0166559550701088
0.0211776939047931
0.167544420354339
-0.139442345060945
0.058153123172171
0.0431663507392249
0.207429106578799
0.0344914902196691
0.0181058587043379
-0.263729680674442
-0.0580510360588504
-0.220521742505104
0.0669508528580744
0.168119092273452
-0.247024574405335
-0.0694064269127955
0.164506614777454
-0.00852929974103149
-0.293066165803792
-0.126124756736911
0.0217088842092177
0.341035917243088
-0.0346843075491995
0.199478266275771
0.319179582571767
-0.0157996223464694
-0.193896029216156
-0.258954627356008
0.142945182673464
-0.107807177550777
0.502846885652387
0.0676540643257171
0.17330056623456
-0.487204159758326
0.0611134234789442
-0.209153119453943
-0.193689982210445
0.23652552043625
0.130224954288934
-0.440860108559635
-0.0640964103611997
0.452190935404766
-0.456196600872505
0.525417775500104
-0.471349721704422
-0.0241871438428882
-0.468349713389189
-0.322948962650296
1.19418525943085
-0.928415879546519
0.11247636999555
-0.392614369059211
-0.0211058619669067
0.0277996241224982
-0.503846883280523
-0.211525519731894
0.383697545035185
0.0555425304341229
0.140054818427198
0.104568999536382
0.683557653620182
-0.311270322347646
-0.665644612208111
-0.647007561219764
0.839425330907961
0.454115311845869
0.030610586362747
-0.668300567172499
-0.162378072876579
0.340996220933784
0.108727788499469
0.0937655966694527
-0.189179584397018
-0.8955500950961
0.0708563341398091
-0.242438559907377
0.583
-0.723436672900253
0.497427221183289
-0.0184555763341982
-0.094
0.794553875382766
-0.137591682250649
1.05855387538271
-0.312446124617234
-0.113572778816713
-0.974
-0.22
0.1
-0.581
-0.042
-0.061
0.726
-0.483
-0.898
-0.68
-0.836
-0.335
0.435
-0.824
0.478
0.98
-0.574
-0.123
0.868
-0.138
-0.224
0.563
0.536
-0.565
0.174
-0.319
-0.859
-0.063
-0.633
-0.799
-0.72
-0.644
0.673
-0.642
0.137
-0.988
-0.04
-0.656
0.895
-0.966
0.136
-0.811
0.899
-0.494
0.985
-0.083
-0.198
0.315
0.375
-0.075
0.284
0.888
-0.893
0.742
-0.896
-0.538
0.243
-0.335
0.244
-0.724
-0.202
-0.211
-0.851
0.9
-0.961
0.807
-0.008
0.077
0.039
0.466
0.019
-0.918
-0.018
0.834
0.725
-0.413
0.664
0.03
-0.551
-0.744
0.879
-0.174
0.561
0.442
-0.084
-0.608
-0.751
0.931
-0.747
-0.326
-0.232
-0.705
0.099
0.618
0.236
-0.654
-0.961
0.999
-0.533
-0.823
0.925
0.724
-0.725
0.909
0.905
0.202
-0.094
-0.728
-0.984
0.517
-0.202
-0.787
-0.785
-0.012
-0.603
0.971
0.227
-0.293
