-1.01304347826085
-1.11342911153122
-0.491272211720225
-0.326156899810957
0.850249527410239
-1.00129489603023
-0.203272211720219
-0.728344045368627
-1.47066729678626
-0.894368620037797
-0.0452684310018885
-1.23865784499057
0.138096408317592
-0.987421550094514
-0.239404536861999
-0.885654064272202
0.00268620037807204
-0.546279773156899
0.1359943289225
-0.146576559546315
-1.23828544423445
-1.36134404536856
-1.07815689981098
-0.391162570888465
-0.516771266540633
-1.46010775047251
0.144850661625714
0.204293005671083
-0.679903591682407
0.121659735349719
-1.32735349716445
-0.0777844990548204
-0.741489603024568
-0.141251417769373
-1.37426275992434
0.266519848771276
-1.28090926275988
-0.12930245746692
-0.978572778827971
-0.0496049149338361
-0.843814744801509
-1.14898865784498
-1.30538374291111
-0.696705103969747
0.0438015122873367
-1.35703780718338
0.158601134215505
-1.26048015122871
-0.498345935727781
-1.25378449905482
0.011085066162573
0.310939508506621
-1.17923251417769
-0.483224952741019
-0.541869565217389
0.0949376181474512
-1.01873156899811
0.115336483931948
-0.945491493383742
0.48427032136106
-0.12393383742911
-0.125956521739129
0.49834593572779
-0.734103969754251
-0.397355387523629
0.409115311909267
-1.20605293005672
-0.61195652173913
-1.0390170132325
0.583812854442345
-0.885463137996217
-0.675194706994328
-0.290769376181474
-0.562565217391303
-0.480455576559545
-1.02271644612477
0.758784499054822
0.749400756143668
0.516776937618147
-0.00619659735349715
-0.551183364839318
0.387790170132326
-0.29505293005671
-0.339689981096408
-0.72312854442344
-0.637875236294895
0.404850661625709
0.75491304347826
-0.331950850661626
-0.389805293005671
0.430281663516069
-0.192614366729679
-0.0737523629489603
-0.531896030245746
-0.714005671077504
0.383221172022685
-0.63977315689981
0.628153119092627
0.637795841209831
0.876652173913044
0.849015122873347
0.110349716446125
-0.884088846880907
0.106822306238186
0.841981096408318
-0.117122873345936
-0.315642722117203
0.507096408317581
-0.901635160680529
-0.360362948960302
0.407041587901701
-0.638697542533081
0.737918714555765
0.276678638941399
0.331712665406428
0.52277504725898
-0.571979206049149
0.108829867674858
-0.88437618147448
-0.536
-0.840253308128544
-0.746465028355388
0.725665406427221
0.340391304347827
-0.719814744801512
0.267398865784499
0.494911153119093
-0.662519848771267
-0.812697542533081
0.138631379962193
0.645412098298677
-0.83492438563327
-0.828848771266541
0.656665406427221
0.125412098298677
0.354062381852553
0.33562381852552
0.643020793950851
-0.218115311909262
0.39777504725898
0.667788279773157
0.874069943289225
0.665
-0.931
0.292
0.06
0.112
0.668
0.169
-0.233
0.018
0.241
0.582
0.221
0.766
0.62
0.362
-0.25
-0.171
-0.424
0.395
-0.639
0.298
-0.019
-0.045
0.249
-0.791
-0.924
-0.871
0.962
-0.794
-0.215
-0.675
-0.303
-0.227
-0.763
-0.386
0.693
-0.919
0.231
-0.786
0.834
0.194
0.46
-0.835
-0.555
-0.407
-0.03
0.928
0.546
-0.981
-0.395
-0.178
-0.753
-0.958
0.329
-0.372
-0.316
0.114
-0.958
-0.149
0.035
0.538
0.206
-0.439
-0.768
-0.085
-0.116
-0.553
0.528
0.006
0.668
-0.331
0.597
-0.638
0.561
0.167
0.838
-0.185
-0.491
-0.344
0.238
-0.852
-0.418
0.943
0.6
0.963
-0.923
-0.345
0.444
0.608
0.929
-0.422
-0.962
-0.62
0.178
-0.705
0.987
-0.101
0.933
0.53
0.708
-0.477
-0.601
-0.46
-0.65
0.936
0.224
0.885
-0.52
-0.839
-0.21
0.869
-0.395
0.386
0.612
-0.113
-0.044
0.262
-0.04
-0.731
-0.162
-0.771
0.002
0.92
0.076
0.09
-0.37
0.217
0.183
0.266
0.179
-0.061
-0.118
-0.021
-0.053
-0.285
0.748
-0.958
0.593
