-2.3465444234376
-0.565824196597269
0.664714555765593
-1.10888279773177
-0.734366729678635
-1.58857277882831
-1.11980151228737
-0.597771266540701
-0.231268431001805
-0.786964083175537
-0.460423440453628
-0.0669546313799122
-0.525134215500933
-0.18665784499054
-0.277712665406415
0.217304347826043
0.00769376181470987
0.112952741020752
-0.00738563327033588
-0.362965973535026
-0.0620604914934437
-0.0257315689982102
-0.338302457467033
0.0355595463138052
-0.191438563327063
0.331499054820398
-0.147506616257083
-0.133272211720232
0.131655954631405
-0.173826086956529
-0.0900189035916408
-0.0615822306237985
-0.0886275992438575
-0.0423534971644459
0.151389413988628
0.0251890359168289
-0.356824196597357
-0.267132325141831
7.02161058601107
-0.267156899810983
0.00317580340264151
-0.106580340264645
-0.011822306238213
0.101894139886576
-0.105018903591669
-0.00381663516071247
0.0965330812854215
-0.145975425330827
0.0567164461247397
0.144797731568977
0.102807183364844
0.101996219281624
0.0429432892249317
0.0325444234404879
0.0176143667296694
0.128147448015134
0.236979206049149
-0.344907372400744
-0.132000000000019
0.188332703213597
0.325001890359161
0.0285935727788169
-0.0744177693761471
-0.01921739130435
-0.16055576559545
-0.0784801512287442
0.035850661625717
-0.0191701323251535
0.0825576559546631
-0.143221172022684
-0.121578449905474
0.146754253308121
0.351684310018943
-0.149546313799636
-0.135517958412102
-0.102510396975407
-0.058387523629491
0.047988657845012
-0.301765595463132
-0.225429111531202
0.261848771266556
0.32975425330816
-0.0345066162570927
-0.0353534971644604
-0.0904328922495357
0.0787240075614288
0.0542646502835611
0.0531587901701472
-0.0273591682419545
0.240105860113429
0.309948960302467
-0.326189035916783
0.0921285444234317
-0.137476370510388
-0.105446124763693
0.0487788279773199
0.266041587901711
-0.0833969754253215
-0.0990812854442358
-0.490621928166344
0.0836786389414024
-0.10405103969753
0.293623818525515
-0.228756143667298
0.311689981096408
0.215504725897925
0.0173251417769391
0.12390926275993
-0.274281663516064
-0.134183364839306
-0.32297164461248
-0.328967863894127
0.372264650283554
-0.226514177693762
0.174120982986773
-0.00380718336483721
0.405727788279783
-0.254147448015122
0.129816635160682
0.310287334593572
-0.454105860113418
-0.38692816635161
0.277092627599248
-0.201553875236295
-0.397404536861995
-0.931022684310029
0.328672967863895
0.857725897920608
0.280041587901707
0.634646502835547
0.341695652173918
0.2097920604915
-0.541965973534971
-0.484584120982989
-0.0426219281663526
-0.230035916824195
0.192030245746694
0.337389413988664
-0.81774291115312
0.0219848771266533
-0.98964083175803
-0.368376181474478
0.449786389413987
0.15969943289225
-0.690230623818524
0.480071833648394
-0.3931606805293
-0.213020793950852
0.962504725897918
0.678606805293007
0.0532041587901701
0.511627599243854
-0.76
0.615151228733462
-0.377308128544424
0.801837429111529
-0.626
0.437994328922495
0.534378071833648
-1.0390056710775
-0.297005671077505
0.0276918714555765
-0.486
0.462
0.939
0.092
-0.106
-0.413
-0.002
0.63
0.488
0.668
0.048
0.967
-0.323
-0.469
0.081
-0.281
-0.81
-0.265
0.999
0.114
-0.783
0.971
-0.523
0.564
0.129
-0.186
-0.932
0.639
0.085
0.564
0.966
-0.689
-0.527
0.089
-0.864
0.941
0.249
0.3
-0.543
0.904
0.529
-0.995
-0.911
0.337
-0.63
-0.728
-0.042
-0.906
-0.214
0.654
0.291
-0.151
-0.996
0.632
-0.187
-0.457
-0.015
-0.625
0.962
-0.92
-0.482
0.359
-0.455
0.923
0.701
-0.263
0.493
0.588
-0.606
0.14
0.47
-0.111
-0.723
-0.906
0.584
-0.788
0.882
0.139
0.193
-0.144
0.856
0.973
-0.147
0.43
-0.727
0.117
-0.694
-0.159
-0.725
0.593
-0.045
-0.126
0.337
-0.623
0.386
-0.83
0.459
-0.835
0.635
0.633
-0.221
0.37
0.7
0.645
-0.816
-0.599
-0.429
0.909
-0.952
-0.399
-0.34
0.845
0.181
0.105
-0.776
-0.456
-0.494
0.115
