-2.34971644611521
-0.782638941396617
-0.524548204158777
0.275580340266563
0.513058601135812
-1.10391493384687
-1.3562325141771
0.263183364838926
0.621438563330151
0.0309886578459894
-0.211506616256446
-2.2045349716587
-2.15242155010765
10.4512457467163
-1.1707334593518
-0.108330812854163
-0.674139886578726
-0.224742911152595
-0.192032136105518
-0.172270321361337
-0.0437258979205754
0.125531190926261
0.398389413988783
-0.149321361058124
0.0264990548205539
0.086260869565637
0.319508506617002
0.0465727788285204
0.00280718336517998
-0.102470699432293
-0.0594102079390953
0.101703213610733
-0.0527164461244692
-0.012546313799275
0.12381474480178
0.042253308128673
-0.294175803402247
-0.109962192816246
0.0199187145559119
-0.0616446124762319
0.0686408317581865
0.0377277882800308
0.0560888468811648
-0.00211720226822258
-0.0466332703208473
-0.00871077504707229
-0.0788620037804794
-0.0439206049146318
-0.198827977315335
-0.130342155009195
0.153211720227109
-0.0540264650282155
-0.183793950850255
0.143145557656283
-0.0291304347823998
-0.0443005671075235
-0.0562646502834762
0.00798865784507149
-0.0926559546312024
-0.0354499054819622
0.0377693761815992
0.299408317581011
0.112873345935829
-0.382005671077146
-0.00175614366720238
0.0596635160681838
0.111413988657936
-0.0321795841207224
-0.0237580340263621
-0.176597353496924
-0.0476691871453157
-0.145935727788175
0.163183364839618
-0.157379962192628
0.0251568998110996
0.251249527410512
-0.0719168241965185
-0.0787542533080528
-0.00769754253299135
-0.337245746691685
0.373062381852718
-0.0439981096408235
0.0209206049149701
-0.124466918714524
0.308117202268645
-0.0900321361058293
-0.1129508506616
-0.0938374291114543
-0.068954631379956
0.0258657844991272
-0.164241965973486
-0.365491493383706
-0.0995368620037473
-0.131359168241938
-0.220396975425243
0.0843950850661926
0.197011342155026
-0.057652173913003
-0.0821190926275469
-0.192780718336416
0.343958412098399
-0.00562192816632096
-0.118933837429094
0.19941398865787
0.0306937618147786
0.456992438563389
0.341863894139895
-0.140308128544424
0.199746691871454
-0.157506616257024
-0.501739130434765
-0.162347826086933
-0.252744801512224
-0.65007750472579
0.283359168241972
-0.10826843100188
0.184442344045426
-0.248954631379947
0.475283553875292
0.380281663516091
0.115376181474506
0.0723988657845122
0.00180340264651856
0.0978241965973927
-1.24067107750488
0.673682419659742
0.352884688090743
0.00815311909264281
-0.12229300567106
-0.0843402646502791
0.866565217391304
-0.804907372400748
-0.0164839319470694
-0.713310018903583
-0.365568998109642
0.0653572778828234
0.614633270321362
-0.812708884688074
-0.49217202268431
0.552865784499054
-0.986716446124746
-0.734457466918715
0.498948960302468
-0.0584782608695643
0.393334593572786
-0.360172022684315
-0.465771266540639
0.574587901701338
-0.341994328922503
0.519724007561448
0.584262759924384
0.662884688090734
0.562
0.329604914933836
0.950767485822309
0.430349716446123
0.217
-0.557022684310019
-0.654487712665406
0.348977315689981
-0.136022684310018
-0.237232514177689
0.179
-0.792
-0.897
0.444
0.071
0.59
-0.095
-0.213
-0.386
0.016
0.927
-0.58
-0.702
0.278
-0.755
-0.41
-0.175
-0.096
0.199
0.611
0.981
0.237
0.07
-0.957
-0.237
0.411
-0.494
0.421
-0.612
0.364
0.769
-0.042
-0.132
0.336
0.888
0.677
0.131
-0.589
-0.96
-0.208
-0.372
0.828
0.331
-0.341
-0.974
0.141
0.11
-0.314
0.449
-0.374
0.79
0.64
-0.679
0.424
-0.205
0.942
0.137
-0.94
-0.32
0.66
0.084
0.483
-0.602
0.25
0.246
-0.031
0.552
-0.039
0.389
-0.433
0.459
-0.587
-0.137
-0.593
-0.017
-0.847
0.905
-0.589
-0.984
0.622
-0.7
0.82
0.971
0.761
0.574
-0.871
-0.364
0.443
-0.459
0.946
-0.46
0.071
0.731
-0.621
0.708
0.144
0.429
-0.919
0.412
0.057
0.589
-0.851
0.296
-0.118
0.167
0.376
-0.224
0.914
-0.559
-0.358
-0.964
-0.274
-0.957
0.058
0.36
0.263
0.511
-0.364
