-0.958784499054807
-0.603608695652154
0.627879017013235
-0.38465028355387
0.773742911153143
-1.06477504725901
-0.413436672967862
-0.898113421550101
-0.0742759924385533
-0.631741020793944
-0.0631001890359159
-1.46440075614369
-1.40765217391311
-0.62945179584121
-0.98063137996218
0.434136105860119
-0.118015122873346
-0.804948960302457
-0.331890359168241
-0.352132325141779
-0.687669187145554
-1.26957277882794
-0.76678449905482
-1.12251228733457
-0.131608695652168
-0.896731568998103
-0.821996219281657
-1.01425708884688
-1.21432892249527
-0.718432892249519
-1.31700378071829
-0.823049149338366
-0.0395141776937588
-0.596478260869559
-1.3129848771266
-0.553635160680525
-0.202657844990547
0.386436672967864
-1.37848015122869
-0.122187145557654
-0.0623856332703199
-0.0195500945179559
-0.0313761814744804
-0.0848695652173895
-0.0414139886578416
0.201122873345936
-0.765103969754251
-1.41593572778827
-0.820820415879011
-0.337960302457466
-0.947510396975425
-1.17728166351605
0.592965973534971
-0.0280888468809089
0.461429111531194
0.0310151228733457
-1.14122684310017
0.0372533081285472
0.647241965973533
0.041930056710776
-1.02255198487712
-0.88931001890359
-0.980570888468807
-0.559529300567106
-0.434829867674857
-0.464531190926274
-0.183865784499055
0.0120226843100187
-0.737071833648394
0.331928166351609
-0.717230623818524
-1.14386578449904
-0.435975425330814
0.751962192816637
0.366207939508507
0.074737240075614
-0.794962192816634
0.78589413988658
-0.250812854442345
0.629461247637052
0.875879017013233
-0.671710775047258
0.806090737240076
0.600892249527411
-0.496402646502835
-0.800457466918714
-0.27665595463138
-0.841347826086956
0.0611304347826087
-0.127608695652173
-0.0840132325141777
-1.01448582230624
0.831349716446125
-0.15292438563327
0.199986767485822
0.303712665406428
0.444480151228734
0.0985689981096407
-0.59947258979206
-0.307034026465028
-0.287979206049149
0.592856332703214
0.779548204158791
0.0111852551984878
-0.506835538752363
-0.595705103969754
0.33052741020794
0.977582230623819
0.767801512287335
-0.361
-0.00483553875236295
-0.850088846880907
-0.306506616257089
-0.737
0.271856332703214
0.687911153119093
-0.582506616257089
-0.488362948960302
-0.949759924385633
-0.478
0.865
-0.249
-0.982
0.485
-0.474
-0.638
-0.841
0.854
-0.346
-0.86
0.764
0.218
0.521
-0.871
-0.006
-0.639
-0.405
-0.155
0.172
-0.861
-0.079
-0.198
-0.56
-0.568
0.907
-0.224
0.3
0.582
0.579
0.522
-0.111
-0.045
0.054
0.878
-0.165
0.969
0.58
-0.696
-0.504
-0.867
-0.741
0.477
0.324
0.633
-0.125
0.78
-0.364
-0.427
0.269
-0.084
0.1
0.581
0.342
0.923
0.601
0.063
-0.69
0.585
0.578
0.75
0.061
-0.424
-0.726
0.132
0.25
-0.191
-0.837
0.642
0.293
0.024
-0.219
-0.71
-0.652
0.038
0.88
0.444
0.477
-0.193
0.557
-0.873
-0.86
-0.273
-0.688
-0.338
-0.578
0.307
0.613
0.13
-0.723
0.772
0.659
0.994
-0.274
-0.254
0.072
0.682
0.202
-0.809
-0.618
-0.935
0.616
-0.007
0.279
-0.755
-0.865
-0.191
0.233
-0.697
-0.957
-0.844
0.585
0.503
-0.973
0.45
0.609
-0.667
-0.737
0.612
-0.29
0.942
0.195
0.033
0.365
0.521
0.364
-0.214
0.564
0.601
0.966
-0.803
-0.759
0.286
-0.576
0.491
-0.49
0.147
0.448
-0.933
-0.473
0.612
-0.926
0.309
0.087
-0.88
-0.814
-0.844
0.967
0.275
0.137
-0.262
0.419
0.59
0.48
-0.56
-0.13
-0.418
0.628
0.757
-0.12
0.349
