-1.99003591682409
-0.197914933837422
0.784637051039698
0.0146162570888564
-0.42743667296786
-0.194999999999993
0.0919810964083295
-0.526361058601139
-0.804648393194694
-0.922576559546307
-0.0639413988657836
-1.5099981096409
-0.245822306238185
-0.114947069943289
-0.01148015122873
0.219017013232518
-0.282712665406427
-1.44063137996219
-0.469674858223061
-0.622396975425326
-0.261982986767482
-0.281595463137997
0.0370737240075632
-1.02646691871454
-1.33996219281659
-0.854323251417767
-0.554018903591677
-0.365512287334594
-0.871330812854434
0.317546313799628
-0.587542533081276
-1.3709395085066
0.0662778827977336
-1.07637240075614
0.287206049149346
-1.29704347826087
-0.13579395085066
0.155330812854445
-1.2427958412098
0.406933837429116
-0.610648393194704
-0.490406427221168
-0.457440453686197
-0.257529300567105
0.275285444234411
0.0592136105860123
0.300778827977317
-0.936234404536857
0.285536862003784
-0.260555765595458
0.0311266540642711
-0.545958412098296
-0.227865784499053
-1.07060491493382
-0.199427221172018
-0.0501776937618146
0.698376181474484
-0.140746691871456
0.255334593572782
-1.12179017013232
-0.448637051039697
0.62715311909263
-0.90503024574669
-0.0872230623818526
0.1526786389414
0.103784499054823
-0.624062381852552
-0.207257088846878
0.37100378071834
0.124410207939509
-0.884846880907372
0.201788279773157
0.491145557655955
-0.0193856332703214
-0.991427221172023
-1.05565784499055
-0.856345935727787
-0.885035916824197
-0.506383742911153
-0.632217391304347
-0.433984877126654
-0.825251417769376
0.55352741020794
0.837657844990548
-0.660705103969754
-0.869088846880907
-0.0963421550094518
0.558905482041588
0.573850661625709
-0.420705103969754
-0.813
-0.767258979206049
-0.512574669187146
-0.842177693761814
0.124474480151229
-0.244
-0.0863213610586011
0.661918714555766
-1.01654064272212
-0.60218336483932
-0.0388960302457467
0.0490964083175803
-0.00956143667296786
-0.767567107750473
-0.538807183364839
0.899281663516068
0.151877126654065
-0.996814744801512
0.885323251417769
-0.23645179584121
-0.112073724007561
0.624
-0.643814744801512
-0.244355387523629
0.373103969754253
-0.460814744801512
-0.589
-0.611362948960302
-0.11135538752363
0.242466918714556
-0.438814744801512
-0.0123629489603025
0.27654820415879
-0.144073724007561
0.16
-0.842540642722117
-0.0744442344045369
0.584741020793951
0.962
0.360741020793951
0.22909640831758
-0.439814744801512
-0.738533081285444
-0.730814744801512
0.676
0.534822306238185
0.227733459357278
0.227466918714556
0.304103969754253
-0.624258979206049
-0.0961625708884688
-0.1
0.674
-0.151
0.645
-0.438
0.911
0.727
-0.247
-0.358
-0.656
-0.457
-0.223
-0.285
0.882
-0.984
0.782
-0.918
0.123
-0.675
-0.032
0.535
-0.947
-0.474
0.525
-0.625
0.32
-0.913
0.108
0.868
0.301
0.14
0.041
-0.506
-0.686
0.673
0.315
-0.564
0.27
-0.403
-0.738
0.233
-0.122
0.32
0.063
-0.295
0.795
0.589
-0.602
0.66
0.767
0.166
-0.853
0.024
0.454
0.435
-0.154
0.148
0.324
0.27
0.242
0.824
-0.381
-0.116
0.34
0.204
0.502
-0.718
-0.6
-0.791
-0.299
0.346
-0.188
-0.475
-0.938
0.735
-0.344
-0.268
0.462
-0.181
-0.421
0.731
0.688
0.448
-0.899
-0.865
-0.007
-0.984
0.04
-0.121
-0.174
-0.834
0.111
0.999
0.355
-0.563
-0.387
0.993
0.979
0.859
0.202
0.512
0.189
-0.811
-0.042
-0.58
-0.647
0.621
-0.038
0.719
-0.222
-0.886
0.686
-0.496
-0.31
0.511
-0.864
0.171
-0.217
0.205
-0.79
0.486
0.242
0.52
0.383
-0.466
-0.766
-0.187
0.17
0.624
0.121
-0.338
-0.247
0.602
0.617
0.067
-0.459
0.499
-0.511
0.68
