-2.49197543247954
-0.49620794103966
0.272913043585342
-0.914310021806014
-0.571296791003637
-1.07651984869502
-1.82441399727028
0.045896033600553
-0.508170132142393
-0.577404532762033
-2.80344423816008
-2.14995463018293
8.36000945536552
-0.556752357284953
-0.0680888476338448
-0.567105857745925
-0.18616256878536
0.112213611161861
-0.155026465563424
-0.0327466889602596
0.106274103002117
0.332939509275102
0.0122344050630055
-0.129491495066516
0.0591172006587704
-0.0367523608059889
0.0949262749038288
0.025750472003937
0.0157863905639522
-0.0649395091185311
0.0235330831066431
0.144618149043829
-0.121455579557346
-0.046616257783872
0.00436672686459712
0.12621739048911
-0.0239073709859347
0.0181285435650356
-0.0427788288765524
-0.0103440464890109
0.00835538812718053
-0.00832325153608805
-0.00547637047164472
0.0184706994272825
0.0389943301204644
-0.0357618140975593
0.00359357188873657
0.0060094532711897
-0.0486389420247983
-0.0254782613920066
-0.0380945197985194
-0.0675330801212448
0.0111814751125185
-0.0376691900391445
-0.0305349704319516
0.00258223024639584
0.0241190939072241
0.0406294913973717
-0.031185254234431
0.0301928152782017
-0.023344045363631
0.0620756134618807
0.064837429172818
0.0271776937787419
0.00689981037889706
-0.0226843110223497
0.00641777016561537
-0.0506124780556874
-0.0302192806029252
0.0240699436209172
0.0204517954813651
-0.0368128545916431
0.0233761793477598
-0.0896332686608059
0.0121512298426004
0.00896597225610726
0.0807126669289404
-0.0550548202243491
-0.0193913051330306
-0.0429829879935061
0.016317578921989
0.0898147442648915
0.025003782431011
-0.0400756154970457
0.108977313188224
0.0459810974075925
0.0700548194567455
0.0102041585944231
-0.0459962161000075
0.0776351616558455
0.136313800487445
-0.0998941357077825
-0.103285445161854
0.0819432881179184
-0.185448021394432
-0.162888466793691
0.246215499827679
-0.233606803976161
-0.100487712071791
-0.056185254006947
-0.171858222650997
-0.0482117224782043
0.293357276327282
-0.0212514161778291
-0.0230567119348868
-0.172224955893774
0.129829866629091
0.158415881918374
0.37749527431895
-0.394754253010907
-0.032336481790427
0.160215500023459
0.159642723096753
-0.269826082673313
-0.0816824171139893
0.146529301612195
-0.195827974776288
0.0393572766546453
-0.00713799655941372
0.658508505722601
-0.0372646513032571
-0.59793384055723
0.254079393643566
-0.672221174671242
0.252493380771887
-0.0219981092091523
-0.0966181463255334
0.0690321339875874
-0.381973539025102
0.100457467197582
-0.0803497154383871
-7.56468168033045E-06
0.164612474371993
0.0477580312483576
0.193336484135444
0.516223059841105
-0.47930623933805
0.050366728804713
0.383500943304274
-0.358542534568536
0.427398862328242
-0.161052926499749
-0.0403534961560215
0.167897919956316
0.00373345982628531
0.517213611993004
-0.562372400639964
0.77395274267921
-0.0967315668256109
0.00351417683391551
-0.0821833635717436
-0.344094515000717
0.987
0.679
0.628
-0.915
0.572
-0.871
-0.985
-0.141
0
0.503
-0.096
-0.543
0.694
0.186
0.481
0.302
0.677
-0.074
-0.852
0.322
0.386
0.842
-0.542
0.42
-0.34
-0.69
-0.195
-0.728
-0.099
-0.233
-0.285
0.938
-0.777
0.973
0.537
0.641
0.212
0.115
-0.615
-0.962
0.145
-0.516
0.788
-0.968
0.278
-0.6
0.722
-0.762
0.782
0.168
0.746
0.9
0.097
0.402
-0.18
-0.856
0.221
-0.792
0.424
0.262
0.323
0.743
0.958
-0.767
-0.212
-0.034
-0.767
0.72
0.648
0.84
-0.911
-0.438
-0.46
-0.891
-0.823
-0.098
-0.947
-0.575
-0.858
-0.74
-0.413
-0.434
-0.511
0.733
0.02
-0.185
-0.16
-0.18
0.153
0.393
-0.581
0.004
0.69
0.123
-0.285
0.402
-0.475
0.555
0.244
-0.689
-0.834
-0.999
-0.41
0.942
0.078
0.184
0.359
-0.013
0.225
0.917
-0.91
-0.205
-0.934
0.164
-0.326
-0.243
0.253
-0.776
0.212
0.973
-0.875
0.413
-0.433
-0.745
0.42
0.085
-0.129
0.416
