-0.781264650283536
-0.958776937618116
-0.413355387523629
-1.67595841209854
0.101162570888486
-0.274024574669172
0.323873345935747
-0.0630359168242041
-0.268187145557644
-1.73277126654063
-0.594780718336474
-0.70647258979204
-1.53586767485826
-0.332710775047253
-0.401177693761807
0.516888468809079
-0.222015122873345
-0.0624064272211678
-1.34684499054811
-0.201818525519839
-1.07360113421545
-0.978383742911134
-0.380790170132322
-0.653742911153113
-0.357255198487708
-0.711914933837423
-0.224196597353489
-1.11847448015113
-1.28574858223059
-0.516251417769371
-1.35686956521731
-0.281708884688086
-0.711139886578444
-1.15636483931949
-1.07538185255194
0.0408922495274167
-1.499034026465
-0.587943289224944
-0.242776937618144
0.0614593572778908
-0.586185255198484
-1.21985255198483
-1.33897353497158
-0.445474480151223
-0.834102079395076
0.0802457466918738
-0.735994328922484
-0.0389603024574666
-0.821718336483926
0.250538752362956
-0.102771266540639
-0.120710775047255
0.699204158790173
-1.13340831758033
0.0889149338374318
0.0444177693761807
-0.112540642722116
0.542844990548206
-0.493088846880908
-0.953990548204153
0.912364839319471
-0.237763705103967
-0.0494990548204145
-0.625281663516065
0.778162570888473
0.0668355387523652
-0.596049149338371
0.540156899810966
-0.385400756143669
-0.881160680529293
0.55981852551985
-0.290081285444235
-0.590423440453687
-0.295827977315689
-1.04527221172022
-0.757867674858223
0.889417769376184
0.0126994328922495
-1.00542344045369
0.726905482041589
-0.755275992438562
0.735841209829868
1.01373534971644
-0.0575538752362948
-0.811455576559545
0.460438563327032
0.399521739130436
-0.308410207939507
0.0169527410207945
0.171260869565218
-0.519062381852552
-0.550385633270321
-0.766404536862005
0.0458071833648395
0.722291115311909
-0.739253308128544
0.502614366729679
-0.421686200378072
-0.398022684310021
0.651937618147449
0.483950850661626
-0.0578147448015123
0.405931947069942
-0.328608695652174
0.720911153119093
-0.272047258979207
-0.277451795841211
0.651877126654063
-0.572068052930058
0.707841209829868
0.539688090737241
-0.331761814744801
0.922977315689982
0.22654820415879
-0.488466918714556
-0.573003780718336
0.345381852551987
-0.673001890359167
-0.425829867674858
-0.257472589792061
1.09926086956521
-0.77209829867675
-0.026
0.660674858223062
0.871361058601134
0.59035538752363
-0.069100189035917
0.436020793950851
0.024359168241966
1.06443667296787
0.354357277882799
0.898950850661626
-0.483
-0.293521739130436
-0.655493383742912
0.39652930056711
-0.298217391304347
0.464217391304347
0.309381852551987
0.556
0.422200378071835
-0.413563327032139
-0.133372400756144
0.801077504725896
1.36503213610587
1.41803213610587
-0.472
0.0433818525519849
0.0687183364839317
0.324595463137994
0.0745727788279771
0.230909262759925
0.998
0.873572778827976
0.519595463137995
0.360909262759925
0.98
0.830741020793952
-0.112068052930057
-0.382258979206049
1.18174102079395
0.0515954631379963
-0.467
-0.56
-0.483
0.799
0.844
0.182
-0.1
0.003
0.772
0.884
0.01
-0.273
-0.993
0.845
0.865
0.593
0.755
0.958
-0.216
0.542
-0.343
0.574
-0.228
0.976
0.607
-0.263
0.159
0.287
0.235
-0.112
-0.256
-0.169
0.577
0.7
0.492
0.834
-0.137
0.988
0.997
0.346
-0.919
0.784
0.537
0.097
0.908
0.271
0.772
0.659
0.184
-0.613
0.873
-0.305
0.631
-0.564
-0.622
-0.042
0.668
-0.46
-0.808
0.107
-0.978
0.613
0.767
-0.117
0.139
-0.822
0.149
-0.693
-0.648
-0.969
-0.271
0.766
0.961
0.438
0.46
-0.128
-0.963
0.674
-0.933
-0.665
-0.036
0.5
-0.898
-0.152
0.015
-0.951
0.2
0.14
0.321
-0.466
-0.835
-0.678
0.796
-0.11
0.323
-0.532
-0.983
-0.347
0.958
0.729
-0.879
0.465
0.306
0.152
0.658
-0.894
-0.266
-0.808
-0.025
0.505
-0.08
0.994
-0.527
0.856
-0.858
-0.478
0.51
-0.081
