-2.43602079394672
-0.0277977315689267
-1.32026465028354
-1.72393194707112
-0.820971644612316
-0.836213610585802
0.00234593572795636
-0.478512287334651
-0.471504725897679
-1.0665463137994
-0.555204158790131
-0.155285444234308
-0.431400756143528
-0.321792060491445
0.176928166351696
-0.251361058601164
-0.00863327032134656
0.0299943289224705
-0.0693005671077765
-0.0212325141776594
-0.0218468809073769
-0.402017013232643
-0.430255198487646
-0.244988657845029
-0.16572589792056
-0.104217391304289
0.0688563327032491
0.0452022684310191
-0.047731568998093
-0.140257088846877
-0.0211814744801498
-0.0203005671077307
-0.102342155009476
-0.482967863894131
-0.275013232514174
0.4392665406428
-0.0433213610585707
-0.218623818525546
0.140328922495276
-0.195701323251419
0.129262759924368
0.136306238185231
0.000778827977309103
-0.00613232514174681
0.150011342155039
0.118030245746734
-0.0653629489602853
-0.267417769376165
0.17248204158792
6.84007183364886
-0.0160756143667191
-0.0167391304347535
0.1791115311909
-0.031281663516098
-0.0076219281663406
0.0907051039697516
0.195935727788276
-0.0785841209829512
0.278695652173928
0.199124763705119
0.145914933837436
0.271888468809114
-0.17138374291113
0.0213043478260885
0.136527410207942
-0.280650283553875
-0.00243100189031015
-0.225425330812864
-0.144659735349759
0.0197977315690042
0.0395425330813119
-0.0088733459357068
0.0626332703213617
-0.0574914933837749
-0.196809073723991
-0.169077504725884
-0.0365387523629426
0.210092627599234
-0.377096408317577
-0.180313799621939
0.23477504725902
0.0409054820416
0.0801323251417893
0.00161058601135046
-0.219644612476369
0.063610586011334
-0.448994328922492
-0.128771266540631
0.0643516068053089
-0.292994328922475
0.0343913043478398
0.237531190926286
-0.300249527410205
0.0045311909262732
-0.071822306238191
-0.185686200378069
-0.0524782608695497
0.0588147448015138
-0.186192816635157
0.200510396975443
0.230574669187154
-0.216173913043467
0.277470699432908
-0.62856143667296
0.707846880907378
0.106164461247641
0.156449905482051
-0.106079395085053
0.17308884688092
-0.205801512287332
-0.900221172022664
0.174824196597357
0.673693761814743
0.13806616257088
-0.910886578449896
0.00718336483931733
-0.126824196597352
0.704132325141795
-0.0383516068052872
-0.172357277882807
-0.413413988657848
-0.355228733459366
0.366177693761819
-0.206635160680528
0.245275992438566
0.32186011342155
0.0176918714555732
0.412017013232514
-0.485196597353495
-0.548512287334593
0.554950850661628
-0.0817032136105849
-0.373145557655956
-0.107852551984873
-0.0682608695652174
-0.16725330812854
-0.244599243856332
0.246973534971645
-0.88020415879017
0.469032136105852
-0.72705482041588
-0.285786389413987
0.00290548204158893
0.290892249527412
0.781612476370518
0.749453686200373
-0.534043478260869
0.442591682419661
0.171034026465027
0.24282797731569
0.355599243856333
0.0812911153119096
-0.081
0.565559546313799
0.115759924385632
-0.0848015122873347
0.584
-0.237120982986767
-0.4996011342155
-0.682120982986767
-0.747120982986767
0.806759924385632
0.657
0.413
-0.222
-0.475
0.444
0.222
0.392
0.142
0.317
0.259
-0.135
0.985
-0.485
-0.035
-0.258
-0.507
0.223
-0.74
-0.163
-0.018
-0.381
0.124
0.024
-0.447
0.582
-0.426
0.421
-0.5
-0.498
-0.715
0.471
-0.484
0.804
-0.773
0.103
0.14
-0.42
0.361
-0.886
0.407
0.896
-0.979
-0.854
0.969
0.842
-0.067
-0.027
-0.863
0.917
0.09
0.373
-0.952
0.315
0.105
0.174
-0.468
-0.612
-0.775
-0.057
-0.13
0.8
-0.108
-0.361
0.031
0.787
-0.651
-0.82
-0.713
0.861
0.602
0.912
0.862
-0.854
0.43
0.086
-0.403
-0.022
0.055
-0.29
-0.352
0.601
0.283
-0.418
0.411
-0.089
0.423
0.2
-0.301
0.053
-0.43
-0.249
-0.645
-0.583
0.244
0.606
0.004
0.382
0.114
-0.819
0.493
-0.247
-0.314
-0.725
-0.685
0.178
0.511
0.901
0.885
-0.981
-0.424
0.554
0.333
0.514
-0.705
0.269
-0.483
-0.691
0.227
