-2.31015311909221
-1.56351795841224
-0.500487712665401
-2.06971077504756
1.7976124763706
-1.69175992438552
1.31619470699431
-0.218500945179575
0.0157750472589653
0.233901701323241
0.0724744801512312
-0.543368620037848
-0.265234404536879
0.251453686200385
-0.0616710775047389
-0.157538752362957
-0.215620037807229
0.066497164461243
-0.342640831758086
-0.357200378071847
-0.3267051039698
-0.0834536862003784
-0.24055576559546
-0.307570888468854
-0.687003780718313
-0.227799621928216
-0.041716446124785
-0.257650283553881
-0.311792060491541
-0.0356446124763618
-0.112835538752382
-0.341506616257094
-0.311620037807155
0.13136105860112
0.0999187145557846
-0.164697542533074
-0.169884688090768
0.0191077504725733
0.160241965973531
0.0807107750472466
0.118151228733443
0.072544423440411
0.127786389413944
0.0338657844990378
-0.156882797731582
0.181436672967846
0.0102400756143624
-0.12824763705102
-0.0118544423440909
-0.133001890359178
-0.179013232514209
-0.068470699432917
-0.0629149338374458
-0.282013232514193
0.511128544423424
0.0274990548204043
-0.205342155009466
-0.180684310018958
-0.00416257088849957
-0.0686332703213937
-0.0754291115311914
0.179232514177699
0.260533081285438
-0.306803402646507
0.0820869565217258
-0.102086956521753
-0.0266994328922466
0.0277901701323212
0.120761814744807
-0.031716446124775
0.109699432892241
0.0526068052929856
0.261170132325141
-0.343538752362951
-0.107731568998106
0.181035916824201
0.108175803402649
0.187771266540635
0.16683742911151
-0.0773251417769462
0.158408317580328
-0.303827977315704
-0.221275992438583
-0.0790737240075641
-0.194115311909267
0.367678638941411
0.495510396975403
0.198654064272213
-0.297119092627587
0.00147637051039937
-0.416877126654065
-0.357875236294919
-0.163457466918717
0.487381852551998
0.149468809073721
0.49610207939511
-0.360538752362956
0.185480151228723
-0.0458582230623861
0.105884688090737
-0.215831758034024
0.269784499054821
-0.76702268431002
0.522170132325135
0.367884688090751
0.351500945179576
0.282835538752367
0.119888468809083
0.0794442344045252
-0.234234404536876
-0.437009451795858
0.144221172022681
-0.0748374291115383
-0.829956521739123
-0.468062381852572
0.329060491493382
-0.651531190926268
-0.247822306238184
-0.464294896030246
0.815960302457471
0.631608695652175
0.216935727788283
0.566402646502831
0.567245746691872
-0.677693761814753
0.597009451795841
0.0477674858223058
-0.255984877126645
0.143988657844992
0.557792060491509
-0.572792060491489
-0.763504725897917
-0.828279773156903
-0.761353497164461
0.134198487712667
-0.229523629489606
-0.829338374291109
0.493321361058598
0.157956521739129
-0.226200378071836
0.11597920604915
-0.722258979206047
-0.490013232514175
-0.139499054820416
0.334043478260867
0.503646502835538
0.859156899810965
-0.372725897920605
0.662438563327035
1.17390548204159
0.769506616257089
0.288039697542534
-0.061
0.292190926275993
0.303198487712666
-0.0920302457466902
0.64
-0.315419659735354
0.0599773156899813
1.03358034026467
-0.858419659735354
0.98919848771266
-0.932
0.326
0.693
-0.846
-0.744
-0.727
0.128
0.596
0.467
-0.263
0.916
0.811
-0.241
0.773
0.344
0.117
-0.134
0.148
-0.895
-0.071
0.626
0.505
0.956
0.53
0.374
0.449
0.037
-0.675
0.267
0.452
-0.509
0.104
-0.365
-0.127
-0.994
-0.049
-0.048
-0.233
0.094
0.563
0.504
0.823
-0.493
0.024
0.32
0.128
-0.499
0.524
0.459
-0.477
0.751
0.833
0.861
0.145
-0.642
-0.438
0.37
-0.837
-0.221
-0.193
0.235
-0.198
-0.671
-0.986
-0.754
-0.189
0.175
0.886
0.766
-0.607
-0.835
-0.902
-0.947
-0.458
0.425
0.802
-0.002
-0.069
-0.791
-0.754
-0.053
0.513
-0.135
-0.256
0.701
-0.343
0.243
0.49
-0.485
0.444
0.58
-0.212
0.988
-0.713
-0.673
-0.299
0.494
-0.507
-0.222
-0.492
0.953
-0.385
0.758
0.066
-0.643
0.652
0.78
0.319
0.72
-0.445
0.564
-0.562
0.953
-0.467
0.859
0.722
0.937
0.584
