-2.20892816634727
-1.49020226843514
-0.286733459357274
-1.44349149338794
-1.73365406427258
-2.29690359168758
-0.180680529300512
-0.559578449905661
-0.882914933836827
-1.61580151228691
-0.524684310018775
-0.627729678638613
-0.530829867674637
-0.224877126653962
0.0220491493384914
-0.276827977315662
-0.00501134215496154
-0.0526446124763173
0.00412287334599413
-0.345079395085036
-0.414406427221092
-0.483419659735474
-0.386432892249461
-0.515206049149252
0.0679149338375062
-0.103931947069804
-0.0504045368618776
-0.119589792060355
-0.480877126653923
-0.340007561436514
-0.048863894139751
-0.302629489602923
-0.0505236294894934
0.0235160680530265
0.0350699432893267
0.250548204158937
-0.306204158790083
-0.0802741020792909
0.0301285444235272
-0.200156899810898
-0.0786805293004545
0.157553875236365
0.0271493383744293
-0.0134744801511049
0.310032136105985
0.23383364839326
0.132211720226905
-0.0557448015122052
0.233909262760032
0.156051039697615
-0.267614366729548
0.354378071833772
0.222306238185323
0.185111531191037
0.159858223062452
0.333982986767619
0.0289735349716975
0.16509073724021
0.0102778827978193
-0.0526899810963814
7.80595841209878
0.506434782608745
-0.0319149338373619
0.822404536862046
0.222705103969773
0.140421550094532
0.0701871455576781
0.383744801512318
0.0226068052930107
0.106567107750539
0.305786389414022
0.123939508506594
0.189856332703235
0.444300567107748
-0.296644612476374
0.285317580340241
-0.0333081285444135
-0.236434782608707
-0.242534971644597
0.0765198487712712
0.26852741020795
0.437705103969776
0.407788279773172
0.0832438563327209
-0.0124291115312027
-0.0327315689981154
-0.428054820415845
0.143854442344044
-0.0371531190926328
-0.198306238185266
-0.269973534971646
-0.0951682419660065
0.33377882797733
0.00531379962193702
-0.485376181474449
-0.565793950850668
-0.257183364839322
0.0936862003780693
0.174446124763697
0.517381852552007
-0.45544612476373
-0.183952741020796
0.159306238185273
-0.512071833648391
0.33555954631381
-0.115561436672972
0.215034026465007
0.645625708884704
-0.7252381852552
0.507338374291105
-0.109134215500946
-0.240735349716448
0.554073724007565
-0.616336483931942
-0.0594574669187047
0.0737750472589801
0.367550094517956
0.564425330812857
-0.0707032136105782
0.037990548204162
-0.399387523629489
0.0562948960302511
-0.175565217391306
-0.00693005671077573
-0.761982986767493
-0.0423345935727758
0.832166351606825
-0.654776937618144
0.0393175803402659
0.354160680529304
-0.331372400756146
0.0332136105860125
-0.0942457466918712
-1.00524574669186
-0.430281663516073
0.776676748582236
0.0845822306238184
-0.668096408317582
0.290635160680527
0.388576559546315
-0.597482041587906
0.344561436672966
0.0118147448015117
0.775451795841208
-0.547584120982983
-0.130844990548203
-0.59778449905482
-0.484194706994321
0.508478260869569
-0.576637051039694
-0.610565217391304
-0.149586011342155
-0.873
-0.150933837429112
0.0131776937618148
0.223553875236294
-0.904
-0.274689981096409
-0.531334593572779
0.948310018903593
-0.578689981096407
0.983177693761815
0.353
-0.139
0.031
0.412
-0.018
0.22
0.562
0.765
-0.724
0.382
0.864
-0.921
-0.365
0.869
-0.181
0.177
0.164
-0.418
-0.274
0.495
0.272
-0.041
0.209
0.865
-0.048
0.171
0.025
0.849
0.381
-0.705
-0.694
-0.791
0.695
-0.911
0.484
0.638
-0.516
-0.281
0.044
0.298
-0.154
0.699
-0.606
-0.123
-0.404
-0.952
-0.871
0.13
-0.88
-0.081
0.376
0.674
0.038
-0.258
-0.303
-0.607
0.652
0.166
-0.541
0.811
-0.806
0.713
-0.616
0.98
0.075
0.654
-0.616
-0.454
-0.615
0.181
-0.307
-0.556
0.538
0.428
-0.351
0.572
-0.436
-0.669
0.268
-0.096
0.041
0.895
0.728
-0.538
-0.081
-0.368
0.171
-0.048
0.391
0.09
0.986
0.317
-0.74
0.232
0.103
0.132
0.315
-0.586
0.802
-0.058
0.664
0.583
-0.255
-0.061
-0.775
-0.069
-0.865
0.61
-0.907
0.125
0.828
0.32
0.898
0.555
-0.23
-0.701
0.985
0.921
