-1.55513799980686
-1.94754820639183
0.281850660232119
-1.47831947030173
-0.364865786413536
-1.24379962316326
-0.710916828687844
-1.21757467102001
-0.546863894945006
-1.94671834076206
-0.237260870667896
-0.688708883644842
-1.93372590183012
-0.97836861874343
-0.0104593556200934
-0.436784490718994
0.072523632367753
-0.196376184689341
0.314633277153951
-0.0994499094840138
-0.650718343224283
-0.316255195825796
-0.66331001965383
-1.24670888726663
-0.698457460272704
-0.0834858177408786
0.422198488852504
-0.124550090394311
0.123799618606223
-0.150597354653288
0.0194839356261074
-0.280003778407513
-0.58014555429674
-0.520810961876311
0.0129130423874708
0.277175808999873
-0.0220113415366492
0.0795274095263727
-0.512911151428211
0.176725895753335
0.294695652511459
-0.584155009810801
0.0379621904780032
-0.602423440438527
-0.406094511798334
-0.0114971590806797
-0.279068051342277
-0.163950849854546
0.199672966108456
-0.362126659573373
-0.670334592127803
0.272977322761142
0.233763706210659
0.867022688699004
0.528635159032172
0.225436671946472
0.31159546259341
-0.126221168136684
-0.211013236605029
-0.0119092568514699
-0.188304347052079
-0.010516069750102
0.492982989214242
-0.174440458128153
-0.0510793937483235
-0.295867672556927
-0.00620793739013064
-0.38196030448613
-0.287028353409353
-0.160941398465608
-0.302344046546424
0.298990550648772
-0.307094512635978
-0.00713043868308918
-0.0786994349597417
0.0517731604504513
-0.387164465075884
-0.536130430509263
0.0512570894060455
0.536141779894873
0.168258978974566
0.716765600123092
0.547177691930422
0.0157939467924229
-0.036548209541709
0.55690359405674
0.0504971574414005
0.0849130362587132
-0.0761550130219292
0.293950845682554
0.891620045256056
0.28275425490558
0.599984868789042
8.95466163045703
0.527829869075478
0.708945176853146
0.982786388910401
0.693735349661835
0.402294897911916
0.140812849901037
0.028453675014565
0.717637058260038
0.319769379927294
0.347240083224108
0.485294896160554
-0.186156898703129
-0.0948336466945569
-0.186334593593064
0.743453688860852
-0.214536863949473
0.078567104451929
0.101499058207019
-0.380786391363294
-0.0179962196541794
-1.6975122896153
0.272758032903933
-1.47206805422286
0.487625712313628
0.446835539491685
0.145742914080547
-0.318536864484738
-0.13795463533832
0.157703210919056
1.19255577055823
0.0231001918260038
-0.0371776922315321
-0.283137993923595
-0.460676747838588
-0.369892256663966
0.278793948638719
-0.441835544393871
0.24783364584251
0.0892211689389834
0.0187542487560911
-0.179788280459059
0.31734404514968
-0.326822304504347
-0.00743478086576494
-0.962088847042867
0.0531455605523931
-0.462345935696134
0.0758601135870401
-0.230192816089378
0.665177692437889
0.339147448777757
0.647202269849976
-0.965294897022471
0.185277883497007
0.001551985909507
0.147888468066105
-0.799232513603068
-0.289724006245988
-0.361
-0.198181474505505
-0.423030245750917
1.07339508498163
-0.98
-0.499393194761921
0.589546313736242
0.623606805238079
-0.216393194761921
-0.208030245750917
-0.088
-0.73
-0.921
0.802
-0.395
-0.484
-0.303
0.804
-0.618
0.395
0.506
-0.997
-0.599
-0.335
0.135
0.373
-0.619
0.324
-0.995
0.276
0.188
-0.739
0.619
-0.199
0.236
-0.092
0.376
-0.297
0.079
-0.99
0.218
-0.278
0.959
0.497
0.933
-0.663
0.821
0.494
-0.201
0.78
-0.545
0.245
0.07
-0.282
-0.022
-0.364
-0.624
0.907
-0.141
-0.354
-0.933
-0.795
0.566
0.455
0.599
-0.349
-0.349
0.278
-0.435
0.697
0.14
0.994
-0.275
-0.628
-0.823
-0.217
-0.957
-0.096
-0.268
-0.203
0.552
-0.113
-0.475
-0.775
-0.179
0.943
0.191
-0.1
0.823
-0.4
-0.469
0.468
0.844
-0.568
0.942
0.012
0.155
-0.497
0.898
0.281
0.686
-0.457
-0.072
0.102
-0.361
-0.539
-0.481
-0.302
-0.46
-0.806
-0.408
0.472
0.174
-0.939
0.094
0.179
0.68
0.341
-0.366
0.655
0.459
0.75
0.454
0.964
0.165
0.671
-0.85
-0.707
