-1.27256143667291
-1.27913988657848
0.488803402646504
-1.0603402646503
-0.0707296786389421
0.15502835538754
-0.12958034026464
-0.339790170132329
-1.69336105860103
-1.22692060491492
-1.0071304347826
-0.0884914933837357
-0.694474480151222
0.228920604914941
-0.263030245746684
-0.595818525519851
-1.58687334593572
-0.322132325141778
-0.668669187145548
-1.39137807183356
-0.0686805293005687
-0.0124858223062394
0.26175236294896
-0.562310018903592
0.235941398865791
-0.411629489603017
-1.11030434782608
-1.24701512287334
-0.66239697542532
-1.18107372400759
-0.316827977315691
0.251272211720232
-0.407493383742906
-0.612130434782603
-0.262226843100183
-0.744706994328916
-1.50499810964082
-0.400790170132327
-0.405234404536861
-0.969776937618146
-0.330826086956521
-0.821680529300564
-1.12703591682418
-0.598330812854438
-1.34471644612474
-0.771304347826084
-1.03174480151228
-1.47375992438561
-0.0930718336483929
0.547542533081287
0.318831758034029
0.452049149338375
-0.483748582230623
-0.134519848771265
-0.686576559546311
0.378865784499055
-0.612725897920603
-0.56992438563327
-0.392272211720228
0.390521739130436
0.493593572778829
-0.516362948960301
-0.830039697542534
0.549621928166353
0.156069943289225
-0.847776937618145
-0.379068052930058
-0.959470699432892
-0.75412665406427
-0.438928166351605
-0.403674858223062
-0.12700945179584
-0.601680529300567
-0.588361058601133
-0.318113421550093
-0.164296786389413
0.020922495274102
0.286776937618148
-0.193491493383743
0.128701323251418
0.00947448015122893
-0.810512287334593
-0.147854442344044
-0.0922646502835539
-0.378504725897921
0.409706994328923
0.174529300567108
0.839975425330813
-0.674663516068052
0.427378071833649
-0.961903591682419
0.345117202268431
-0.931540642722117
0.338404536862004
-0.251177693761814
-0.489793950850661
-0.906574669187146
-0.460739130434782
0.118
0.692986767485823
0.710260869565218
-0.841650283553874
0.651349716446126
-0.413122873345935
0.130801512287335
-0.359034026465029
0.181801512287336
-0.797616257088846
-0.660034026465028
0.51405482041588
-0.484266540642722
0.236130434782609
0.799788279773157
0.684130434782609
-0.410122873345936
0.409911153119093
0.799678638941399
0.460657844990549
0.0263705103969754
0.976931947069943
0.0433289224952741
-0.0777391304347826
0.739240075614367
-0.105
-0.375
0.34
-0.057
0.204
0.72
-0.739
-0.115
-0.37
-0.723
0.157
0.494
-0.095
-0.425
-0.687
0.861
-0.95
-0.723
0.035
0.594
-0.158
-0.06
-0.19
0.551
-0.611
-0.251
0.345
-0.29
-0.355
0.511
0.124
-0.34
-0.212
-0.58
-0.23
0.977
0.796
0.706
0.983
-0.511
-0.913
-0.371
0.906
-0.031
-0.335
-0.8
0.7
-0.158
0.507
0.611
0
0.716
-0.986
0.349
-0.09
0.955
0.815
0.788
-0.447
-0.545
-0.626
0.55
-0.76
0.119
0.153
-0.504
-0.294
-0.516
0.804
-0.665
-0.936
-0.657
-0.707
-0.455
0.507
-0.788
0.033
0.84
-0.115
-0.812
0.048
-0.497
0.203
0.033
-0.49
0.408
-0.355
0.438
0.51
-0.185
-0.838
-0.993
0.153
0.528
-0.886
-0.464
-0.611
-0.214
0.816
-0.831
0.494
0.215
0.037
0.171
0.546
-0.344
0.422
0.469
0.842
-0.303
-0.078
0.974
-0.098
-0.636
0.406
0.87
-0.653
0.206
-0.391
0.744
0.85
0.267
-0.026
-0.011
-0.827
-0.943
0.19
-0.236
-0.57
-0.03
0.823
-0.754
-0.976
-0.284
-0.307
0.832
0.465
-0.969
0.487
0.854
0.985
0.176
0.596
-0.188
0.892
-0.813
0.104
-0.212
-0.878
-0.757
-0.811
0.182
-0.823
-0.929
-0.681
-0.773
-0.76
