-2.36287334653429
-1.59036862039693
0.114788279773158
-0.436047259290438
-0.860330812878348
-0.844122873657162
-0.129262759948311
-0.646158790888439
-0.37739508552107
0.16058223062383
0.273814744322659
-1.18369376236558
-0.989534971860073
-1.00334026472209
-0.679066162690585
0.190323251417774
0.00743289177066042
-1.4773591684334
-0.593240075734071
0.0255595463138002
-0.0567353500277064
-1.24877504728286
-0.876461247972265
-0.267177693761812
-0.37508506676116
-0.591398866143644
-0.0095463143024229
-0.986362948960294
0.0293667296547011
0.0295009447486132
-0.180247637170738
0.150289224306283
-1.28812854442343
-0.638132325141767
-1.09632892249524
0.229166351606813
-1.37956332703214
-0.498846880907368
0.0547258979206106
0.101671077504732
-0.789483931947064
-1.22250661625708
-1.63492060491491
-0.566056710775045
-0.500765595463135
-0.185179584120982
-0.77026275992438
0.150047258979211
0.259718336483936
-0.0832344045368621
-0.155920604914931
0.0680018903591728
0.500126654064278
-0.258381852551982
-0.944120982986763
0.54917391304348
0.0107618147448027
-1.25319470699431
-1.21493194706992
-0.0971928166351604
0.23621739130435
-0.59881474480151
-0.264561436672966
0.319663516068054
-0.850623818525519
0.515814744801516
-0.428079395085069
0.684742911153121
0.764105860113424
-0.0207637051039696
0.0717221172022687
-0.180865784499053
-0.557565217391305
0.198701323251419
-0.402402646502835
0.192803402646503
-0.975669187145557
-0.779930056710775
-0.833102079395085
-1.01841020793951
-0.564102079395085
0.564130434782609
-0.4843213610586
-0.311177693761814
-0.498793950850661
-0.874903591682419
0.868349716446125
-0.0576294896030246
-0.616979206049149
-0.512759924385633
-0.516
-0.831
-0.179
-0.566
-0.826
-0.867
0.293
-0.526
-0.767
0.05
-0.414
-0.163
0.996
-0.375
0.932
-0.727
-0.176
-0.425
-0.598
0.123
0.798
0.044
0.948
-0.991
-0.346
0.846
-0.873
-0.711
0.016
-0.764
0.87
0.707
0.409
0.378
-0.38
0.009
-0.853
-0.873
0.122
-0.482
0.974
0.624
-0.961
0.141
0.423
0.622
0.579
0.911
-0.229
-0.752
0.319
0.307
-0.436
0.268
-0.299
0.439
-0.78
-0.189
0.78
-0.672
-0.994
0.003
0.458
0.997
0.179
-0.122
0.428
-0.383
-0.996
-0.078
-0.874
-0.304
0.453
0.884
0.148
-0.826
0.004
-0.193
-0.415
0.031
-0.733
-0.784
0.518
-0.233
-0.083
-0.438
0.143
-0.86
-0.324
0.18
-0.212
0.335
-0.653
-0.206
-0.489
-0.03
-0.835
-0.958
0.961
-0.455
-0.806
-0.039
0.906
0.849
-0.879
-0.378
0.854
-0.321
-0.88
-0.473
-0.565
0.413
-0.774
-0.252
-0.939
0.79
0.485
-0.309
0.08
-0.384
0.734
0.287
0.941
-0.176
-0.867
-0.209
-0.652
-0.342
0.372
-0.823
-0.991
-0.039
-0.154
-0.96
-0.164
0.306
-0.691
0.669
-0.355
-0.706
-0.292
-0.537
-0.98
-0.852
-0.256
0.375
0.108
0.599
-0.267
-0.279
0.485
0.474
-0.038
0.344
-0.19
-0.093
0.019
0.081
0.715
0.33
-0.727
0.195
0.307
0.942
-0.483
0.473
-0.433
-0.814
0.911
-0.246
0.48
0.816
-0.955
-0.215
0.908
0.27
0.266
0.793
-0.92
-0.243
0.682
-0.251
0.925
-0.35
-0.308
-0.466
0.999
0.501
0.229
0.928
