-1.74875047258944
-0.701638941398814
-0.883950850661621
-1.53543289224996
0.638960302457536
-1.76023251417813
0.063765595463164
0.436130434782608
-1.06789413988648
-0.236746691871443
-0.0924083175803299
-1.40775047258977
-0.236279773156872
-0.783933837429083
-0.170850661625697
-0.845565217391267
-0.0359243856332697
0.462478260869563
-0.962223062381723
-1.80694139886567
-0.816058601134175
-0.853090737240067
-1.11933648393192
-0.133731568998109
-1.07381474480149
0.21827221172024
-0.859088846880892
-0.0448620037807099
-0.652635160680484
-1.16463705103965
-1.11362003780708
-0.559890359168223
-1.24326654064269
-0.599219281663493
-0.989175803402619
-0.450638941398852
-0.263858223062366
0.210041587901715
-0.139907372400747
-0.968281663515991
-1.46361436672963
0.527812854442358
-0.191591682419656
-0.462559546313798
0.0414877126654137
0.347716446124777
-0.137729678638924
-1.8089338374291
0.469253308128562
-0.547432892249524
0.289310018903611
-0.774054820415826
-0.558996219281639
-0.209018903591676
-0.83791682419658
-1.11924952741022
-0.0639262759924267
-0.710049149338375
-0.682372400756143
-0.545340264650256
0.244359168241968
0.0401020793950994
-0.278018903591668
-0.668907372400751
-0.0215198487712538
0.640395085066169
1.25328544423443
-0.199914933837424
-0.216835538752352
-0.0548601134215324
-0.108226843100181
0.83342911153122
-0.720448015122867
-0.225037807183365
0.418487712665417
0.320117202268432
-0.018776937618143
0.0298412098298694
-0.977258979205981
-0.854005671077505
0.643754253308138
0.285801512287336
-0.739595463137984
0.351264650283564
-0.510712665406429
0.0979981096408356
-0.171081285444235
-0.150504725897911
0.620022684310027
-0.302818525519851
-0.424992438563321
0.203752362948964
0.792642722117242
0.169137996219286
-0.0302759924385582
-0.430465028355389
0.966457466918721
-0.0936275992438546
0.342986767485823
0.348162570888482
-0.591296786389413
0.789500945179578
0.667298676748597
0.0840775047259018
1.02487712665411
0.0215708884688174
-0.973739130434771
0.46566351606806
-0.541022684310014
0.251701323251422
0.953402646502845
0.401451795841211
-0.853827977315697
1.0808412098299
-0.390417769376178
0.93487334593572
0.494198487712682
0.293629489603039
1.17776181474479
1.03638185255196
1.10111909262756
0.372599243856334
0.840688090737253
0.852996219281664
-0.438941398865793
1.28301134215495
0.527026465028354
0.542361058601133
0.665296786389413
0.800221172022687
0.997272211720232
1.63812287334589
1.58430245746687
0.0880945179584105
-0.780194706994334
1.25453686200378
1.21769187145555
1.08984310018904
0.563627599243861
0.230003780718338
0.0878052930056713
0.588680529300569
1.14093572778827
0.0516862003780715
1.33073534971644
0.44854820415879
-0.577635160680528
1.0940718336484
0.941353497164467
-0.890062381852548
0.172217391304347
0.128404536862004
0.514
-0.0327693761814746
-0.403294896030248
0.355102079395085
0.117
-0.467833648393195
-0.0814234404536849
0.521166351606805
-0.456833648393195
0.589705103969754
0.935
-0.993
0.666
-0.224
0.268
-0.863
0.422
0.01
0.591
-0.375
-0.451
0.116
-0.257
0.27
0.699
-0.142
-0.206
0.241
0.457
-0.473
-0.124
-0.585
0.766
-0.961
-0.392
0.488
0.704
0.032
0.982
-0.133
-0.601
-0.122
-0.998
-0.346
0.992
0.537
0.181
0.144
0.69
-0.649
-0.456
-0.417
-0.258
-0.519
-0.656
-0.602
-0.859
0.313
0.381
-0.741
0.559
0.471
0.885
0.838
-0.301
0.52
-0.759
0.627
-0.833
0.779
-0.567
-0.611
0.028
-0.277
-0.774
0.67
0.113
-0.911
0.277
-0.839
0.676
0.65
0.551
0.106
0.983
-0.708
0.672
0.284
0.694
-0.79
0.346
-0.61
0.65
0.722
0.307
-0.072
-0.008
-0.836
0.954
-0.528
0.296
0.554
-0.024
0.91
0.917
-0.846
0.555
-0.982
-0.745
-0.326
0.284
-0.948
-0.964
0.22
-0.417
0.909
0.919
-0.221
0.855
-0.593
0.847
-0.043
0.932
0.957
-0.568
-0.957
-0.261
0.305
