2.34643478260746
0.524145557655704
0.541996219281691
1.16479962192881
-2.08559168241984
1.48924385633561
-1.8728468809078
0.130404536862039
-0.0492967863897002
0.389347826086834
0.612298676748511
0.971616257089578
0.568480151228571
0.12353497164454
0.237083175803335
0.205149338374197
-0.175448015122924
-0.241020793950872
0.349240075614299
0.087620037807182
-0.151003780718471
-0.0414120982986665
0.269007561436653
-0.0765595463138266
0.0581190926275403
0.196334593572715
-0.0734177693762244
0.297480151228711
0.153716446124665
0.0545255198487296
0.142931947069765
0.449601134215433
0.160814744801411
0.0823686200377785
-0.0911701323251636
0.177926275992357
-0.202986767485924
-0.109805293005688
-0.000930056710797486
-0.0365387523630077
0.133637051039653
0.112931947069901
0.0588676748581868
0.104705103969694
0.0845595463137781
0.022030245746684
0.26791304347821
-0.0277844990548399
-0.140117202268478
0.147637051039619
0.0715330812853993
0.225321361058552
-0.0664328922495756
0.150580340264551
-0.24080529300573
-0.138618147448071
0.209714555765526
0.106213610585941
0.173315689981031
0.0152778827977091
-0.0984914933838007
-0.192120982986846
0.100451795841164
0.043625708884673
-0.447818525519932
-0.0839943289225391
-0.00583364839321412
0.272918714555716
0.194801512287306
-0.187062381852579
0.101843100188976
-0.433317580340322
-0.112546313799699
0.0983894139886272
0.238482041587857
0.133930056710731
-0.0152684310019196
-0.0932589792060799
0.300601134215451
-0.29897731569004
-0.293223062381878
0.138204158790144
0.211699432892198
0.193697542533042
-0.226892249527452
-0.145771266540658
0.220610586011307
0.125964083175773
0.120378071833594
-0.348582230623848
-0.0814650283554099
0.0565293005670823
-0.279867674858254
-0.414601134215542
0.300610586011317
-0.0693818525519968
0.287527410207905
-0.215381852552006
0.130918714555756
0.347665406427207
0.179982986767466
-0.0934347826087232
0.409266540642717
-0.10192060491494
0.0561361058601072
0.174982986767464
-0.308635160680547
-0.120871455576587
-0.311436672967875
0.200824196597332
0.0193175803402607
0.349705103969742
0.44266351606804
-0.0659867674858302
0.121300567107732
0.0312627599243839
0.313098298676746
-0.0937183364839388
-0.246022684310047
-0.148928166351612
-0.214395085066175
-0.131852551984884
0.204998109640824
-0.399015122873345
0.0663705103969725
-0.291170132325156
-0.134128544423441
-0.34208506616258
0.144187145557658
-0.493703213610596
1.07749905482041
-0.369357277882812
0.0707183364839327
0.402841209829872
-0.572115311909281
1.10261436672971
0.625858223062375
0.491786389413977
-0.429546313799623
-0.511043478260882
0.840085066162564
0.27815500945179
0.385888468809075
-0.637211720226859
-0.966671077504667
-0.175499054820428
-0.279801512287334
0.0290302457466907
-0.272724007561437
-0.732542533081285
0.342
-0.405671077504726
-0.329
0.434328922495274
0.018054820415879
-0.20990359168242
-0.349
-0.174287334593573
0.940822306238185
-0.987287334593573
-0.383287334593573
-0.796945179584121
0.595
-0.84
0.74
-0.73
0.046
-0.697
-0.553
0.565
0.92
0.956
-0.443
-0.727
-0.472
0.679
0.435
0.25
-0.74
-0.52
-0.967
-0.96
-0.998
-0.24
-0.003
0.193
0.669
0.349
-0.912
0.66
0.126
-0.637
0.489
-0.895
0.522
0.74
0.59
0.154
-0.356
0.768
0.562
-0.589
-0.565
-0.015
-0.706
0.385
-0.957
-0.603
-0.088
0.339
0.373
0.4
-0.422
0.474
0.991
-0.412
-0.798
-0.165
0.163
-0.453
-0.399
0.696
-0.785
-0.213
-0.561
0.556
-0.533
-0.548
-0.249
-0.213
-0.911
-0.72
-0.395
-0.509
-0.082
0.622
0.604
0.016
-0.535
0.611
0.15
0.271
-0.564
-0.252
-0.714
0.725
0.784
-0.986
-0.887
-0.067
0.538
-0.246
0.99
-0.903
0.166
0.866
-0.805
0.648
-0.454
-0.262
-0.082
0.59
0.645
-0.876
0.249
0.093
-0.205
-0.914
-0.444
-0.631
-0.016
0.186
-0.63
0.552
0.397
0.33
0.259
0.466
-0.499
-0.286
