-1.34668431001644
-1.40856710775279
-0.447784499054814
-0.351608695651771
-1.49257466918761
-1.98405482041896
0.0117240075615938
-0.389979206049211
-0.57597731568957
-1.87501323251358
-0.266603024574625
-0.491601134215213
-0.689812854442116
-0.861468809073641
0.430623818525697
-0.0199243856332428
-0.174122873345887
-0.268773156899765
-0.276994328922454
0.255782608695673
-0.00424007561438384
-0.248748582230692
-0.81955954631375
-0.485217391304309
-0.514595463137937
0.0403724007562402
-0.231483931946993
-0.0253383742910881
-0.410224952740893
0.151517958412209
-0.263083175803379
-0.0837296786389238
-0.0316238185254711
-0.33562948960296
-0.123497164461192
0.201366729678733
-0.158277882797643
0.251298676748611
0.0900567107751509
-0.298134215500895
-0.0619886578449374
0.260421550094548
-0.148413988657815
-0.193499054820336
0.230612476370595
0.0248582230624598
-0.125071833648345
-0.320986767485775
0.182251417769425
0.264213610586093
0.189816635160718
-0.0921190926275896
0.00741776937623574
7.35179773156939
0.555432892249566
0.330648393194777
0.475682419659768
0.211291115311972
0.269319470699508
-0.11139697542533
0.0399621928166623
-0.00830623818527975
0.125160680529337
0.0484971644612214
0.11963894139887
0.339756143667307
0.145827977315709
-0.0262608695652158
-0.15343289224954
0.0936238185255163
0.0140623818525392
-0.116347826086979
-0.197258979206055
0.154827977315704
-0.23988468809072
0.297665406427225
0.177965973534972
-0.0419395085066152
-0.390688090737222
-0.0603024574669202
0.376219281663539
-0.0976975425330601
-0.399933837429116
-0.14235727788281
-0.315291115311886
0.122514177693767
0.105449905482048
-0.0933062381852632
0.277652173913095
-0.20083742911152
0.272888468809072
-0.466032136105862
0.359105860113431
0.101737240075632
-0.232236294896028
-0.372207939508488
0.268003780718347
-0.11137240075614
0.176465028355379
0.345432892249529
-0.159249527410208
-0.0529697542533096
0.0554536862003847
-0.356551984877134
0.738754253308123
0.0656162570888652
-0.157674858223047
0.0935557655954602
0.148393194706992
-0.19172022684309
0.154517958412088
-0.00364461247636583
0.166251417769374
0.263404536862004
-0.33213421550094
0.367283553875236
-0.050771266540645
0.391281663516075
0.254092627599234
-0.537429111531184
-0.157470699432896
-0.0870075614366763
0.167204158790169
-0.026792060491488
-0.603705103969759
-0.127183364839319
-1.55632136105864
0.155635160680535
0.482945179584118
-0.671134215500943
-0.0988827977315713
-0.449319470699436
0.777759924385636
0.117793950850661
0.471347826086958
-0.0377296786389418
0.344903591682418
0.111100189035919
-0.453417769376193
-0.516595463137997
0.744217391304342
-0.446572778827972
-0.146708884688092
0.872491493383744
0.654514177693759
0.0170812854442353
-0.896043478260876
1.18218525519846
-0.536827977315689
-0.373149338374293
0.565559546313801
-0.591196597353497
-0.589
0.846164461247637
-0.267472589792063
0.0855482041587896
-0.569
0.545856332703212
0.328911153119092
-0.417143667296788
0.588856332703212
0.120527410207938
0.397
-0.681
0.09
-0.08
-0.547
-0.755
0.861
0.69
0.89
0.53
0.874
0.385
-0.879
-0.235
-0.342
-0.944
0.391
-0.075
0.412
-0.731
0.346
-0.445
-0.06
-0.555
0.979
0.415
-0.887
-0.178
-0.603
0.274
-0.819
0.458
-0.346
-0.192
-0.001
-0.591
-0.279
-0.248
-0.969
0.771
-0.917
-0.448
0.035
0.958
-0.642
0.025
0.728
0.968
-0.563
-0.626
-0.839
-0.589
0.176
0.325
0.774
-0.159
0.379
-0.355
-0.059
0.037
-0.868
0.038
0.292
-0.384
0.349
-0.585
-0.269
0.313
0.765
-0.752
0.335
-0.361
-0.106
0.641
-0.814
-0.206
0.519
-0.018
-0.914
-0.047
0.687
-0.855
-0.615
-0.978
0.113
0.77
-0.718
0.328
0.033
-0.842
0.03
-0.924
0.81
-0.006
0.639
0.044
0.259
-0.581
-0.391
0.943
-0.706
-0.586
-0.798
-0.812
0.039
0.522
0.516
0.535
0.139
-0.02
0.321
-0.603
-0.442
0.987
0.349
0.986
-0.347
0.27
