-0.913500945179573
-0.604287334593555
0.0887334593572779
-1.13182608695658
0.616209829867704
-0.609625708884668
0.419742911153133
-0.0424404536862016
-1.75230434782598
-0.924062381852539
-0.86588468809073
-0.772544423440441
-0.477381852551979
-1.00211342155009
-0.753533081285439
-0.772001890359167
-1.59926654064273
-0.33537051039697
-0.0922438563327046
-0.345788279773152
-0.634733459357271
-0.424546313799624
-1.49435727788279
0.0433591682419702
-0.0332060491493341
-1.22111909262754
-0.224844990548202
-0.604516068052929
-1.08032703213608
-0.0873572778827966
-1.57187523629486
-1.38623251417765
-1.11990170132321
-0.703489603024573
-0.43186578449905
-0.967368620037802
-0.938568998109636
-0.54820982986767
0.347548204158794
-0.034137996219279
-0.461334593572781
-0.0451701323251426
-0.176926275992437
0.569735349716452
-0.756102079395082
0.227597353497168
-0.612293005671074
-1.43844423440453
-0.5523270321361
-0.662026465028354
-0.425767485822304
-0.433629489603021
-0.267741020793949
-0.209729678638942
-0.91121361058601
-0.676572778827974
-0.130251417769377
-0.122922495274101
-0.0816616257088851
0.0310359168241985
0.642574669187148
-0.500788279773156
-0.613814744801511
-0.94761058601134
-0.45384877126654
-0.911181474480149
-0.10254820415879
-0.723797731568997
0.00436672967863883
-0.660037807183364
0.485037807183365
0.186655954631382
0.562827977315689
-0.773606805293004
0.61271077504726
0.197298676748583
0.150245746691872
-0.776812854442343
-0.186833648393195
0.602145557655956
0.419056710775048
0.0155841209829869
-0.998368620037805
-0.675389413988656
-0.237204158790168
0.345686200378073
0.147576559546314
0.0217202268431002
-0.631595463137995
-0.492060491493383
0.356644612476372
0.545357277882798
0.490863894139887
-0.488835538752363
0.54960302457467
-0.423739130434783
0.0634461247637051
0.472007561436674
0.0826578449905482
-0.460759924385633
-0.369814744801513
-0.474034026465028
0.189931947069944
-0.702835538752363
-0.00770510396975426
0.654534971644613
0.0436578449905482
-0.398198487712666
0.346274102079396
0.175041587901701
0.278986767485823
-0.118616257088847
-0.431362948960302
0.599274102079396
0.831260869565218
-0.223253308128544
-0.322890359168242
-0.715362948960302
0.455
0.41454820415879
0.0192192816635161
-0.924362948960302
-0.976
-0.421814744801512
0.0726370510396975
-0.976671077504726
0.850328922495274
0.262911153119093
-0.243869565217391
0.207
-0.749890359168242
0.86107561436673
0.203856332703214
-0.675561436672968
0.0130207939508507
-0.0554517958412098
0.877637051039698
0.737493383742911
0.342240075614367
0.129
-0.664
-0.415
0.709
0.19
0.253
-0.504
0.015
0.918
-0.34
-0.221
0.919
-0.191
-0.957
0.67
0.529
-0.436
-0.491
-0.385
0.225
-0.024
0.825
0.785
0.839
-0.857
-0.06
0.424
0.678
-0.762
-0.419
-0.101
-0.1
-0.068
-0.068
-0.675
0.087
-0.563
-0.632
-0.167
0.336
-0.421
0.014
0.937
-0.39
0.987
0.288
0.442
0.828
0.539
-0.197
-0.542
-0.556
0.265
-0.479
-0.622
0.303
-0.45
-0.255
0.565
-0.75
0.828
-0.183
-0.224
0.336
0.76
0.879
-0.014
0.877
0.717
-0.418
0.091
-0.805
0.675
0.279
-0.355
0.962
0.887
0.175
0.851
-0.145
0.498
0.596
-0.861
0.434
-0.877
-0.545
0.635
-0.589
-0.447
0.022
-0.463
0.691
-0.198
-0.417
0.507
0.762
-0.763
-0.4
-0.151
-0.892
-0.699
0.564
-0.889
-0.043
0.712
-0.738
-0.232
0.985
0.876
-0.585
0.416
0.375
-0.106
-0.29
-0.249
-0.768
-0.323
0.341
0.212
0.305
-0.757
-0.425
0.323
-0.305
-0.955
0.399
0.392
0.092
0.771
-0.118
0.724
0.287
-0.674
0.742
-0.447
0.933
0.484
0.182
0.722
0.861
0.686
