-2.46634215500844
-1.6697202268439
1.1547996219284
-4.32008128544849
-1.16574102079348
-4.27223251418239
2.13570888468844
0.302916824196627
-3.14669943288892
-0.531875236294712
-0.234540642721968
-3.28136294896148
0.435117202268768
1.23641965973565
0.324187145557923
0.359792060491704
-1.25810775047233
0.396088846881067
-0.386544423440225
-0.134436672967685
-1.64932892249456
0.194911153119161
-0.352092627599247
-0.211601134215364
-0.0696086956518752
0.920557655954953
-0.961081285444047
-0.832419659735224
-1.18073913043483
0.246379962192865
-0.521831758033934
-0.227041587901607
0.346829867674991
-0.345742911152926
-0.263345935727646
1.93520604914899
0.171247637051257
-0.343436672967757
0.263432892249624
0.690975425331007
-0.898716446124666
-0.762584120982846
0.631618147448203
0.478279773157007
-0.539279773156703
-0.72040642722106
0.0434045368621027
-0.300667296786322
0.210659735349933
1.24454820415814
-0.549642722116656
0.544304347826245
-0.0827372400755319
-0.184792060491401
0.105344045368828
0.473434782608917
-0.0572306238183464
0.784115311909389
-0.182474480151031
0.46846691871488
-0.695839319470653
-0.690716446124678
-0.770124763704986
0.0506824196598959
-0.0819319470698582
-1.15778260869611
0.290049149338465
0.646589792060787
-0.470461247636871
-1.12288846880905
0.718262759924622
1.36977315689987
1.67655198487818
0.82459924385672
0.35259924385658
0.495580340264744
-0.591716446124393
-1.20944423440478
0.234105860113488
-1.04532703213596
-0.447988657844909
0.0663742911156597
0.273555765595761
-0.304359168241805
-1.12321928166338
-0.0401436672966473
1.24174669187201
1.03534782608731
0.647684310019018
-0.76188279773143
0.26653875236318
1.55531947070014
1.4216862003783
1.21031758034011
1.77103024574763
14.6885028355495
0.301436672967834
2.17209073723999
2.04361625708843
0.164289224952819
0.58164461247647
0.546570888468843
-0.300905482041587
-0.416034026464927
-0.599423440453698
0.350378071833716
0.42913421550098
1.33410207939514
1.3382627599244
-0.586415879016976
-0.521805293005644
1.15641209829842
-0.510482041587869
-0.861155009451756
-0.659158790170137
0.604461247637085
-0.988901701323257
0.493119092627599
0.572240075614368
-1.9770434782612
-0.136824196597361
0.874739130434828
0.555143667296779
-0.454379962192799
-0.818120982986614
0.771584120982972
0.687217391304371
0.453419659735381
-0.732820415878973
1.14472022684315
2.27631947069961
0.291903591682432
-0.434589792060449
0.635451795841222
0.393767485822321
-0.692629489603023
-0.120432892249519
-0.826005671077508
-0.0470907372400739
1.03249149338371
-1.39130056710779
-0.191654064272224
-0.772724007561416
-0.315576559546312
-1.4432911153118
0.392262759924384
-1.22531379962187
0.374941398865808
-0.754814744801526
-1.30843856332695
0.233642722117197
-0.745557655954635
-0.101
0.277275992438563
-0.0722873345935729
-0.738746691871457
-0.915
-0.188735349716442
-1.10931001890362
-0.307735349716442
0.368264650283558
0.793712665406432
-0.262
0.495
-0.453
0.312
-0.59
-0.732
-0.426
-0.537
0.861
-0.119
0.448
-0.137
0.798
-0.406
-0.949
-0.092
-0.255
-0.967
-0.479
0.386
-0.986
0.888
-0.01
-0.713
-0.876
0.186
-0.065
0.149
-0.004
0.607
0.641
-0.711
0.694
0.081
-0.053
0.555
0.093
0.619
0.573
-0.948
0.411
0.294
0.572
-0.189
0.951
-0.965
0.553
-0.654
-0.544
0.177
-0.774
-0.958
-0.67
-0.858
0.792
-0.15
-0.495
-0.741
0.188
0.223
0.332
0.425
0.466
-0.747
0.24
0.159
0.168
-0.284
0.647
-0.505
0.814
0.126
-0.54
-0.531
0.974
-0.281
-0.685
-0.821
-0.665
-0.912
0.633
-0.411
-0.308
0.819
0.381
0.599
0.958
0.552
0.289
-0.903
0.05
-0.167
-0.569
-0.651
-0.281
0.986
0.827
0.318
0.57
-0.209
-0.133
-0.163
-0.302
0.961
0.362
0.099
0.581
0.861
-0.832
0.072
-0.466
-0.674
0.923
0.1
0.589
-0.257
-0.268
0.647
