-1.00302835538751
0.0589829867674996
0.089
-1.33281474480164
-0.674601134215477
0.0511852551985018
-0.902601134215477
-0.359767485822306
-1.5055614366728
-1.053224952741
-0.935340264650283
-0.388776937618139
-0.828935727788263
0.212782608695654
-0.804958412098288
-1.29979584120983
-0.667117202268426
-1.18552930056712
0.183648393194707
0.299689981096411
-1.2185217391304
-0.237226843100192
-0.00470321361058582
-0.887281663516058
-0.310691871455578
-1.3037221172022
0.272888468809083
-1.01178071833647
-1.04635916824193
-0.815894139886574
-0.223650283553869
-0.00673534971644044
-0.11948393194707
-0.259693761814744
-0.910922495274094
-0.989219281663512
-0.908708884688086
0.159453686200385
-0.111011342155008
-0.573814744801507
-0.319676748582226
0.0391398865784528
-0.276459357277883
-0.682754253308121
-0.0891814744801489
-1.00475236294895
-1.15474480151228
0.500650283553879
-0.601627599243852
0.536604914933842
-0.632565217391301
-0.264476370510394
0.461635160680536
0.160287334593576
-0.172553875236294
0.529984877126656
-0.822892249527407
-0.896646502835535
-0.095429111531191
-0.891727788279769
-1.02279773156899
0.340748582230625
-0.800175803402643
0.359009451795842
-0.030480151228733
-0.631345935727785
-1.15728922495275
0.534672967863895
0.0352759924385635
-0.880066162570886
0.395247637051042
-0.11579584120983
-0.354818525519848
-0.278508506616256
-0.102750472589792
-0.903691871455576
-0.828914933837429
-0.652816635160679
0.0289319470699432
-0.455277882797731
0.616618147448016
0.689534971644613
0.738657844990549
-0.33910775047259
0.775973534971645
-0.825903591682419
0.698871455576561
-0.950903591682419
-0.744094517958412
-0.581739130434782
-0.866287334593572
-0.813629489603023
-0.0674234404536863
0.167240075614367
-0.220676748582231
0.284281663516068
0.573665406427222
0.438200378071834
0.818897920604916
-0.260765595463137
-0.51145179584121
-0.217355387523629
-0.154245746691871
-0.487684310018904
-0.82845179584121
0.651
-0.434232514177694
-0.0453553875236295
-0.659930056710775
-0.232
0.701
0.82
-0.039
-0.911
-0.385
-0.607
0.913
0.554
0.894
0.001
-0.015
0.967
0.292
-0.331
-0.941
0.473
-0.892
0.588
-0.917
0.689
-0.269
-0.227
-0.304
-0.5
-0.596
-0.132
-0.16
0.215
-0.454
-0.842
0.613
-0.227
0.674
0.537
-0.262
-0.675
0.249
-0.113
-0.435
-0.566
0.402
-0.943
0.608
-0.158
0.809
-0.47
0.519
-0.794
-0.524
-0.293
0.542
-0.01
-0.1
-0.296
-0.963
-0.073
0.123
-0.539
0.685
0.746
0.553
-0.302
0.007
0.735
0.387
-0.789
-0.708
0.754
0.931
0.733
-0.776
0.221
0.023
0.649
-0.713
-0.327
0.165
0.854
-0.31
0.873
0.349
-0.367
-0.261
0.839
-0.384
-0.377
0.873
-0.03
0.499
0.81
0.202
-0.212
0.202
-0.182
-0.12
-0.296
0.049
0.873
0.455
0.598
-0.763
0.764
-0.725
-0.258
-0.517
-0.679
0.967
0.25
-0.584
0.363
0.762
0.269
0.77
0.811
-0.603
-0.081
0.959
0.168
0.119
-0.237
-0.662
0.322
-0.746
-0.88
-0.469
0.436
-0.982
-0.796
-0.232
0.583
0.624
0.292
-0.601
0.092
0.635
0.584
-0.642
0.996
0.356
-0.706
-0.345
-0.378
-0.447
-0.865
-0.953
0.932
0.017
0.391
-0.579
0.961
-0.255
0.88
-0.247
-0.309
0.259
-0.085
0.51
-0.846
-0.79
0.046
-0.698
0.763
-0.518
-0.167
0.739
-0.53
-0.13
-0.322
-0.825
-0.187
