-2.34600567107737
-1.53579017013245
0.713274102079395
-1.31453308128562
-0.787758034026436
0.138289224952761
-0.111306238185249
0.330497164461242
-1.35950472589784
-0.849606805292997
0.510096408317587
-1.31745935727787
-0.572071833648384
-0.839351606805288
-0.095228733459357
0.225833648393199
-0.284633270321357
-0.0518468809073715
-0.219258979206048
0.455404536862012
0.121580340264654
0.0604593572778848
-0.274317580340261
-1.05754064272211
-1.14242722117198
0.18845746691872
-0.331965973534967
0.256820415879023
-1.58835727788279
-0.00423629489602695
-1.39695085066161
-1.38647258979203
-1.12431379962191
0.110939508506623
-1.37705103969752
0.148453686200383
-1.42416257088844
-1.06994896030246
-0.24670321361058
-0.0323156899810921
-0.853466918714554
-1.14996030245748
-0.694098298676742
0.619391304347833
0.441527410207944
0.148279773156906
-0.0959489603024569
-0.166134215500944
-0.600792060491488
-0.744739130434778
-0.455809073724006
0.523686200378074
0.43113043478261
-1.24038374291115
-0.176752362948958
-0.672587901701322
-0.529903591682417
-0.130941398865783
-1.06819092627599
-0.866629489603022
-0.301956521739129
0.00380151228733422
0.299289224952742
-0.626062381852552
-0.642164461247634
0.471238185255199
-0.666207939508505
0.309844990548205
-0.840844990548202
0.687264650283554
0.136708884688093
0.112347826086957
-0.715824196597353
0.697744801512287
0.0517277882797734
0.122674858223065
-0.685005671077504
0.577880907372401
-0.827045368620038
-0.442880907372401
-0.744003780718335
0.413563327032137
-0.090930056710775
0.777310018903592
-0.181279773156899
-0.467950850661626
-0.62673156899811
-0.881567107750472
-0.738773156899811
0.580453686200379
-0.0499035916824196
-0.153334593572778
-0.929034026465028
-0.106499054820416
-0.363629489603024
0.557192816635161
-0.0787391304347826
-0.425313799621929
0.281404536862004
-0.73386956521739
0.0833913043478265
-0.907684310018903
0.350041587901703
-0.134937618147447
0.238117202268431
0.682260869565218
0.352931947069944
0.794294896030247
-0.141882797731568
-0.893
-0.750814744801512
-0.0161568998109641
0.224877126654064
0.547185255198488
-0.979013232514177
0.292459357277884
-0.721485822306238
0.753020793950852
0.711589792060492
-0.972
0.243
-0.682616257088847
0.103911153119093
-0.330561436672968
-0.124362948960302
-0.637650283553875
0.229
0.517274102079395
0.21307561436673
0.512020793950851
-0.69745179584121
0.737
-0.568835538752363
0.982911153119093
0.52807561436673
-0.753616257088847
-0.894890359168242
-0.93
-0.431088846880907
0.146383742911153
0.203637051039698
-0.401232514177694
0.283
-0.816
0.379
0.962
0.643
-0.481
-0.111
0.35
0.298
0.18
-0.119
0.268
0.034
-0.208
0.003
-0.309
-0.987
-0.112
-0.526
0.846
-0.415
0.364
0.794
-0.477
-0.428
0.25
-0.979
0.784
0.202
-0.774
0.186
-0.414
-0.179
-0.37
0.041
-0.073
0.298
-0.084
-0.266
-0.29
-0.368
0.872
-0.778
0.131
-0.145
0.165
-0.045
-0.255
0.249
0.416
-0.943
0.687
-0.321
0.359
-0.973
0.918
-0.611
-0.145
0.389
-0.608
-0.502
0.104
-0.853
0.072
0.994
-0.705
-0.553
-0.597
0.75
-0.924
0.392
0.096
-0.846
0.764
0.213
-0.288
0.141
-0.337
0.667
0.406
-0.706
0.275
-0.465
0.786
-0.831
0.498
0.907
0.461
-0.397
0.122
-0.463
-0.558
0.527
-0.659
-0.788
0.528
0.725
0.15
0.137
-0.44
-0.282
-0.449
-0.005
0.173
-0.977
-0.04
0.533
-0.086
-0.854
0.314
-0.224
0.726
0.187
0.982
-0.903
0.222
-0.431
-0.639
-0.097
-0.504
-0.612
-0.015
0.8
-0.373
0.538
-0.05
0.569
0.812
0.552
0.685
-0.013
0.991
0.525
0.107
-0.313
0.742
-0.72
0.361
