-2.3998487712629
-1.23541587901893
-0.228340264650281
-0.702476370509814
-0.813499054820079
-1.27160491493686
-0.348750472589606
-0.588814744801656
-1.30533081285096
-1.80084877126632
-0.866652173912954
-0.692674858222632
-0.827147448014781
-0.186457466918655
-0.00673913043456493
-0.0519281663514543
-0.181703213610483
0.227088846880914
-0.0159697542532342
-0.0476843100187837
-0.477638941398825
-0.482353497164147
-0.304506616256775
-0.563816635160509
-0.1039999999999
-0.566939508506345
-0.171563327032023
-0.21466729678625
-0.031616257088638
-0.584954631379748
-0.422202268430877
-0.249534971644511
-0.387332703213462
-0.395982986767409
0.452066162571081
-0.245111531190781
-0.167321361058385
0.112984877126768
-0.412809073723879
-0.203499054820285
-0.146045368619921
0.46231568998124
0.778353497164619
0.00521739130454364
0.0367882797732558
-0.168086956521614
-0.576238185255109
-0.207843100188962
0.420612476370701
0.252194706994448
0.233241965973668
-0.282962192816537
0.124236294896173
0.297909262760065
0.0925897920606329
0.0952646502836267
0.0378449905482588
0.131735349716515
0.33866918714561
-0.0674480151228447
-0.201230623818439
0.0195085066163513
-0.0335689981095415
-0.29929867674853
0.718652173913182
0.177778827977394
0.177644612476466
-0.0238468809073204
0.379907372400868
0.341342155009504
8.2259792060492
1.27898109640806
0.523640831758227
0.419988657845035
0.367682419659716
0.640858223062418
0.566742911153155
-0.164166351606761
0.4121550094518
-0.0394102079395017
0.323570888468801
0.961137996219322
-0.10314366729679
-0.160519848771256
-0.0531285444234414
0.304939508506652
0.127119092627614
0.0930586011342124
-0.135548204158792
-0.211778827977335
0.233584120983002
0.104480151228746
-0.501258979206049
-0.12707939508507
0.386145557655941
0.292385633270332
-0.108085066162569
-0.197449905482024
-0.234283553875234
-0.0724650283553841
-0.447338374291113
0.371049149338394
-0.074100189035917
-0.55263705103969
0.0125103969754283
0.27745746691871
0.173493383742915
-0.447035916824194
0.0917977315690014
-0.050631379962189
0.436784499054827
-0.140671077504726
-0.0266389413988591
-0.0259848771266554
0.170417769376193
-0.389684310018902
-1.36747826086958
0.0617334593572792
-0.0538809073724142
0.801181474480155
-0.239565217391294
-0.456111531190928
0.817277882797731
0.536338374291119
0.660633270321366
-0.910637051039712
-0.210780718336479
0.680965973534977
0.185071833648402
0.0549754253308105
0.315523629489613
-0.671117202268424
-0.470998109640831
0.270482041587904
0.385716446124763
-0.483733459357277
0.483671077504733
-0.485816635160677
-0.970344045368615
0.170359168241965
-0.353431001890361
-0.253877126654068
0.495117202268432
-0.521644612476373
0.653421550094518
0.403083175803403
0.119722117202269
0.651797731568997
-0.590975425330811
-0.436362948960306
0.0213950850661626
0.62691304347826
0.838
-0.520342155009452
-0.67789035916824
-0.55980718336484
-0.796
0.857425330812856
-0.109355387523629
-0.719574669187144
-0.843574669187144
-0.00889035916824196
-0.315
-0.449
0.975
0.269
0.017
0.287
0.24
0.173
0.155
0.718
-0.39
-0.737
0.26
-0.602
0.199
0.01
0.847
-0.664
0.609
-0.227
0.383
-0.01
0.716
0.224
-0.537
0.607
-0.209
0.307
-0.459
0.596
0.537
-0.834
0.098
0.171
-0.954
-0.028
-0.526
-0.48
-0.579
0.689
-0.721
0.132
0.411
0.223
-0.157
0.575
0.23
0.925
0.278
0.194
-0.966
-0.417
-0.305
0.408
0.61
0.695
-0.166
-0.249
-0.194
0.41
-0.504
0.933
-0.368
0.558
-0.819
-0.557
0.164
-0.912
-0.648
-0.773
-0.464
0.326
0.915
0.92
-0.506
-0.75
0.579
-0.508
-0.619
-0.112
-0.624
-0.135
-0.972
0.346
0.561
-0.046
0.471
0.69
0.561
-0.649
-0.863
0.723
0.714
0.011
0.193
-0.654
-0.5
0.852
0.042
-0.601
-0.59
0.142
0.573
0.051
-0.342
-0.293
-0.332
-0.225
-0.086
0.36
-0.885
-0.658
-0.631
0.917
0.033
0.63
0.904
0.285
