-2.84406238886454
-0.871224955096558
0.783504729704943
-1.10568242127132
-0.763026467951542
-0.907257090203522
-1.3285274162226
-0.143570890816314
-0.369799617298138
-0.588149338108086
-0.0771965972091695
0.106151235264192
-0.242958407283024
-0.342013229198648
-0.026865785044809
0.0276521735363883
0.0896635145782602
-0.138149342863019
-0.253058596489382
0.0103402663374809
-0.07574101925896
0.0328903610062238
-0.0661606785287024
-0.0696540649694127
-0.252151231096965
-0.0405595481933518
-0.0420207941705319
-0.00878260698024255
-0.127293006928001
-0.0853402649096377
0.133614368312079
-0.0969829885952521
-0.219973534036562
-0.229964083787214
6.89811909218532
-0.174706992745242
-0.046517960607104
-0.165867675310657
0.00160680777745163
-0.0751247629270243
-0.0556994337380196
0.0650926244507451
0.017896029171165
0.00639508635201312
0.0168846886294192
0.0150056695444392
0.030306237447942
0.0765217388255571
-0.100223058723837
0.0043270342276373
-0.107396977997236
0.00510775075219781
-0.0645746668662308
0.00983364750168726
-0.116688089049646
-0.143776940886515
0.0345784488787265
0.0696049130508189
0.101005672131826
0.0167504741052572
0.0321568984215583
-0.0218790185223413
0.0944971666260949
0.0605311921544626
0.025637051938336
0.138729677067675
0.0970604922172839
-0.0128998150717414
-0.0608393177953371
-0.0840113426129326
0.101722120937982
0.0349187183078171
-0.143733457917331
0.125177692421819
-0.00362003741073607
0.0886956514832489
-0.0527353477981565
0.0530510416298911
0.0828846877808499
0.140633268005781
-0.0272060457036114
0.110041587879992
0.0876597364209673
-0.0340302449150171
-0.203841210495827
-0.126928168524085
-0.0569357271903006
-0.173293005613407
0.0211209821642456
-0.0609395049728928
-0.10069187069081
-0.123920602448842
0.296587897572206
-0.159763706683553
-0.08488847337027
-0.181275990535129
-0.00969754510203525
0.0868071833220045
-0.531954632928476
0.331124769213434
0.0372268428319046
0.130162571583091
-0.286457467031204
-0.000758034398283662
-0.0548695637132097
0.253376184427934
0.0442495264102688
-0.290610584105608
-0.679457466165966
0.378682422044994
-0.53088090599974
0.482378075760339
-0.169045365957985
0.215759922384959
0.611867676756764
-0.324718340029621
0.581151230607507
0.224266539952609
0.212616256551023
0.359890361476583
-0.183587898345933
-0.816090731684955
-0.484311909517658
0.329873346596965
0.435293005680346
-0.480555766770858
-0.781620038271183
-0.430094517248543
0.238846885979813
0.414746690053201
-0.206805292442922
0.266026469090351
0.263448012890495
-0.0693251389002129
-0.492489601929515
-0.0912533084271376
0.309967864047645
-1.14386767521371
0.700699432203512
0.0597485809412084
-0.0660812875005363
0.684376180644198
-0.550310016982486
0.403827978348082
-0.579775045739963
0.791315690989551
0.610342154208076
-0.293132326131927
-0.56539319554852
-0.306105861489424
-0.852368620206806
0.293391304384466
0.667
-0.385748581799638
-0.0441247636332738
-0.452495272665485
-0.618
-0.116621927232572
0.234128545500891
0.646378072767428
1.02137807276742
0.0858752363667263
-0.402
-0.522
-0.914
0.608
0.065
0.986
0.165
-0.131
-0.257
-0.185
0.673
-0.752
-0.41
0.542
0.737
0.055
0.126
0.841
0.11
0.385
-0.889
0.745
0.675
0.498
0.265
0.025
0.236
-0.958
-0.57
-0.746
-0.116
-0.817
0.386
-0.865
0.092
0.855
0.188
-0.303
-0.452
0.662
0.562
0.588
0.736
0.378
0.703
0.419
-1
0.409
-0.268
0.326
0.706
0.334
-0.514
-0.414
-0.03
-0.147
-0.197
-0.412
-0.657
-0.961
-0.25
0.122
-0.562
-0.511
0.93
0.489
-0.138
-0.545
-0.55
0.882
0.867
-0.572
0.293
0.447
0.822
-0.477
-0.992
-0.703
0.795
0.846
0.024
0.826
0.309
0.104
-0.453
0.55
0.697
-0.201
0.164
-0.761
0.052
-0.4
-0.646
-0.492
-0.088
-0.561
0.149
0.246
0.447
-0.786
-0.444
0.545
-0.041
-0.15
0.459
0.277
-0.959
0.039
-0.236
-0.553
-0.156
-0.495
-0.207
-0.504
0.014
-0.076
0.813
0.334
