-1.8108090737239
-0.265285444234395
-0.494
-0.845780718336468
-0.563752362948939
-0.670780718336468
-1.03075236294894
-0.43268052930057
-0.0868393194706919
-0.96679962192816
-0.392077504725899
-0.232824196597349
-1.20760680529298
-1.23521739130433
-0.413457466918706
-0.537230623818527
-0.324139886578449
-1.00770510396974
-0.942818525519838
-0.315457466918713
-0.0169432892249511
-0.0195217391304363
-0.708052930056708
-0.99208128544423
-0.540465028355384
-0.0335519848771261
-0.00584499054819834
-0.917671077504724
-0.825886578449895
-0.554981096408319
-0.706705103969745
-0.372563327032132
-0.757517958412095
0.384818525519852
-0.551873345935724
-0.0179489603024571
-0.44974102079395
-0.282037807183364
-0.328601134215496
-1.02489035916823
-0.52628733459357
0.528085066162572
-0.828890359168238
0.147867674858224
-0.546134215500937
-0.0985330812854444
-1.19038185255197
-1.21091871455576
-0.305731568998107
0.321476370510401
-0.494478260869565
-0.798856332703212
-1.18291871455575
0.505364839319472
0.84042155009452
-0.558773156899809
-0.535075614366729
-0.960385633270318
0.456916824196599
0.0283459357277887
0.192342155009454
0.460115311909267
-0.602595463137991
-0.504920604914935
0.454933837429113
0.645892249527416
-0.319824196597354
-0.788077504725897
0.111969754253312
0.244378071833649
-1.15087145557655
-0.939604914933838
0.010877126654065
-0.894826086956517
-0.937618147448011
0.227601134215503
-0.10131190926276
-0.0534631379962193
0.275224952741023
0.552396975425332
0.0051285444234402
0.148362948960303
0.311446124763705
-0.000860113421550177
-0.966512287334593
-0.955635160680529
-0.0828941398865784
-0.421727788279773
0.595854442344047
-0.957183364839319
-0.404005671077505
-0.593852551984875
0.281366729678639
0.761618147448017
-0.443185255198486
0.0277750472589793
0.129735349716448
0.643366729678641
0.674448015122874
-0.35134404536862
-0.78207183364839
0.608092627599243
-0.304512287334594
0.294880907372401
0.271442344045369
-0.522792060491493
0.10798109640832
0.711852551984878
0.374875236294897
-0.500655954631379
0.53403213610586
0.651657844990548
-0.321621928166352
0.788735349716446
0.826620037807183
-1.0056427221172
-0.677
0.542349716446125
-0.518614366729678
0.555599243856333
-0.108697542533081
-0.929342155009452
-0.450621928166352
-0.00220793950850656
-0.108705103969754
0.459939508506617
-0.312181474480151
0.327181474480151
0.395240075614367
0.0634347826086956
-0.854875236294896
0.190521739130436
0.11938752362949
-0.406094517958411
0.437911153119093
0.416357277882798
-0.408238185255199
0.760894139886579
0.557982986767486
0.388982986767486
-0.229550094517958
0.181151228733459
0.18307561436673
0.226
-0.609417769376181
-0.025
0.798657844990548
0.516733459357278
0.83764461247637
-0.247088846880907
-0.274013232514178
0.622302457466918
0.221
-0.902
0.909
-0.737
0.14
0.588
-0.457
0.914
0.753
0.716
-0.578
-0.612
-0.642
-0.528
-0.601
-0.917
-0.567
-0.5
0.386
-0.574
0.87
0.039
-0.265
0.73
-0.111
0.372
-0.234
0.929
0.692
0.276
0.585
-0.353
-0.56
-0.464
-0.988
0.165
-0.266
0.182
-0.683
0.06
0.353
0.772
0.765
0.226
-0.221
-0.195
-0.132
0.92
-0.425
0.726
0.105
0.365
0.373
-0.684
0.792
-0.818
0.363
-0.821
0.374
0.767
-0.178
-0.387
-0.778
-0.524
-0.869
0.774
0.948
0.821
-0.54
0.234
0.348
0.25
-0.817
-0.674
0.072
-0.903
0.274
0.509
-0.049
-0.916
-0.496
-0.155
0.353
0.965
-0.829
-0.78
0.274
-0.877
-0.256
0.83
0.802
-0.445
0.807
-0.451
-0.763
-0.261
0.55
0.288
0.094
0.004
-0.143
0.047
0.46
0.341
-0.622
0.854
0.181
0.046
0.243
0.694
-0.092
0.853
0.228
0.289
0.263
0.976
0.26
-0.743
-0.695
0.91
-0.5
0.824
0.076
-0.371
0.431
-0.207
0.443
0.634
