-2.14117013232455
-0.233396975425295
-0.371922495274099
-1.80591304347884
0.62783364839329
-0.625147448015053
-1.20442911153111
-1.22937996219274
-0.440776937618102
-1.01813421550095
0.406550094517982
-0.330557655954597
-1.27126465028369
-0.576020793950843
0.176678638941419
-0.251584120982972
-0.199899810964071
-1.00056521739134
-1.05622306238161
-1.61282041587883
-0.206187145557649
-0.105844990548214
-0.00998865784499637
-0.140725897920597
0.358179584121005
-1.26754442344044
-0.0869130434782458
-1.28757844990549
-0.425202268430949
-0.844795841209812
-1.1110529300566
-0.643574669187126
0.117606805293018
0.279364839319495
-0.643999999999991
-1.15538185255196
-0.130703213610573
0.49606994328924
-0.463998109640805
-1.22398676748583
-1.02496030245743
-0.959334593572753
-0.212448015122856
-0.0717939508506531
0.281368620037816
-0.306230623818511
-0.0298582230623744
-0.624650283553848
0.526283553875258
-0.73254253308126
-1.43672022684309
-0.565553875236264
-0.201338374291094
-0.158553875236283
-0.559362948960295
-0.0528109640831632
0.15649905482043
-0.298359168241949
-0.573410207939488
-0.199667296786378
0.0491398865784605
0.513623818525527
-0.339621928166335
-0.483086956521732
-0.526173913043458
0.033111531190934
-1.08048960302457
-0.480268431001884
-0.968465028355273
-0.321531190926272
-0.367100189035897
-0.0136049149338223
0.924207939508522
-0.974068052930054
-0.34311342155007
0.303241965973549
0.361801512287352
-0.653695652173898
0.527338374291132
0.236716446124775
1.19662381852548
0.24420415879018
-0.114901701323242
-0.125134215500939
-0.686485822306227
0.496979206049163
-0.319890359168227
0.97506616257092
-0.496810964083153
0.901249527410232
0.334567107750488
-0.230319470699435
0.570843100189053
-0.103177693761811
0.464058601134224
-0.575973534971633
0.192141776937627
0.180319470699445
0.607499054820438
-0.937525519848759
-0.332128544423428
-0.0156181474480157
-0.135918714555757
-0.117268431001886
1.62788657844997
0.0924801512287433
0.730465028355394
-0.486722117202259
0.0375841209829915
0.882614366729747
0.810285444234396
0.596584120982994
-0.0903478260869482
0.340629489603031
-0.489918714555756
0.127187145557661
0.279226843100193
0.627139886578455
1.50013043478267
0.0287769376181491
0.623323251417766
0.200533081285449
0.473482041587905
0.420928166351614
0.414262759924391
0.0937882797731562
0.419750472589797
0.986270321361071
1.34773534971648
1.45634026465026
0.56095085066163
0.451275992438569
1.25151039697542
2.01537618147449
0.297523629489602
1.99763137996221
1.69575803402651
-0.656423440453685
0.874523629489607
1.32264083175801
0.166742911153123
0.24811720226843
-0.510533081285442
-0.489538752362951
-0.285744801512288
-0.458614366729678
1.09106994328923
-0.0892570888468772
1.09793383742911
-0.0312759924385629
0.622533081285444
0.723737240075615
0.079
-0.823506616257089
-0.292417769376182
0.289644612476371
0.353
-0.48643100189036
0.808733459357277
-0.14743100189036
-0.46343100189036
0.34958223062382
0.217
-0.019
0.289
-0.797
0.786
0.218
0.906
-0.067
-0.157
-0.329
-0.755
-0.952
-0.646
0.646
-0.124
-0.528
0.769
-0.362
-0.278
0.785
-0.831
0.043
-0.955
-0.116
0.946
0.196
-0.714
0.592
-0.56
0.332
-0.693
-0.885
0.158
0.182
0.059
0.3
0.056
-0.675
-0.419
-0.324
-0.38
-0.501
0.301
-0.091
0.387
0.031
0.83
0.063
-0.559
-0.119
-0.238
0.191
-0.851
-0.231
0.181
-0.827
-0.064
-0.595
-0.743
-0.411
-0.069
-0.686
-0.507
0.511
-0.636
-0.871
-0.111
0.172
-0.414
0.575
0.416
0.444
-0.943
-0.955
0.165
0.67
0.742
0.136
0.496
-0.086
0.365
0.223
0.15
0.558
-0.431
0.115
0.966
-0.612
-1
-0.115
-0.636
-0.35
-0.933
0.991
0.744
-0.695
-0.994
0.789
-0.456
0.258
-0.859
-0.342
-0.524
-0.134
0.464
0.318
0.134
-0.896
0.604
0.511
-0.57
0.799
-0.091
0.343
0.224
0.708
0.164
-0.066
