-0.899606805292989
-0.450293005671061
-0.755088846880907
-1.2490907372402
0.384474480151241
-1.25993950850675
-0.177272211720218
-0.666338374291115
-0.146720226843082
-0.147107750472581
0.182741020793955
-1.27418147448005
-1.284752362949
0.0880378071833754
-0.469763705103963
-0.50005482041588
-1.00227221172022
-0.766457466918708
-0.460319470699432
-1.31199621928149
-0.954856332703206
-0.13954820415879
-0.698372400756137
-1.36415689981093
-0.757398865784494
-0.229646502835536
-0.38888279773156
0.353848771266546
-0.684198487712654
-1.0952854442344
-0.58499432892249
-0.186321361058596
-1.31894139886578
-0.619733459357269
0.10855954631381
-1.20496219281663
0.159765595463141
-0.75292627599243
0.128916824196605
0.0658090737240111
-0.176553875236293
-1.39495274102079
-0.697909262759919
-0.492041587901699
-0.597145557655947
0.433049149338382
0.228561436672972
-1.28663516068052
0.145597353497168
0.0194650283553905
-0.312593572778823
0.190854442344051
-0.658642722117199
-1.06137240075613
-0.761837429111527
0.564610586011343
-0.506701323251415
-1.09467296786388
0.541334593572782
-0.904837429111527
0.337355387523632
-0.192801512287331
-0.734030245746688
0.333671077504728
-0.719485822306234
-0.860143667296784
-0.659926275992439
0.269708884688094
-0.901901701323247
-0.445803402646502
0.118007561436676
0.644793950850664
0.00390926275992477
0.360449905482045
-0.22381663516068
-0.76269943289225
-0.178406427221172
0.505334593572781
0.108697542533083
-0.557177693761812
0.354173913043479
-0.2795236294896
-0.625396975425329
0.511782608695654
0.162487712665407
0.209973534971646
-0.334916824196597
0.873338374291116
-0.634833648393193
0.628542533081286
0.457638941398865
0.418899810964085
-0.129854442344044
0.273357277882797
-1.05084688090736
-0.979081285444233
0.604672967863894
-0.016039697542533
-0.592499054820416
-0.644846880907372
0.358988657844992
-0.729293005671077
0.799576559546316
-0.365120982986767
0.779474480151229
0.10730245746692
-0.600444234404537
0.0810964083175804
0.0731247637051041
0.937480151228734
-0.219230623818526
-0.0815066162570888
-0.251102079395085
0.00163137996219281
-0.2326011342155
-0.323156899810964
-0.349068052930056
-0.169308128544424
-0.678533081285444
0.242508506616257
0.676041587901701
-0.458595463137996
-0.0543421550094518
-0.565888468809074
0.2
0.862151228733459
-0.102533081285444
0.821289224952741
0.494
-0.142710775047259
-0.232684310018904
0.937822306238185
0.224960302457467
-0.139177693761815
0.261
0.107986767485822
-0.0115198487712665
0.613960302457467
0.675124763705104
-0.990710775047259
-0.271395085066163
0.601
-0.153
-0.527
-0.183
-0.398
-0.262
0.886
-0.513
0.337
0.387
-0.167
-0.33
0.138
-0.251
-0.112
0.369
0.338
0.518
0.965
-0.793
-0.444
0.605
-0.788
0.173
-0.089
0.65
0.898
0.785
0.701
0.686
0.001
0.105
-0.702
-0.505
-0.908
0.709
-0.517
0.688
-0.403
0.143
0.054
0.391
-0.844
0.526
0.957
0.281
-0.863
-0.875
-0.627
0.755
0.675
-0.853
0.763
0.859
-0.748
0.996
-0.366
0.3
0.905
-0.049
-0.16
-0.9
-0.214
0.651
-0.614
0.727
-0.628
-0.357
-0.343
0.178
-0.115
0.65
-0.08
-0.179
0.152
0.165
0.449
-0.314
0.215
0.63
0.513
0.772
0.412
0.945
-0.99
-0.146
0.342
-0.562
-0.758
-0.904
0.075
0.183
0.782
0.646
-0.697
-0.047
-0.395
-0.495
0.14
-0.77
-0.092
0.493
0.467
0.194
-0.13
-0.975
0.226
-0.059
-0.294
0.086
-0.454
0.947
-0.916
-0.725
0.437
0.067
-0.312
-0.16
0.64
0.532
-0.615
0.933
-0.6
-0.44
-0.898
0.702
0.868
0.274
-0.482
-0.802
-0.44
-0.057
0.546
-0.015
-0.279
-0.98
-0.695
-0.783
0.075
