-1.91441965889325
-1.02927599193502
-0.484697542533078
-0.519741020433276
0.165739130448959
-1.02310018857763
-0.695973535033537
-0.913054818176524
-1.21201701223852
-0.272043479044635
-0.303141775505942
-1.54636861975447
-0.40975614433275
-0.209892252268931
-1.16449527502915
0.760782612746351
-0.168971649363103
-0.763221168748772
-0.676947072060158
-0.242775050752559
0.0837731602018773
-0.81718147654416
-0.422962191181416
0.162431003100933
-0.625616258631041
-0.762293006134369
-1.06488657945072
-0.984302457173174
-0.328733457343153
-0.906720228670505
-0.855691871666844
-1.13788468838075
-0.626765592863116
-0.324533079707998
0.455196596291584
-0.830054822291819
-0.797376182300347
-0.571593573353494
-1.35497164250728
-0.853134219683994
-0.182693760714767
-0.816984879049096
0.327321361462171
-0.779465026811681
-0.372453688003852
0.338786392714637
-0.576587898909122
-1.41858790151508
-0.51615690076518
0.790497166692943
0.66381474038473
-0.284555767156016
0.462650284637019
-0.38596408457216
-0.992559546790461
-0.00712287582124556
-0.2476257080868
-0.729075613037884
-0.713603022016244
-0.528497164504139
-0.330763707744775
-1.04092438862026
0.566663514825895
0.440922498750796
-0.263657850527082
0.363996222340782
0.622835541264993
-0.532340265795341
-0.593680530127288
0.393293007576719
0.174786385346494
-0.732735351267831
0.0624499035306784
-1.15770509896279
0.0128790181061817
-0.349958410552551
0.0970378061460603
-0.59567107981308
0.350567109124462
-1.06970320927536
-0.0317826084111503
1.44278450012471
0.455200378607133
0.465930056050869
0.282773158465271
-0.138015121153678
-0.0669413997869004
0.370257089223619
-0.0772551982496908
-0.443446121558745
0.0745576580785397
0.590529298793913
0.367285444430885
0.555890360416762
0.695304347604994
0.412294898303443
0.161618146682583
-0.418610582474682
1.11429678666244
-0.870240075794616
0.639296788316843
0.526782610804103
0.00675614654471242
-0.317491493569646
1.51925520048378
0.461570888185708
0.88933648388691
0.424317583678976
0.0531342132545057
0.524884689838631
1.63530056445622
-0.326576558950558
-0.47061625500929
-0.0691361086847038
-0.851818523962811
0.441574669604799
0.305245745688374
0.716990546382443
-0.33046124758432
0.0759565185441307
1.11245179811866
0.29103969706929
0.563621927767126
0.303971643834977
0.315230623386873
0.849608697094421
0.853185257409027
1.39520982775589
-0.138170133395545
2.56703024909445
1.94158223374503
0.793294896114772
0.978824198020631
-0.066432888778458
-0.422381853111835
-0.248640834745274
-0.385293005892877
-0.0591682457032256
-0.446614369717701
1.62540075284246
0.981202269816183
1.22367486280706
0.286680531787869
0.0300434797066223
0.0728525541432938
0.113468811632127
0.462327031951603
-0.0677844983569479
0.418105861459866
0.536661627075756
0.753788280356241
0.436120984719129
0.885
0.826281663887891
-0.733786389352017
1.02127221295962
-0.648
-0.371223061576229
-0.217795840280269
-0.542223061576229
0.699776938423771
0.995213610647982
-0.111
0.681
0.622
-0.326
-0.059
-0.747
0.172
-0.765
-0.804
-0.976
0.642
-0.37
-0.225
-0.878
-0.987
-0.103
0.352
0.108
0.668
-0.233
-0.753
0.19
-0.956
-0.359
0.171
-0.47
0.844
0.058
0.708
0.458
-0.61
0.638
-0.831
0.297
-0.059
0.495
0.319
-0.608
0.358
0.345
0.65
0.346
0.265
0.702
0.709
0.255
0.032
-0.86
0.943
0.455
0.235
0.626
-0.253
-0.109
0.745
0.699
0.637
-0.019
0.503
-0.589
-0.592
-0.886
-0.473
-0.262
0.633
-0.996
-0.54
0.478
0.18
-0.482
0.577
-0.04
0.75
-0.677
0.116
-0.1
0.925
-0.658
-0.069
0.915
0.498
0.703
0.115
-0.747
-0.777
-0.236
-0.11
0.278
0.552
0.242
0.858
-0.662
-0.112
-0.053
-0.064
0.536
-0.181
-0.474
-0.932
0.704
-0.206
0.554
-0.041
0.424
0.878
-0.726
0.876
-0.576
0.774
-0.156
0.773
0.294
-0.95
0.587
-0.087
-0.295
-0.002
-0.727
