-2.3425349799104
-1.52994895749763
-0.806544422355956
-1.87551039490292
-1.30065028655759
-1.69784877394165
-1.22492061016572
-0.340555765404202
-0.223221167921232
-0.536964077703823
0.110954633319352
0.0750926274022149
0.155279773814881
-0.0152098303492967
-0.0363024557028388
0.079113419997686
0.19994707359511
-0.0704499062594918
-0.181296785437799
-0.061714555924678
-0.0325878980818971
-0.0429376208064391
-0.0869943286366176
-0.0475349720882842
-0.084310017638156
-0.0530586051835345
-0.0911890342473329
0.0333383793472809
0.143801513040337
-0.0186427239833987
-0.0352797769575101
-0.003170131929295
-0.068315688762851
-0.100548205653358
0.00620982990292373
0.0137088874796239
-0.0235916821386835
-0.0154839292723817
-0.193608693057186
-0.19554820510847
-0.16541777126357
-0.0130869562570233
-0.0082930040387545
-0.0551493378081817
-0.0616616248616057
6.77588090380436
-0.126746693316178
0.0737485809130765
0.0353421514357511
0.196896030400373
0.108941401850869
0.108177695210743
-0.0631550110821018
0.087136107219107
-0.0260793931808352
-0.0541814719230833
0.172160679087308
0.0638090720493389
0.00492438532274479
-0.0689603019469423
0.164654067602827
-0.018616255605151
-0.067776938430165
0.10047826471592
0.175064275462978
-0.0529829866576484
0.125827978666003
-0.098763702087168
-0.177003779679534
0.128013234554993
-0.0630869550499768
0.0546559547623334
0.0315708866955489
-0.0115047274852011
0.00658601517160122
-0.102393200284417
-0.0565330786136259
-0.0966370545248012
0.0719716437540372
0.0343194737691279
0.0889924378063615
0.0261228740121384
0.0486105856916744
-0.0496994365097995
-0.0772608648006203
0.0169792042963742
0.12921172027104
-0.0877844995951085
-0.0216805324687917
-0.135119090316488
0.0835538749215042
-0.0470888466626335
-0.00586011692995164
0.077801509284442
-0.0628563318117334
-0.0322930081308586
0.0491531206369696
0.0360774996914143
0.0183686217962227
-0.0461550087236498
-0.0883761822449076
0.115306238733151
-0.100523625087759
0.0292495290707524
0.349633270157288
-0.21598865839079
-0.0551512238265497
0.181431003327661
0.156778827889281
-0.0149981095330898
-0.41310963574249
0.324327033774805
0.0554952734105609
-0.00336294807157953
-0.0490283588128313
0.116689985161148
0.0423119075375134
0.249408317639642
0.0692722140384896
1.01431569082933
-0.375396972491562
-0.287568995595484
0.287850664995379
-0.833291118327436
0.436086959213957
-0.291328920999535
-0.0471947071422131
-0.634423441459964
-0.145725899279041
0.693408316926855
0.803935728066483
-0.655039701400159
0.0309697493407604
0.614345934507443
0.209935728787556
-0.0100094523507596
1.01865973682159
-0.250069944135761
-1.13529678795078
-0.698465028048348
-0.00565784503491473
-0.378258975084292
-0.639466917078635
0.597374291003362
0.648824197000867
0.223404539198594
-0.952780719425907
0.220092628152731
0.504570888259679
-0.179546313564423
-0.744650283004584
0.0382060507098766
0.334
-0.733943288946076
-0.884990548157691
0.23718903684638
-0.219
-0.364877126049863
-0.772858222365208
-0.599877126049863
-0.208877126049863
0.94400945184231
-0.697
-0.939
0.045
0.314
0.658
-0.834
-0.54
-0.879
0.252
-0.471
-0.104
-0.673
0.004
-0.709
-0.45
-0.323
-0.316
0.745
-0.074
0.095
0.268
-0.096
0.877
0.374
0.611
0.291
0.555
0.952
-0.086
0.279
-0.755
0.771
0.501
-0.032
0.94
-0.918
-0.262
-0.507
0.531
0.959
-0.46
0.296
0.728
0.49
0.563
0.006
0.231
0.819
-0.414
-0.897
0.886
-0.594
0.408
0.63
-0.329
0.399
-0.817
0.671
0.702
-0.633
-0.389
-0.492
0.207
0.972
-0.716
0.124
-0.175
-0.965
-0.65
-0.532
0.938
-0.81
-0.786
-0.034
-0.446
0.972
0.175
-0.613
0.81
-0.395
-0.941
0.736
0.365
-0.19
0.393
0.839
-0.638
0.871
-0.703
-0.46
0.898
0.067
-0.209
0.163
0.348
-0.968
-0.911
0.755
0.205
-0.561
-0.82
0.196
0.468
-0.883
-0.835
0.695
-0.809
-0.558
0.076
-0.302
-0.777
0.796
0.861
0.097
-0.693
-0.126
0.142
-0.604
