-2.48348015563205
-1.33588846811111
-0.827419661806325
-1.13847637122003
-1.22116636129251
-0.58003970054038
-0.445126658126725
-0.565570892946291
-0.771899807627108
-1.4932778865653
-0.649816634993004
-0.24083364912124
-1.64902835350364
-0.172746695886316
0.311990549443444
-0.934011338958976
-0.310081287462077
0.0679810942921228
0.361257095820175
-0.273727783767061
-0.53877315517327
-0.48546502690595
0.0945009416936753
-0.159880906964302
-0.553839319577059
-0.701523624123421
-0.145198488947393
-0.264608697679149
-0.522559544146593
-0.305056711302993
-0.228202271038981
-0.627863897664739
-0.267945183084438
-0.236376177160835
-0.347531191849983
0.314839320624909
-0.212168242462011
-0.700661627466571
-0.434680527171348
-0.235077502810207
0.147336482951118
-0.389752360740104
0.16135349859349
0.107631380510954
-0.137266540576876
0.162992442715464
-0.420098303215628
-0.0965349702431635
-0.590756139962888
-0.129302455219583
-0.125920604020792
-0.338049147551691
0.285081289317781
-0.0417088871683355
0.304404531014973
-0.39352552111829
-0.00506616051031184
0.583973540769587
-0.399287330168168
-0.151786389433612
0.146444231992241
0.0605028329241332
0.69394517833744
0.00933837772845966
-0.205253312590459
0.0732741002056239
0.0271587852885783
0.201801516649914
-0.116858224477104
0.0413383762672262
-0.268920603199816
0.141612473155477
0.279032142605942
-0.0762627636841594
-0.20056143600622
0.0522551999201574
-0.18027788084712
0.236822303850229
0.130173909810851
0.593841207265129
0.585958412104915
-0.0638412137973725
0.382756145161175
0.391706987559542
0.0156105868091939
0.605026460406906
0.644332700394157
0.432553873822093
0.101839315321843
0.276705104247372
7.81701511901836
0.485805293230327
0.976650286570265
1.03482041490344
-0.0583175787592855
0.537069944259044
0.112939505337262
0.453708884803118
0.174550088785001
-0.479924387143667
-0.203769382743437
0.348650281481448
-0.168153116725022
0.31417202553444
0.579308129826969
-0.225850663050204
0.286746695464249
-0.0613478304417736
1.22288091332844
-0.335232512147482
0.156412099262727
-0.205924385134692
0.538338371103167
-0.0529187132085259
-0.788973532423174
0.499313803097253
-0.273300571337886
0.0822476426755844
-0.675466916236498
0.519776938365361
-0.454092631065476
-0.642689984859103
0.247221175996549
0.00827221263640818
0.665674853400643
0.732844990719341
0.265379960056904
-0.686223063348722
0.0167901682739091
-0.935606810347846
-0.830344049974877
1.19724385815456
-0.643398863997235
-0.300069946341286
-0.147947069938445
-0.199986769915351
0.718536862032665
1.00710019170699
0.13370510567113
-0.812555766875023
-0.600482043120236
0.199765592770221
0.55508128482738
-0.206035918607254
-0.857353499243305
0.813771265511792
-0.826548204180652
0.717139887422832
-0.272102079473944
0.162595460870449
0.547839320379121
0.163489605004821
-0.605
0.886531190786846
0.050255198464474
-0.629896030710531
-0.386
0.956317580038155
-0.176172023032896
1.08431758003813
0.723317580038156
0.754255198464474
0.51
0.085
-0.084
0.149
0.505
-0.333
-0.721
-0.132
0.489
-0.658
0.275
0.53
0.748
-0.18
0.975
-0.789
-0.471
-0.843
0.01
-0.489
-0.106
0.235
0.283
0.503
0.377
-0.328
-0.743
-0.206
-0.331
0.765
-0.182
0.318
-0.114
-0.59
-0.716
-0.713
-0.983
0.29
-0.816
0.722
0.519
-0.666
-0.593
0.09
0.558
-0.136
-0.923
-0.781
-0.811
-0.598
0.294
-0.488
-0.059
0.079
-0.151
-0.726
0.801
0.413
0.772
-0.167
-0.59
0.485
-0.802
0.724
0.524
0.957
-0.356
0.337
-0.464
0.688
-0.806
0.238
0.973
0.287
-0.009
-0.441
-0.172
-0.808
0.944
-0.488
-0.405
-0.963
-0.396
-0.734
-0.53
-0.694
-0.624
0.806
0.56
-0.991
-0.515
-0.397
0.518
0.351
0.311
-0.967
-0.865
-0.317
0.566
0.6
-0.78
-0.261
0.683
-0.499
-0.792
-0.944
-0.462
0.654
-0.913
-0.71
0.446
0.609
0.468
0.259
-0.763
-0.627
-0.12
0.932
