-1.35349527410202
-1.31282608695657
0.233911153119094
-0.833952741020781
-0.876812854442324
-1.25374669187156
-0.0579432892249533
-1.22283364839317
-0.520294896030231
-0.270020793950843
-0.266606805293005
-1.4680793950851
-1.07053497164461
0.11657088846881
-0.00939130434782313
0.311633270321366
-0.417875236294892
0.0294517958412103
-1.4568298676748
0.0978128544423457
-0.929672967863895
-0.155684310018904
-0.546166351606807
-0.635330812854433
-0.567546313799623
-1.23911531190921
0.316776937618159
-1.38215689981088
-0.582803402646493
-0.216111531190924
-0.207727788279771
-0.545947069943286
0.202952741020798
0.0626805293005678
0.164347826086963
-0.387217391304344
-1.21092060491492
-0.555495274102077
-0.491869565217391
-0.0324366729678615
0.113327032136109
0.104001890359169
0.47529489603025
-0.219718336483927
-0.697610586011336
-0.471283553875237
-0.321151228733457
0.385582230623824
-0.430168241965971
-0.717007561436667
-0.197907372400756
-0.375226843100185
-0.542865784499051
-0.365491493383742
-0.652672967863887
0.275251417769378
0.119446124763707
-1.00793950850661
0.410342155009453
0.624062381852556
-0.504415879017013
-0.379999999999999
-0.271882797731565
-1.2573969754253
0.621071833648396
0.604899810964084
-0.788289224952739
-0.39461247637051
0.691353497164464
-0.719527410207938
0.468206049149341
-0.967294896030245
-0.485822306238185
-0.679173913043475
-0.975871455576559
-0.618268431001889
0.19416257088847
0.379546313799623
-1.20567863894139
-1.1846370510397
-0.257810964083176
0.581478260869567
0.17277504725898
-0.449026465028354
-1.02298487712665
-0.674238185255197
-0.7786011342155
-0.12153686200378
0.248434782608696
0.83894706994329
0.684680529300567
0.808833648393196
0.406035916824197
0.0551455576559546
-0.441119092627598
-0.339376181474481
-0.136930056710774
0.893317580340265
0.50934404536862
-0.0529829867674857
-0.324826086956521
-0.3802797731569
-0.967451795841209
-0.723400756143667
-0.316593572778828
-0.15358034026465
-0.691444234404537
-0.632177693761815
-0.352340264650283
0.928206049149338
-0.807852551984877
0.823493383742911
-0.850465028355387
0.515056710775047
-0.0931342155009452
-0.00697164461247637
0.643294896030246
-0.585198487712665
0.910618147448015
0.516427221172023
0.641007561436673
0.365801512287335
0.361206049149338
0.806037807183365
-0.245
0.714610586011342
-0.276977315689981
0.528030245746692
0.76
0.431030245746692
0.625412098298677
0.366007561436673
-1.09157277882798
-0.070992438563327
0.289
-0.797190926275992
0.698213610586011
-0.281572778827977
0.718228733459357
0.0100302457466919
-1.10755765595463
0.898
-0.696
0.418
0.583
0.941
0.811
0.881
-0.891
0.684
0.022
-0.504
-0.988
0.957
0.4
0.401
0.276
-0.894
0.644
0.016
-0.888
-0.288
-0.379
0.192
-0.718
-0.069
0.83
0.22
-0.704
-0.226
0.282
-0.156
-0.398
-0.142
0.572
0.769
0.066
0.963
-0.648
-0.187
0.94
-0.081
0.522
-0.924
-0.487
0.17
0.38
-0.955
0.555
0.887
-0.043
0.639
0.168
-0.199
0.002
0.325
0.276
0.111
0.135
-0.348
-0.889
-0.41
0.585
0.334
-0.599
-0.823
0.894
0.153
-0.615
0.631
-0.665
0.313
0.753
-0.17
0.075
0.192
0.189
-0.455
-0.321
0.112
0.551
0.784
0.665
-0.592
0.817
0.643
0.676
0.8
0.856
-0.754
-0.508
0.955
-0.173
0.7
-0.298
0.349
0.333
-0.813
0.674
-0.665
0.276
-0.774
0.66
0.923
0.552
0.644
0.885
-0.662
0.725
0.809
-0.865
-0.269
-0.568
-0.977
0.101
-0.674
-0.075
0.177
0.517
-0.243
-0.499
-0.907
0.296
-0.862
0.139
-0.621
-0.515
-0.947
-0.872
0.726
0.859
0.001
-0.13
-0.656
0.835
0.324
-0.876
0.741
-0.145
-0.828
