-2.39069376181459
-0.778616257088827
0.953
-0.558400756143647
-1.04710775047255
-0.360400756143653
0.0888922495274205
-1.18245179584116
-0.139848771266529
-0.863215500945167
-0.326688090737237
-1.14227221172017
-0.114039697542527
0.518170132325147
-0.371948960302451
0.285257088846886
-0.535137996219284
-1.58297920604912
-0.313109640831754
0.14255198487713
-0.137827977315689
-0.370408317580338
-0.825086956521732
-0.480563327032136
0.146109640831762
-0.366359168241958
-0.324572778827971
-0.627026465028348
-0.861058601134209
-0.0799092627599224
-0.535979206049145
-0.471862003780714
-0.406003780718329
0.274060491493386
-1.31702646502833
-1.21024763705101
-0.41966351606805
-0.690604914933833
-0.625359168241959
-0.911183364839318
-1.63789035916823
-0.637614366729674
-1.71748960302455
-0.418843100189035
0.375748582230628
-0.563306238185249
-0.621419659735344
-0.0851361058601144
0.0559754253308167
-0.370249527410207
-0.441258979206045
0.528103969754255
-1.10413232514175
0.187109640831758
-1.28105293005665
-0.327051039697542
-1.12135349716442
-0.814546313799618
0.344166351606808
-0.833395085066161
-0.995712665406425
-0.773211720226837
-0.575173913043476
0.315714555765596
0.423181474480156
0.425837429111536
0.471616257088846
0.553298676748588
0.293553875236294
-0.231226843100191
0.558835538752365
-0.457482041587902
0.203533081285444
-0.0522646502835539
0.274716446124765
-0.691667296786388
-0.141158790170132
-0.876525519848769
-0.042094517958412
-0.184778827977315
-0.572026465028354
0.296480151228734
0.201686200378072
-0.794266540642722
-0.146211720226843
0.621644612476371
-0.0255746691871456
0.225884688090737
0.666117202268431
0.380007561436673
-0.985396975425331
-0.133945179584121
0.0507126654064272
-0.740034026465028
-0.85592438563327
0.60554820415879
-0.642780718336483
-0.500177693761814
-0.0102665406427221
-0.793
-0.20647258979206
0.349383742911153
-0.565890359168242
-0.581
0.21552741020794
-0.593
-0.590417769376181
0.0199111531190926
-0.742198487712665
0.832637051039698
0.984240075614367
-0.966
0.986
-0.222
-0.967
-0.081
0.251
-0.401
-0.229
-0.854
-0.257
-0.303
-0.99
-0.896
-0.036
-0.061
0.634
0.142
-0.116
0.81
-0.91
-0.451
0.18
-0.199
-0.906
0.106
-0.114
-0.172
0.011
-0.532
0.239
0.971
0.004
0.859
0.409
0.991
-0.12
-0.715
-0.766
0.234
-0.636
0.762
0.743
-0.135
0.463
-0.904
0.345
-0.668
0.455
-0.724
-0.227
0.268
-0.858
-0.547
0.744
0.447
-0.147
0.185
-0.317
-0.073
-0.967
-0.578
0.587
-0.698
-0.093
-0.228
0.693
-0.849
-0.306
-0.027
-0.942
0.348
-0.093
0.65
0.445
-0.672
-0.194
-0.685
0.337
0.997
0.76
-0.447
0.373
-0.266
0.695
0.97
0.828
-0.449
-0.886
0.962
0.137
0.695
0.601
0.307
0.2
0.941
-0.826
0.44
0.958
-0.309
-0.597
0.194
0.637
-0.519
-0.782
0.425
-0.64
-0.508
0.007
0.416
-0.36
-0.462
0.847
-0.314
0.167
0.479
0.049
-0.148
-0.394
-0.063
-0.057
0.142
-0.963
-0.268
0.835
-0.638
0.746
0.6
-0.551
0.503
-0.846
0.365
-0.644
-0.354
0.594
-0.434
-0.085
-0.109
-0.484
-0.73
0.609
0.336
0.543
-0.303
0.321
-0.401
0.847
-0.085
-0.86
0.721
-0.108
0.321
-0.166
0.021
0.748
0.26
0.157
-0.095
-0.354
0.855
0.678
-0.24
-0.957
0.503
0.262
0.274
-0.819
0.201
0.091
-0.4
