-1.76166729678628
-0.097310018903584
-0.859362948960302
0.345207939508523
-0.902765595463114
0.268119092627616
0.312960302457478
-1.24288657844985
-0.826928166351589
-0.964115311909249
-0.359408317580339
-0.752357277882789
-1.16914933837428
0.59525519848772
0.288567107750485
-0.0514480151228718
-0.994971644612469
-0.913616257088848
-1.16404914933832
-0.346463137996216
-0.433294896030247
-0.717077504725892
-1.11830434782607
-0.663621928166353
-0.982103969754251
0.182020793950859
0.0696483931947115
-0.820894139886573
-0.179672967863891
0.274168241965977
-1.33736483931947
0.209712665406433
0.00827410207939813
-0.251648393194707
-0.15005103969754
-1.20455387523627
-0.0640586011342132
0.190130434782614
-0.552888468809071
-0.746285444234397
-0.203839319470696
-1.02483742911153
0.553867674858226
-0.671782608695646
-0.824474480151221
-0.119096408317581
-1.1449149338374
0.138107750472591
-0.972151228733456
-0.398466918714555
-0.065637051039697
-0.721251417769373
0.382620037807185
-0.829296786389409
-0.878372400756137
0.394863894139892
0.0847391304347838
-0.00250661625708794
0.224759924385636
-0.69589981096408
-0.762776937618144
-0.366672967863892
-0.291001890359167
-0.125253308128542
-0.752931947069939
0.00880151228733574
0.196780718336487
-0.0711474480151229
-0.433805293005671
0.441136105860115
-1.14334404536861
-0.339638941398865
0.607081285444235
0.516546313799624
0.685353497164461
-0.565884688090737
-0.398544423440454
0.345483931947072
-0.891604914933837
-0.137109640831757
0.403022684310019
0.814283553875236
-0.732068052930055
-0.589389413988657
-0.540156899810964
0.465117202268431
0.907850661625711
0.111672967863896
-0.0164706994328923
0.523137996219282
-0.271389413988658
-1.02899810964083
-0.798807183364839
-0.708595463137996
-0.854964083175803
-0.668979206049149
0.486391304347827
-0.190971644612476
-0.740266540642722
0.280090737240076
0.865597353497166
0.122302457466919
-0.124684310018903
-0.455347826086956
-0.276389413988657
-0.683937618147448
-0.246156899810964
-0.958122873345935
-0.551567107750473
0.613733459357278
-0.101258979206049
0.803
-0.0324517958412098
-0.672684310018904
-0.0569168241965974
-0.54545179584121
-0.465
-0.559890359168242
-0.376684310018904
-0.0470264650283554
0.29754820415879
-0.734890359168242
0.986438563327032
0.0647410207939509
-0.107
-1.00523251417769
-0.42935538752363
0.479192816635161
0.501
0.460192816635161
0.108877126654064
0.87654820415879
0.193973534971645
-0.0724517958412098
0.191
-0.692342155009452
-0.00101323251417769
0.650973534971645
0.651083175803403
-0.898807183364839
-0.336930056710775
0.9
-0.325
0.417
-0.387
-0.039
0.063
0.888
0.328
0.741
0.804
0.077
-0.803
0.294
-0.965
0.651
0.167
0.785
0.706
-0.249
0.743
0.26
-0.444
0.001
-0.489
0.059
-0.425
-0.96
0.158
-0.34
0.447
-0.15
-0.245
-0.493
-0.73
0.406
0.592
-0.424
-0.501
0.931
-0.055
-0.289
-0.811
0.759
0.693
-0.953
0.689
0.933
-0.098
0.54
0.151
0.23
0.979
-0.065
-0.605
0.456
0.344
0.674
-0.094
0.553
-0.615
0.023
-0.271
-0.333
-0.707
-0.046
-0.679
0.69
0.023
-0.372
-0.942
-0.409
0.286
0.774
0.806
0.032
0.071
-0.204
0.308
-0.536
0.37
-0.358
0.137
0.618
0.508
-0.783
-0.129
0.82
-0.889
-0.186
-0.938
0.918
0.67
-0.055
0.546
0.922
0.981
0.521
0.465
-0.261
0.725
0.998
-0.091
-0.726
0.481
-0.44
0.944
-0.796
0.128
0.362
-0.616
-0.453
-0.634
-0.559
-0.817
0.743
0.885
0.111
0.159
-0.924
-0.918
-0.499
0.578
-0.791
-0.435
-0.86
-0.08
-0.66
-0.773
0.884
0.051
0.55
0.331
-0.432
-0.262
0.371
0.732
-0.137
-0.864
-0.052
