-1.29354631379958
-0.747727788279757
0.71037807183365
-1.53113421550105
-0.269374291115305
-0.261601134215496
0.121981096408327
-0.891665406427225
-0.365608695652168
-0.333517958412094
0.730387523629494
-0.79436105860113
-0.435446124763702
0.308281663516072
-1.16063137996213
-0.586657844990546
-1.39954064272214
-1.10116824196598
-0.0833327032136106
-0.75336105860113
-0.070531190926275
0.0822816635160693
-1.17881852551984
-0.255748582230622
0.129646502835544
-0.272903591682415
-1.19180340264649
-0.535270321361053
-1.04896786389412
-0.704270321361054
-0.845485822306233
-0.735586011342149
-0.7329281663516
-0.19040642722117
-1.27995463137997
0.108372400756148
-0.0254517958412077
-0.287251417769375
-1.14271644612474
-1.20656899810963
-1.38136105860112
-1.40578449905479
-0.0127637051039687
-1.01055765595462
-1.02954064272211
-0.369442344045367
0.306194706994332
-0.402107750472587
-0.890177693761811
0.305389413988659
0.298253308128548
-0.397415879017011
0.203918714555768
-0.387827977315689
-0.493459357277883
0.0783308128544449
-0.559457466918711
-1.03676370510396
-0.354597353497163
0.157538752362951
0.17589413988658
-0.852200378071831
0.516470699432893
-0.865497164461246
-0.569844990548203
0.107277882797733
-0.470223062381853
-0.971937618147447
0.389221172022686
-0.502517958412098
-0.388765595463137
0.246879017013233
-0.739697542533081
0.431364839319472
-0.67120415879017
0.297391304347827
-1.01937618147448
-0.72975236294896
-0.102862003780718
-0.560512287334593
0.527706994328923
-0.2013213610586
-0.564807183364838
0.29445368620038
0.352863894139887
-0.774684310018903
0.0973024574669187
0.710610586011343
-0.769253308128544
-0.0591361058601134
-0.0646843100189036
0.364336483931947
-0.812198487712665
-0.135793950850662
-0.314882797731569
0.830952741020794
-0.509211720226843
0.596117202268431
0.538493383742911
-0.0262873345935728
-0.683718336483932
0.83762381852552
0.933096408317581
0.759315689981097
-0.166958412098299
-0.551650283553875
-0.381725897920605
0.983801512287335
-0.50590359168242
0.659
0.386877126654064
-0.584958412098299
0.628480151228733
-0.657088846880907
0.715788279773157
-0.525485822306238
0.839206049149338
-0.675958412098299
-0.172519848771267
-0.66
-0.887
-0.11
0.82
-0.511
0.633
0.271
0.137
0.415
-0.216
-0.479
-0.183
-0.624
-0.238
0.947
-0.856
0.726
-0.133
-0.309
-0.497
-0.078
0.625
0.148
0.234
-0.425
0.57
-0.476
0.742
0.842
0.146
-0.78
0.995
-0.83
-0.23
0.206
-0.127
0.456
-0.964
0.462
-0.851
0.579
0.325
0.207
0.204
0.992
-0.159
0.026
0.671
0.706
-0.794
-0.988
0.625
0.169
0.839
0.931
-0.285
-0.036
0.656
0.245
-0.082
0.108
0.529
0.294
-0.731
-0.436
-0.475
-0.353
0.605
0.555
0.073
-0.313
0.689
0.404
-0.458
-0.077
0.596
-0.583
0.943
0.241
0.733
-0.456
-0.147
-0.965
0.636
0.133
-0.406
-0.174
-0.67
-0.161
-0.509
0.909
0.8
-0.209
-0.456
0.04
-0.951
-0.97
-0.062
-0.36
0.467
-0.806
0.421
-0.884
-0.367
0.518
-0.678
-0.779
-0.373
-0.084
-0.666
-0.703
0.02
-0.586
0.511
-0.626
-0.745
0.494
0.658
0.135
0.969
0.698
-0.683
-0.235
0.064
0.164
-0.114
-0.102
-0.14
0.501
-0.127
0.566
0.478
0.303
0.774
0.539
0.122
-0.264
0.401
-0.883
-0.189
-0.627
-0.802
0.413
-0.496
-0.807
-0.112
0.386
0.279
-0.831
-0.216
-0.445
-0.629
0.803
-0.33
0.768
0.876
-0.345
0.051
0.469
-0.369
0.424
