-0.00255009451795368
-0.654930056710762
0.536
-1.40820604914947
-0.743862003780699
-0.734206049149326
-0.819862003780699
-1.03177693761814
-1.18448960302446
-0.833319470699423
0.717852551984878
-0.891954631379953
-0.9044517958412
-0.339449905482039
0.333684310018911
-0.490945179584114
-0.816438563327029
-0.538272211720226
-1.07159735349715
-0.0232249527410194
-0.562574669187147
-1.02455576559545
-1.03602079395085
-0.797081285444235
-0.506444234404534
0.51704536862004
-0.802485822306229
-1.19312854442345
-0.470909262759921
-0.00374480151228411
-0.835105860113416
-0.80488846880907
0.418595463137999
-0.496147448015123
-1.25797920604913
-0.391612476370508
-0.910054820415872
-0.578729678638933
-0.0132362948960289
-0.866041587901697
0.0893100189035932
-1.10356521739131
0.435854442344052
-1.15505103969753
0.588413988657852
-0.989812854442343
-0.364455576559547
0.538155009451797
-0.239971644612475
0.592610586011346
-0.205814744801508
-0.425361058601136
-0.667190926275987
0.657077504725898
-0.18337240075614
0.352818525519849
-0.700249527410206
-0.146179584120981
-0.0430661625708888
-0.767051039697542
-0.815990548204157
-1.00627788279773
0.147544423440453
-0.218079395085064
-0.939194706994328
0.123402646502837
-0.250586011342153
0.624722117202267
-0.369805293005671
-0.343228733459358
-0.680661625708882
0.706943289224953
0.569899810964084
0.698035916824197
-0.929224952741019
-0.633867674858223
-0.761449905482042
-0.808190926275991
-0.548538752362949
-0.403264650283553
-0.170011342155008
-0.513136105860113
0.0600207939508506
-0.0795879017013233
-0.780026465028355
0.62569943289225
0.841981096408319
0.862179584120983
0.848850661625709
-0.755882797731569
-0.487258979206049
0.244631379962193
0.65951606805293
-0.0212325141776938
-0.97112854442344
0.301637051039698
-0.031882797731569
-0.0696559546313799
-0.980561436672967
-0.417786389413988
0.459733459357278
0.230521739130436
0.177754253308129
-0.794663516068053
0.441459357277883
0.161856332703214
0.216404536862004
-0.17430056710775
0.814981096408318
-0.473890359168242
0.399185255198488
-0.781
-0.491362948960302
-0.651671077504726
0.444020793950851
0.757637051039698
0.031
-0.69347258979206
-0.376671077504726
-0.460506616257089
0.415637051039698
-0.0574725897920605
0.831109640831758
-0.546814744801512
-0.752
0.126691871455577
-0.866088846880907
-0.33845179584121
0.671
-0.20345179584121
0.445219281663516
0.326637051039698
-0.813506616257089
0.905637051039698
0.206
0.638164461247637
0.306746691871456
-0.176506616257089
0.494020793950851
0.0765482041587902
-0.590232514177694
0.046
-0.959
0.37
-0.14
-0.659
-0.222
0.392
0.538
-0.673
-0.728
-0.311
-0.642
0.479
0.21
-0.463
0.441
-0.258
0.988
-0.673
0.027
-0.44
0.183
0.069
0.079
-0.919
-0.976
-0.397
0.147
0.812
-0.552
-0.801
-0.197
0.543
-0.875
-0.629
-0.098
-0.537
0.604
0.907
-0.648
-0.251
0.132
0.344
-0.467
-0.241
-0.029
-0.284
-0.303
-0.331
-0.8
-0.432
-0.157
0.175
-0.941
0.862
0.863
-0.029
-0.709
-0.221
-0.684
-0.825
-0.756
0.726
0.878
-0.927
0.886
-0.186
0.353
-0.162
0.634
-0.023
0.138
-0.919
0.975
-0.722
0.428
0.838
-0.464
-0.681
0.11
0.308
0.905
-0.522
0.611
0.88
0.355
0.627
0.484
-0.737
-0.492
0.93
-0.828
-0.175
0.59
-0.823
-0.496
0.406
0.466
-0.541
-0.127
-0.844
0.362
0.858
0.034
0.223
0.429
-0.239
0.2
0.78
-0.566
-0.976
-0.565
0.971
0.668
0.008
-0.731
0.766
-0.886
0.997
-0.282
-0.742
0.33
0.09
-0.67
0.704
-0.196
-0.687
-0.509
0.798
0.773
-0.979
-0.628
-0.924
0.446
-0.046
0.945
-0.954
0.443
-0.612
