-2.90320038217658
-1.26402835401061
-0.163724006617058
-0.277034029468633
-1.48476938533178
-1.26179773269414
-1.32029868377511
-0.783880907551315
0.344408321084355
-1.03366351429212
-0.0309640797596271
0.0403629498517965
-0.191274100883127
-0.155328921520489
0.0523724029680926
-0.0312003760725718
-0.0302570921608573
0.0716124751932225
-0.00075802876466151
-0.154396975028149
-0.240903593316103
-0.233792063543524
-0.234616255479226
-0.215200375186698
-0.122716444411857
0.00456899813711061
-0.0696068075296439
0.178608698827482
0.0975066150211635
-0.00461625720294157
-0.0230113403712885
-0.0448071855907707
-0.112247637745089
-0.0822268393721617
0.0283345934776713
-0.055035917270243
0.0343837440626077
-0.14239886496487
-0.00345368692291711
0.153646504580514
0.021077504870211
-0.362449906004233
-0.135349713953008
6.88913043515337
-0.125901702935595
0.0763780720828409
-0.0268676729900022
0.098603023976629
0.033773158532919
0.06593573086292
0.0953383741354568
0.106773156526101
0.0937296789940369
0.0298525505327993
0.0423232517628902
-0.0142173922127644
0.00148771234992317
-0.0121814751378906
-0.000969756392719624
-0.083100190047215
-0.0654026453136815
-0.0373837439808421
0.127591685187248
0.0219376191967523
-0.0230415878855362
0.0758865782006457
-0.0980037820999932
0.172238187654335
0.0699281641227512
0.00905482122853098
-0.054674855134378
0.0338809064660847
-0.0384574681419172
0.0370340269974116
0.0221625708758037
-0.0575727784321859
0.0886086937607107
0.0295538788362281
-0.0353364845580031
0.0129092619958076
0.0304442352812964
-0.073085066650641
0.108965973908882
0.0754669194673592
-0.148631379139087
-0.0125897893535114
-0.0653875237745275
0.027977316483611
-0.136655955871403
0.140039696189932
0.0369943288978398
-0.00707372613149144
-0.152400755923868
0.00837996509561458
0.047207941891563
0.086478258980933
-0.148555765632036
-0.188478260467333
-0.134763706339943
0.131529300628341
0.426311911141841
-0.0233572795053193
0.0586370485890932
0.109824194489749
-0.0146446124355344
-0.013597353223213
0.241962191348461
0.205986765864017
-0.152234403479237
-0.0490245772691332
-0.0144045378007207
0.0581342183839901
0.356378070640923
-0.849275998255428
0.0299338378058693
-0.215190926764788
-0.554911154157228
0.58761625436486
-0.368190923845016
0.511476374089903
0.458705103941691
-0.279958411482854
-0.510867679285509
-0.136463141698936
-1.26929867936573
0.606793951906245
-0.287780717194956
0.0471606857757082
1.05849338823207
-1.16087334620223
0.404538754743196
-0.118714555400078
0.478637049193215
0.731330817735343
-0.623287332468906
-0.366149335181459
-0.247986769022393
0.346960304939915
-0.233431002139701
0.150315687275523
0.406451797282726
0.59596975399279
0.462631380984048
-1.10540075547093
-0.889561436023709
0.239115311323359
-0.561285443683005
-0.817775047025182
-0.35175236218139
0.772362948347639
-0.790990547468969
0.212882799624485
0.916
0.840527410385402
-0.328412098269103
-0.745241965381995
0.941
-0.0573572774982968
0.336818525963505
0.485642722501703
-0.942357277498299
-0.933412098269099
-0.545
-0.421
0.684
-0.881
-0.624
-0.776
-0.238
-0.294
0.03
0.565
-0.555
-0.41
-0.099
0.453
-0.445
-0.248
0.091
-0.744
0.215
-0.203
0.724
0.921
0.857
-0.816
0.609
0.789
-0.349
0.641
-0.408
-0.617
0.81
0.839
0.455
0.747
0.286
0.204
-0.543
-0.702
0.522
-0.879
0.43
0.981
-0.261
-0.411
-0.311
0.325
-0.01
0.227
0.867
0.189
0.96
0.207
-0.62
0.369
-0.65
-0.467
-0.279
0.5
-0.49
-0.414
0.573
0.121
-0.886
-0.353
0.754
-0.395
0.135
0.154
-0.834
0.35
-0.705
-0.208
-0.267
0.094
0.366
0.743
0.182
0.268
0.494
-0.716
-0.201
0.424
0.773
0.402
-0.578
-0.398
0.459
-0.915
0.396
-0.247
-0.518
-0.043
0.788
-0.065
-0.452
-0.691
0.867
-0.908
-0.166
-0.917
-0.81
0.835
0.06
-0.484
-0.107
0.168
-0.527
0.286
-0.998
-0.393
0.351
0.453
-0.995
-0.775
0.787
-0.852
0.347
-0.289
