-2.19218336483916
-0.348803402646488
0.804939508506618
-1.04995652173914
0.210899810964101
-0.197018903591669
-0.912689981096376
0.00766540642721885
-0.229102079395071
-0.21270321361058
-0.771361058601128
-0.892052930056696
-1.04193005671076
-1.12251417769374
-0.0466257088846811
-1.42582230623818
-0.253580340264649
-0.551546313799618
0.108756143667306
-0.163221172022681
-1.00444423440453
-0.278204158790166
-0.111542533081285
-0.933788279773149
-1.09537429111528
-0.725584120982976
0.502198487712676
-0.678304347826082
0.270810964083185
-0.361822306238178
0.310669187145563
0.00725141776938302
0.048920604914943
-0.103761814744802
-0.307351606805288
-0.65323062381852
-0.891693761814737
-0.313035916824192
-0.815676748582224
-0.50089981096408
-0.0982287334593572
-1.23882608695654
-1.0311606805293
0.164973534971648
-0.904172022684301
-1.10199999999999
-1.52039508506615
-0.267846880907367
-1.02297164461247
-0.748007561436667
0.12524196597354
-0.669873345935725
-0.158465028355385
0.112438563327034
-1.11365406427218
-0.17390359168242
0.735328922495278
-0.173425330812855
-1.0623327032136
-0.793194706994325
0.408950850661628
-0.0269187145557653
0.487272211720231
-0.775597353497162
0.374493383742914
-0.445436672967861
0.0901625708884697
0.0126275992438558
-0.160153119092627
-0.550822306238183
0.31889603024575
-0.970790170132323
-0.604489603024574
-0.301969754253307
-0.894442344045368
-0.985844990548203
-0.198894139886578
0.514544423440454
-0.910996219281665
-0.837947069943289
-0.202408317580341
-0.132601134215501
-0.302780718336485
0.333090737240077
0.618268431001891
0.25269943289225
-0.497854442344044
-0.52665595463138
0.506584120982987
-1.01677315689981
-0.0955538752362949
0.421563327032137
0.26483742911153
-0.636431001890359
0.20304347826087
-0.904485822306238
-0.355642722117202
0.870618147448016
-0.709574669187145
0.632474480151229
0.0837750472589793
-0.157841209829867
-0.962608695652173
0.513618147448015
-0.0797183364839319
0.250568998109641
-0.842321361058601
-0.715190926275993
0.0848034026465029
0.835328922495274
-0.855444234404537
-0.646
-0.182088846880907
0.682986767485822
0.428062381852552
-0.318088846880907
-0.512
-0.723417769376181
-0.263013232514178
-0.675519848771267
-0.707088846880907
-0.259417769376182
0.587328922495274
-0.0484442344045369
0.747
-0.96992438563327
-0.165266540642722
-0.88535538752363
0.511
-0.93135538752363
0.474657844990548
-0.0260888468809074
0.295480151228733
-0.481088846880907
0.22
-1.00250661625709
-0.156759924385633
0.0984801512287335
-0.583937618147448
-0.63135538752363
0.0643024574669187
-0.751
0.372
0.735
0.833
-0.417
-0.342
0.631
-0.073
-0.399
0.624
-0.593
0.178
0.964
0.4
-0.62
0.294
0.082
0.829
-0.089
-0.588
-0.965
-0.195
0.062
-0.645
0.198
0.033
-0.702
-0.521
0.448
0.832
0.364
0.834
-0.644
0.246
-0.949
0.37
0.858
0.153
0.163
0.381
0.225
0.215
-0.091
-0.528
0.079
0.802
0.356
0.125
-0.161
-0.288
0.773
0.295
0.531
0.985
0.069
0.444
-0.691
0.38
-0.366
0.55
-0.64
0.151
0.478
-0.232
-0.741
-0.428
-0.178
-0.282
0.349
0.01
0.436
0.928
-0.335
0.53
0.186
-0.181
0.895
-0.411
0.276
0.395
0.677
0.173
0.64
-0.264
-0.941
-0.931
-0.698
-0.629
-0.823
-0.394
0.06
-0.522
-0.482
0.612
0.021
-0.927
0.737
-0.859
-0.788
-0.494
-0.02
-0.363
0.775
0.829
0.275
0.844
-0.371
-0.999
-0.202
-0.751
0.548
0.72
-0.896
0.239
0.873
0.186
0.511
-0.259
-0.291
-0.81
-0.731
-0.55
-0.459
-0.258
0.949
-0.042
0.409
0.053
-0.492
0.112
0.081
0.754
-0.623
-0.231
-0.586
0.039
0.397
0.811
0.46
