-2.858427221169
-0.718601134215065
0.723773156899819
-1.10624952741083
-1.06373724007545
-2.05963516068435
-0.954230623818191
-1.07546502835465
-0.928801512286748
-2.56146691871458
-0.0533062381851957
-0.491068052929741
-0.566708884688133
-0.505763705103912
0.150678638941535
-0.3366880907372
-0.168164461247629
-0.353909262759897
-0.235678638941241
-0.115924385633309
0.206708884688185
-0.258068052930102
-0.735720226842941
-0.375646502835346
-0.264047258979166
-0.202453686200263
-0.102718336483836
0.322124763705191
0.138671077504863
0.271767485822394
0.130455576559648
-0.100158790170019
0.106073724007634
-0.246599243856251
-0.370688090737111
0.241234404536977
0.183506616257193
0.0585293005673499
0.051578449905545
0.212349716446218
-0.241223062381795
-0.0125066162570136
0.0996313799622607
-0.313880907372308
-0.16261625708871
-0.00123440453678622
-0.47243100189028
0.160202268431059
0.21821172022695
0.0929829867675456
0.0994310018904546
-0.214275992438454
-0.0115614366728943
-0.038867674858149
-0.0588336483931193
0.303177693761918
0.233510396975482
0.110761814744855
-0.429158790170009
0.101854442344129
-0.0372570888467957
0.0393345935728372
-0.00672400756135997
0.264877126654153
0.027831758034083
0.177759924385723
-0.06311531190922
0.0943516068053731
0.220729678639062
0.0232835538752763
0.388540642722187
0.193438563327141
0.137990548204199
0.616661625708931
8.36768241965989
1.26074858223069
1.23303780718346
0.424096408317608
0.828975425330816
0.14119659735353
0.382398865784519
0.540427221172091
0.0301342155009156
0.179376181474442
-0.376867674858211
-0.155795841209833
0.447264650283584
-0.0829017013232443
-0.576289224952728
0.167344045368625
-0.60197164461246
0.223028355387541
0.0836238185255264
0.369856332703221
0.480703213610597
-0.278194706994331
-0.45905103969751
0.100767485822311
0.451293005671082
0.0414215500945355
0.611502835538745
0.169984877126679
0.329359168241978
-0.766846880907379
0.276221172022688
-0.0841379962192844
0.153349716446125
0.280512287334591
0.0881965973534999
0.843406427221182
0.0748657844990492
-0.241625708884679
-0.0944499054820451
-0.840258979206038
-0.396856332703212
0.984642722117207
0.0299395085066216
0.568098298676747
-0.471258979206045
0.424648393194706
0.305637051039705
-0.167886578449905
0.491001890359164
0.446107750472586
0.0264839319470705
-0.724846880907366
0.579096408317578
0.625412098298676
-0.368767485822303
0.711094517958402
0.0988166351606792
-1.19098109640831
-0.305134215500953
0.124928166351604
-0.269982986767482
0.159429111531192
0.44310964083176
0.394807183364834
0.571869565217389
-0.69779395085066
-0.298330812854443
-0.310618147448016
-0.349264650283554
0.180965973534972
-0.425480151228733
-0.658132325141775
0.61710018903592
0.632240075614364
-1.42474102079396
0.615098298676745
0.315684310018905
-0.715767485822307
0.287
-0.234697542533081
-0.386616257088847
-0.389325141776938
-0.442
-0.0260113421550095
0.0327561436672968
0.898988657844991
0.694988657844991
-0.755616257088846
0.111
0.603
0.772
0.677
0.123
-0.77
0.606
0.775
0.999
0.715
-0.905
0.503
0.213
0.931
0.731
0.37
0.33
-0.573
-0.661
0.453
0.139
-0.585
-0.383
-0.116
-0.039
0.491
-0.867
0.858
-0.486
-0.365
-0.526
0.825
-0.208
-0.374
0.766
0.387
0.916
0.622
0.639
0.544
-0.961
-0.747
0.953
0.578
-0.825
0.784
0.591
-0.312
0.011
0.187
0.729
-0.296
0.646
-0.672
0.112
-0.305
-0.015
-0.112
-0.285
0.632
-0.904
0.747
0.26
0.364
0.24
-0.73
-0.29
-0.413
-0.835
-0.657
0.454
0.708
-0.212
-0.205
0.414
-0.115
-0.539
0.039
-0.292
0.176
0.9
0.444
-0.154
0.326
-0.095
0.77
-0.822
-0.536
0.513
0.07
-0.599
0.028
-0.094
-0.993
0.447
-0.709
-0.008
-0.411
-0.663
0.904
0.073
0.004
-0.477
-0.332
0.733
-0.979
0.916
-0.15
-0.086
-0.774
-0.767
0.946
-0.821
0.538
0.731
-0.349
-0.1
0.933
