-3.38451796682452
-2.1958052981915
-0.808506617835855
-1.04070321656356
-0.972245749128628
-0.508977321818058
-0.644979211273716
-0.774243852537601
-1.28143856678038
-1.8355557718781
-0.271395081346458
-0.830291112694423
-0.440156896877901
-0.563147447317591
0.137207936996501
0.0680094538796043
0.048827977763578
0.0120415858425068
-0.0451115271086119
0.178000001822825
0.0861550086350091
-0.157149333038018
-0.576304341524063
-0.305459356323411
-0.122051035299547
-0.133262748313734
0.0227240074734785
0.0425841274625855
0.198086960571015
-0.139531185940294
-0.0132249520914097
-0.506068051102828
-0.237799621861995
-0.309928164712684
0.0456956551971871
0.173623819264245
0.0383742980068827
0.0202854418558614
0.0517088857889018
0.218255194244862
-0.10177126353391
-0.117916820319446
-0.0290283554994641
-0.136111529313305
-0.0139357301346553
0.0794990534612755
0.067069942147146
-0.127964077070607
0.106553874908566
-0.169557654728807
0.0446389422974907
-0.0475330783794233
-0.221068056687675
0.0625349759012686
0.168083170937722
0.0472930087415953
0.149725898809728
0.0746937582937172
-0.00121360848943825
-0.0358166352070102
-0.315499047127734
0.0882873318072588
0.189948959708155
0.0669300580206457
0.00700945245708179
0.0987561427958562
0.0608638969322836
-0.0531096446125841
0.0649754291097539
0.244207943468703
0.0302419661263528
0.312001888896634
0.0247391254892094
-0.232931953312255
0.234213607081989
0.327228730002079
-0.134737240777212
0.132869564897895
8.11107560564482
0.847741022834783
0.765302454116401
0.815149338026755
0.280540642213917
0.540565214467059
0.199194708293596
0.345508501772173
0.164425327053146
0.0196559504490985
-0.119504730685218
0.386257087924252
0.207727793531086
0.227527410003927
0.171727785565296
0.393763707694795
-0.434826088309973
-0.200841208316704
0.263487716271741
-0.417461245680818
0.251058601591033
0.485977319038833
-0.149890359662577
0.125567105913128
0.175956516527962
-0.568190927873273
0.857328926454909
-0.364345938936954
-0.282771267909581
0.363234407405724
-0.182217400531644
-0.658775052815978
0.260236291496113
-0.0419810963653669
0.412287331416838
0.0814253257756314
-0.42948204318859
-0.0396275991079417
-0.125862007441924
-0.48218525172455
-0.280846875998346
0.799260871348944
-0.772434776047753
-0.976379966901918
0.800043478101088
0.780325139999528
-0.36858412493655
0.173933836662945
0.301561437779281
-0.871442344412931
-0.209266538461106
-1.51996219860649
0.960803402943628
-1.05357088843359
-0.211533087184622
0.628162574801053
-0.273635160525609
0.445548208857304
0.673495276540825
-0.0804744815004998
0.456952740110923
0.424638939845447
-0.284015124526827
0.450616255659267
0.680126654645254
0.48113421477841
-0.249270321165298
-0.618958412700407
0.301858222857426
-0.184319470539563
-0.28663137878123
-1.065669188766
0.455455576229977
-0.844119093396599
-0.887
0.949151228733459
-1.00330812854442
-0.99516257088847
-0.113
-0.252005671077504
0.752378071833649
0.334994328922496
-1.02900567107751
-0.971308128544422
-0.744
0.497
0.942
0.326
0.266
0.163
0.238
-0.105
0.552
0.985
-0.102
-0.014
-0.569
-0.411
0.551
0.731
-0.536
-0.564
0.706
0.739
0.84
-0.722
-0.074
0.826
0.995
0.687
-0.538
-0.529
0.868
-0.465
0.398
0.804
0.581
0.181
0.437
-0.819
-0.962
-0.993
0.508
-0.811
0.341
0.698
-0.068
0.398
0.11
0.127
0.537
0.411
-0.481
0.155
-0.673
0.365
0.671
-0.725
-0.808
0.978
-0.429
-0.884
0.331
0.578
-0.299
-0.233
0.027
0.016
-0.414
0.094
0.404
0.249
0.151
0.37
0.693
-0.544
-0.072
0.517
-0.602
-0.858
0.346
0.527
-0.285
-0.132
-0.85
0.05
0.952
-0.288
-0.792
-0.967
-0.868
0.306
-0.011
0.459
0.609
0.921
-0.324
0.93
0.488
-0.426
-0.33
0.915
-0.188
-0.984
0.722
-0.712
-0.741
0.148
0.462
0.87
-0.563
-0.846
0.877
-0.95
-0.369
0.044
0.4
-0.538
0.428
0.65
-0.186
-0.685
