-0.842137996219268
-0.819431001890339
0.945185255198488
-1.26425708884702
-1.07062003780714
-1.27670132325156
-0.302990548204152
0.215128544423436
-1.84406427221164
-0.953090737240066
-1.10068431001889
-0.775345935727776
-0.378869565217385
0.478120982986777
-0.753603024574657
0.505916824196602
-1.55261814744802
-0.0429319470699401
-0.303291115311913
-1.33148960302447
-0.519546313799626
-1.45951795841206
-0.986742911153111
0.138219281663517
0.138657844990554
-1.18503780718333
-0.525196597353488
0.308954631379968
-1.57486578449904
-0.126589792060488
0.135555765595466
-0.688567107750467
-1.27890737240072
-0.767858223062375
0.148018903591692
-0.919644612476364
-1.00025519848771
0.164695652173914
-0.532468809073718
-0.438809073724006
-1.23561814744799
-0.922771266540641
-0.439788279773155
0.37246880907373
-1.075606805293
0.316882797731574
0.217797731569003
-1.37127410207937
-0.131442344045369
-0.0159943289224921
-1.06346313799619
0.55187334593573
-0.232693761814744
-1.24997731568997
-1.01208695652175
0.44388468809074
-0.801497164461246
-1.3221058601134
-0.348621928166351
-0.0509886578449905
0.401086956521742
-0.356801512287334
0.391073724007562
-0.640497164461244
-0.342899810964082
-0.113495274102078
-0.212466918714555
-0.585491493383742
-1.00454631379962
-0.626964083175801
-0.0467580340264651
-0.741888468809071
-0.239724007561437
-0.508621928166351
0.549631379962193
-0.456943289224954
-0.217799621928167
-0.144710775047259
0.332446124763707
0.804761814744802
-0.196368620037808
-0.388381852551985
-0.346937618147448
-0.397245746691872
0.261015122873346
0.957446124763706
-0.871334593572778
-1.00771833648394
-0.419814744801512
-0.915431001890358
-1.01937618147448
-0.143177693761814
-0.164903591682419
0.718897920604915
0.45352741020794
0.541315689981097
-0.174903591682419
-0.184451795841209
-0.340869565217391
0.444788279773157
-0.466451795841209
0.351911153119093
-0.687616257088846
-0.218088846880907
-0.604869565217391
0.945856332703214
0.0916918714555765
-0.601198487712665
-0.520835538752363
0.696274102079396
-0.13090359168242
0.626240075614367
-0.31145179584121
0.0862192816635161
-0.489362948960302
-0.099
-0.794362948960302
0.19852741020794
0.140493383742911
0.0635482041587902
-0.111780718336484
0.208240075614367
0.883
0.952
-0.567
-0.836
0.475
0.09
0.087
-0.969
0.769
-0.979
-0.758
0.898
0.317
0.49
-0.645
0.89
-0.774
0.36
-0.104
0.762
0.54
-0.109
0.214
-0.64
-0.828
0.764
0.229
-0.447
0.355
0.644
0.675
0.597
-0.426
0.321
0.476
-0.634
-0.645
-0.758
-0.523
-0.996
0.317
-0.549
0.931
-0.134
0.397
-0.201
0.772
0.023
-0.455
-0.683
-0.028
0.789
-0.824
0.13
0.68
-0.009
-0.263
-0.927
0.991
0.71
0.861
-0.467
-0.325
-0.875
-0.654
-0.355
0.324
0.995
-0.987
0.989
0.535
0.984
-0.117
-0.108
-0.555
0.089
-0.04
-0.652
-0.038
0.373
0.992
-0.794
-0.993
0.038
-0.329
0.886
0.42
0.444
0.64
-0.516
0.628
-0.719
-0.749
-0.233
-0.857
-0.217
0.775
0.806
-0.481
-0.248
0.475
0.776
0.009
-0.444
-0.218
-0.012
-0.094
0.284
-0.316
-0.409
-0.969
-0.611
0.11
-0.382
0.718
0.654
-0.475
0.637
0.453
-0.54
0.224
0.879
-0.645
0.529
-0.64
0.253
0.733
-0.885
-0.251
0.661
0.313
0.153
0.828
-0.79
0.897
-0.785
0.196
0.451
-0.745
0.683
-0.021
-0.865
-0.241
0.049
-0.548
0.239
0.171
0.632
0.049
-0.512
-0.743
-0.863
-0.648
-0.941
0.528
0.595
0.421
0.48
