-2.26959168241952
-1.42126465028366
0.522922495274105
0.134468809073737
0.807463137996238
-0.0970075614366651
0.136597353497171
-0.225105860113422
-0.736812854442324
-0.493446124763701
-0.0012079395085055
-1.70015879017018
0.392056710775056
-0.941334593572775
-1.22491871455567
-0.781775047258969
-0.32877693761815
0.126415879017015
-0.674984877126647
-1.06734215500938
-0.577722117202266
-0.628440453686194
-0.952145557655951
-0.35942722117202
-1.34468052930047
0.179918714555775
-0.957071833648388
-0.457941398865775
-1.14852741020789
0.102173913043485
-1.27675992438563
-0.91617580340264
-0.462453686200373
-0.0470132325141756
-0.376555765595455
-0.450338374291111
-0.236018903591678
-0.595266540642718
-0.364710775047254
-0.603156899810963
-1.13875803402645
-0.0632778827977317
-0.690795841209825
0.0424782608695672
-0.280899810964078
-0.923315689981091
0.368831758034031
-1.38603024574667
0.102500945179587
-0.637240075614366
-1.2157013232514
-1.11256899810965
-0.903035916824193
-0.255011342155006
0.423444234404538
0.0303988657844994
0.393302457466921
-0.901676748582227
0.569886578449907
0.740438563327035
0.00703969754253374
-0.901207939508504
-0.672568998109638
-0.297398865784498
-0.21910396975425
-0.370003780718335
0.0170207939508508
-0.631400756143666
-0.17583742911153
-0.0671134215500947
-0.257003780718334
-0.302563327032133
-0.298625708884686
-0.874285444234402
0.626236294896031
0.357429111531194
0.615758034026466
0.376304347826089
0.820283553875239
0.662701323251418
0.874413988657846
-0.882060491493382
0.439502835538755
-1.05665595463138
0.66517391304348
-0.680258979206047
-0.946032136105861
0.808570888468811
0.520981096408319
0.928584120982987
0.493788279773158
-0.0971568998109641
-0.260671077504726
-0.057890359168242
0.464
-0.822198487712665
-0.0226162570888469
-0.891088846880907
-0.747869565217391
-0.616
0.0175482041587902
0.482219281663516
0.248637051039698
-0.656
0.743109640831758
0.295746691871456
0.253164461247637
-0.923835538752363
0.327637051039698
-0.641506616257089
0.551637051039698
-0.808616257088847
-0.274417769376182
-0.834362948960302
-0.999759924385633
0.045
-0.285
-0.442
0.13
-0.381
-0.39
0.379
-0.091
0.009
0.526
0.929
-0.86
0.919
-0.257
0.567
-0.465
0.667
0.222
0.535
-0.266
-0.501
-0.091
0.199
-0.744
-0.537
0.11
-0.948
-0.434
0.214
-0.556
0.317
-0.802
-0.423
-0.07
-0.582
0.468
-0.574
-0.015
0.644
0.773
0.648
-0.424
-0.758
-0.183
0.815
0.159
0.337
0.336
0.762
0.832
0.886
-0.025
0.192
0.434
0.514
-0.864
0.516
-0.698
-0.333
0.508
-0.442
-0.188
0.695
-0.436
-0.792
0.73
0.563
-0.012
-0.676
-0.901
-0.891
-0.318
0.578
0.761
0.085
0.922
-0.333
-0.619
-0.56
0.303
0.773
-0.284
-0.196
0.381
-0.443
-0.659
0.006
0.142
0.416
-0.718
0.951
-0.876
-0.682
-0.865
0.214
-0.165
-0.12
0.677
-0.392
-0.916
0.595
-0.652
0.011
0.663
0.723
0.204
0.397
0.43
-0.652
0.591
0.469
0.134
0.861
0.363
0.735
0.842
-0.992
-0.686
-0.994
0.867
-0.276
-0.579
0.572
-0.959
-0.853
0.984
-0.637
0.442
-0.454
-0.751
0.042
-0.011
0.772
-0.645
0.708
0.424
0.704
0.141
0.658
0.353
-0.056
0.575
-0.207
0.824
-0.187
-0.184
-0.738
-0.046
-0.601
0.372
-0.173
-0.434
0.67
-0.259
0.36
0.174
-0.224
-0.031
0.515
0.738
-0.16
0.955
-0.117
-0.901
-0.451
