-0.97917580378995
-1.14916635183914
-0.520909262759923
-0.410540642923503
-0.726536862019242
-0.0875897922618834
-0.99878449907028
-1.20758412098295
-1.02325519862706
-1.31918714585212
-0.865555765595454
-0.923589792370328
0.0429754249744908
0.38821550080576
-0.990829867721326
0.59690737232331
-0.532489603024576
-1.34337618178441
-1.11012476382894
-1.22403213618318
-0.211213610586009
-1.0706691873469
-0.645145557671438
0.47258034004775
-0.431523629489595
-0.591875236682208
-1.09989035940054
-0.727143667622122
-0.576880907372392
-0.174495274117564
-1.20570699460768
-0.502310018981045
0.416141776519329
-0.0304026465028346
-0.265151228733453
-0.394880907372392
-1.31973534971644
-0.825107750472586
-0.68072211720226
-0.117510396975423
-0.837232514177688
-0.864281663516067
-0.7439281663516
0.142984877126656
0.191011342155012
-0.525147448015115
-0.60188846880907
-0.411882797731567
-0.60625330812854
-1.19015122873346
0.21441209829868
-0.292376181474478
-1.00682419659735
-1.0424102079395
-1.03878827977315
-0.064327032136106
0.237378071833653
-1.07946124763706
-0.726370510396976
-0.0433572778827978
0.178408317580343
0.104068052930058
-0.512137996219282
-0.17031001890359
0.582684310018904
0.276113421550097
-0.114495274102079
-0.857340264650282
-0.758826086956519
0.268701323251418
0.266359168241967
-0.260839319470698
0.549538752362949
0.0652703213610583
0.049818525519849
-0.486818525519849
0.116359168241967
0.797030245746693
-0.714272211720227
-0.960251417769375
-0.792971644612476
-0.0140945179584121
-0.984217391304346
0.437466918714557
0.859714555765595
0.798672967863894
-0.26680718336484
0.695453686200378
0.0495009451795842
-0.822807183364838
0.643733459357279
-1.01726654064272
0.968788279773158
0.514336483931948
0.912020793950851
0.55822684310019
-0.857814744801511
-0.913465028355387
0.492192816635162
-0.824759924385633
0.768404536862004
-0.256362948960302
0.0156030245746692
0.273911153119093
-0.358211720226842
-0.115540642722117
0.246931947069944
-0.0262533081285445
0.0415141776937617
0.784931947069944
-0.989814744801512
0.600500945179585
-0.769780718336484
-0.615362948960302
-0.076
-0.712979206049149
0.25552741020794
0.216746691871456
0.071109640831758
0.948
-0.355
0.296383742911153
0.131911153119093
-0.884561436672968
0.698637051039698
0.356349716446125
-0.138
-0.836725897920605
0.25107561436673
0.578020793950851
-0.52745179584121
0.113
-0.632835538752363
-0.845088846880907
-0.68192438563327
0.488383742911153
-0.992890359168242
-0.201
-0.192088846880907
0.0323837429111531
-0.403362948960303
0.778767485822306
-0.304
0.282
-0.808
-0.97
0.77
0.604
-0.379
0.624
-0.669
-0.067
0.039
0.582
0.542
-0.519
0.607
-0.097
0.58
0.293
-0.962
0.094
0.717
0.471
0.319
-0.091
0.264
-0.928
-0.942
0.428
-0.713
-0.543
-0.595
-0.967
0.348
-0.148
-0.394
0.857
0.93
0.671
0.601
0.258
0.546
0.636
0.256
0.549
-0.927
-0.212
-0.381
0.847
0.887
0.105
0.219
0.522
0
0.504
-0.925
0.224
0.962
0.283
-0.235
0.697
0.546
0.192
0.337
0.874
-0.473
0.006
-0.767
-0.311
0.874
0.75
-0.027
0.909
0.692
-0.22
0.548
-0.919
-0.785
0.769
-0.165
-0.524
0.452
-0.789
0.541
0.181
0.237
-0.117
0.032
0.844
-0.223
0.382
0.894
-0.353
-0.095
0.903
0.712
-0.647
-0.701
0.381
0.022
0.067
-0.446
0.929
0.972
-0.864
-0.868
0.31
0.83
-0.78
0.955
0.994
0.009
-0.807
-0.553
-0.711
-0.756
0.334
0.651
-0.845
-0.364
0.644
0.973
-0.611
0.912
-0.509
0.856
-0.675
0.003
0.788
0.068
0.195
0.781
-0.167
-0.253
0.768
0.921
0.523
-0.762
0.404
