-1.47856899810838
-0.705440453685992
0.488317580340275
-1.46451228733509
0.072313799622043
-1.63562570888634
0.192548204158833
-0.873610586011388
-0.496028355387409
-0.746620037807034
0.209877126654111
-0.874230623818365
-0.899778827977228
-0.466113421549966
-0.340973534971554
-0.334638941398761
-0.841270321361103
-0.443621928166355
-0.89836294896016
-0.695676748581879
-1.98458790170056
-0.388457466918734
-0.516553875236318
-0.610230623818219
-0.538143667296761
-0.348147448015036
-0.159589792060425
-0.756797731568958
0.0943572778828878
-0.715534971644512
-0.777776937618061
-1.13997731568977
-0.336130434782567
-0.571102079395012
-0.305822306238106
0.0682268431002228
0.0176370510398111
-0.330665406427149
-0.465166351606749
-0.29012476370506
0.0480000000000551
-0.241168241965903
-0.483943289224886
0.425451795841283
0.396336483932034
-0.138958412098269
-0.57539886578444
0.567595463138027
-0.0519716446124192
0.119746691871492
-0.405400756143606
0.0335916824197233
-0.030204158790125
0.0260548204159136
0.439689981096513
0.256241965973561
-0.355765595463084
-0.525797731568889
-1.23213421550086
-0.497835538752314
-0.281801512287231
-0.617344045368582
0.106646502835576
-0.00875425330810955
-0.0756483931946584
-0.759368620037772
0.173092627599292
0.0139508506616597
-0.337094517958388
-0.117612476370488
0.444455576559581
-0.0489395085065752
0.318748582230677
0.191801512287367
0.183489603024602
-0.126689981096372
-0.201773156899762
0.542816635160752
0.247213610586087
-0.437047258979182
0.954567107750529
0.433495274102151
-0.0559603024574274
0.613969754253332
0.220529300567139
0.399824196597464
0.256011342155104
0.0848846880907555
0.894217391304417
-0.200115311909252
-0.275022684310011
8.38128166351618
1.46385066162569
1.50520415879029
0.118803402646512
1.06184688090731
0.0906937618147458
1.01483175803405
0.331440453686209
0.467559546313804
0.275850661625708
0.871425330812945
-0.0887485822306107
-0.0733553875236167
0.0674858223062461
-0.903720226843086
0.550381852551997
-0.514593572778841
0.377009451795865
-0.48135160680529
-0.633667296786362
0.330151228733462
0.665969754253293
-0.500245746691868
-0.15230812854442
0.631584120982987
-0.226790170132317
-0.0669243856332692
-0.362608695652169
-0.315264650283549
-1.13400000000001
-0.144778827977313
0.441039697542534
-0.37947258979205
0.646013232514184
-0.180682419659735
-0.249557655954628
-0.555548204158786
-0.999308128544432
0.45481852551985
0.343052930056707
0.184096408317582
0.417425330812862
-0.530837429111528
0.574909262759918
0.804786389413989
-0.08130812854442
0.361858223062382
0.445349716446129
-0.00429489603024383
0.217589792060492
-0.944478260869539
-0.534145557655962
0.765455576559548
0.757748582230627
0.0592873345935727
0.305049149338376
0.801998109640832
0.530858223062386
-0.252438563327032
-0.54790170132325
0.511060491493384
-0.297
0.629164461247639
-0.476472589792063
0.88654820415879
0.755
-0.540143667296785
0.318911153119092
0.632856332703215
0.405856332703215
0.0515274102079398
-0.184
-0.86
0.159
0.556
-0.843
0.409
0.266
0.342
-0.971
0.245
0.233
-0.062
0.53
-0.983
0.024
0.996
-0.711
-0.918
0.811
-0.088
0.079
0.513
0.29
0.555
-0.5
0.81
0.879
0.367
-0.997
-0.794
0.861
0.57
0.82
-0.808
0.283
-0.738
-0.266
-0.725
0.14
0.94
-0.534
-0.987
-0.539
0.295
-0.514
0.764
-0.898
-0.494
-0.128
0.758
-0.824
0.244
0.827
-0.501
0.973
0.302
-0.15
0.603
0.056
-0.653
0.53
0.898
0.339
0.822
0.383
0.662
0.118
0.337
-0.266
-0.239
0.261
-0.986
-0.059
0.871
-0.554
0.065
0.052
0.994
0.069
-0.265
0.707
0.372
-0.505
-0.756
-0.97
-0.384
0.742
0.32
-0.781
0.98
0.412
0.13
0.219
-0.208
-0.59
-0.433
-0.327
-0.362
0.911
-0.177
-0.354
-0.236
0.772
-0.89
-0.504
-0.838
-0.698
0.956
-0.947
-0.093
-0.75
-0.145
-0.466
-0.68
-0.361
-0.843
0.403
0.094
