-0.626362948960292
0.0605822306238336
-0.77984877126654
0.295703213610601
-0.64349149338372
-0.196283553875229
0.935850661625733
-1.02465406427222
-0.815506616257069
-0.18610018903591
-0.266468809073723
-1.50655198487716
-1.18078827977314
-1.18322684310013
-0.732196597353482
-1.20795085066157
-1.28399243856335
-0.777349716446127
-1.17961436672961
0.355962192816641
-1.23612098298672
-1.11765406427226
-0.639504725897912
-0.0827693761814768
-0.352604914933835
0.134177693761823
-0.388612476370506
-0.464243856332698
-0.515899810964081
-0.859393194706981
-1.36959546313797
0.0925784499054901
-0.239139886578448
-0.726580340264644
-1.08308128544422
-0.353151228733459
-0.970149338374286
-1.40888468809073
0.366914933837432
-0.813493383742906
0.489215500945182
-1.42018525519847
-0.893752362948955
-0.030255198487712
-0.104584120982986
-0.188669187145556
-0.604608695652173
0.130328922495275
-0.611253308128541
-0.708103969754251
-0.0974801512287339
-0.996062381852552
0.372837429111536
-0.374521739130434
-1.04190737240073
0.0649603024574656
-0.290988657844991
-0.52789224952741
-0.480236294896029
-0.598557655954629
-0.699920604914932
-0.303591682419659
-0.0343289224952744
-0.972181474480148
0.264253308128545
-0.0357958412098295
-0.503761814744802
0.54201134215501
0.640875236294898
0.460691871455577
0.593429111531193
-0.915750472589792
0.0409357277882788
0.605941398865786
-0.97635349716446
-1.07686011342156
0.763756143667297
0.169051039697543
-0.830264650283552
0.782189035916825
-0.127052930056711
0.53204347826087
-0.526958412098298
-0.668436672967863
0.374137996219282
0.852837429111533
-1.03545746691871
-0.244162570888468
-0.313744801512287
-0.192992438563326
-0.784334593572779
0.583735349716447
0.33736483931947
0.198931947069944
0.906748582230623
-0.0309716446124763
-0.167519848771266
-0.793026465028354
-0.90420415879017
-0.880224952741021
-0.341389413988658
0.207349716446126
0.537185255198488
-0.111224952741021
-0.295389413988657
-0.0844310018903592
0.0206030245746692
0.96107561436673
-0.323499054820416
-0.945671077504726
0.466555765595463
0.591
-0.613088846880907
-0.304013232514178
0.578062381852552
-0.178088846880907
-0.642
-0.185417769376181
-0.275013232514178
0.565480151228733
0.140911153119093
0.866582230623819
-0.0506710775047259
-0.0324442344045369
0.46
-0.92892438563327
-0.234266540642722
0.95164461247637
0.737
0.0876446124763705
0.159657844990548
0.614911153119093
0.112480151228733
-0.907088846880907
0.236
0.710493383742911
-0.942759924385633
0.537480151228733
0.625062381852552
-0.55235538752363
-0.152697542533081
-0.955
-0.89
-0.309
0.33
-0.338
0.279
-0.309
0.61
0.151
-0.355
-0.959
0.498
-0.447
0.01
-0.173
-0.733
-0.455
0.467
-0.341
-0.854
0.051
-0.766
0.595
-0.112
0.88
-0.548
-0.706
0.476
0.885
-0.242
-0.205
0.163
-0.734
-0.297
0.102
0.757
-0.737
0.673
-0.202
-0.198
-0.904
-0.631
-0.414
-0.53
0.13
-0.876
-0.415
0.09
-0.592
0.452
0.524
-0.905
-0.007
-0.671
0.836
0.811
-0.485
0.802
0.449
-0.79
-0.015
0.214
0.724
-0.608
0.85
-0.123
0.231
0.849
0.907
0.07
-0.997
-0.128
-0.331
0.857
-0.95
-0.319
0.648
0.124
0.758
0.756
0.867
0.203
0.068
-0.567
0.233
-0.3
-0.83
0.936
-0.133
0.291
0.241
-0.539
-0.777
-0.412
0.816
-0.119
-0.355
-0.806
-0.38
-0.748
-0.108
-0.265
0.182
0.337
0.449
-0.348
0.425
0.136
-0.722
0.154
-0.838
0.391
-0.956
0.693
-0.658
0.782
-0.854
0.291
0.158
0.15
-0.294
0.295
-0.018
-0.385
0.829
0.541
-0.352
-0.919
-0.96
0.169
-0.964
0.454
-0.497
0.505
-0.136
0.132
-0.979
0.73
-0.017
