-1.46611909262751
-0.749022684310003
-0.761540642722116
-1.3192173913045
-1.0192306238185
-0.314003780718324
-0.282998109640828
-0.0892911153119089
-1.34611909262755
-0.534200378071828
0.234867674858229
-1.61061814744806
-0.608370510396969
-1.01577315689981
0.0830321361058678
-1.04011909262761
-1.47330056710772
-1.14899621928166
-0.109306238185253
-1.15129111531185
-0.042493383742909
-0.653311909262757
0.0286616257088889
-0.0789281663516072
0.0896729678638976
-1.36659924385633
-0.301886578449905
-0.19272778827977
-0.219041587901696
-0.0259659735349676
-1.39941965973534
-0.754844990548194
-0.907302457466912
-0.18867107750472
0.184971644612481
0.43672400756144
0.279665406427223
-0.416226843100184
-0.252308128544422
-0.212680529300561
0.26940264650284
-0.29974669187145
0.139102079395089
-0.160608695652174
-0.805249527410198
0.132548204158793
-1.3888449905482
0.293077504725906
0.535147448015128
-0.939831758034022
-0.190060491493381
-0.302264650283551
-1.19366540642719
0.203294896030247
-0.537487712665403
0.662090737240077
0.288478260869567
-0.443482041587901
-0.566317580340262
-1.05102457466918
-0.95493383742911
0.394551984877126
-0.837223062381851
-0.306920604914932
-0.326179584120982
-0.236657844990547
0.385948960302459
0.430907372400756
-0.492387523629488
0.424608695652173
-0.613317580340264
-0.195597353497165
-0.115969754253308
-0.78320415879017
-0.545457466918715
-0.854750472589792
0.0402892249527411
-1.00165595463138
-0.144661625708885
-1.10572967863893
0.904098298676748
0.153563327032136
0.323637051039698
0.0241928166351607
-0.658739130434783
-0.0173421550094518
-0.414676748582231
0.0533913043478261
-0.394567107750473
0.65609640831758
-0.65090359168242
0.0681379962192816
-0.600436672967865
0.181459357277883
-0.0838884688090737
-0.827
-0.112389413988658
-0.29358034026465
-0.503616257088847
0.52634404536862
-0.91082797731569
-0.572170132325142
0.220192816635161
-0.772313799621929
0.629007561436673
-0.912287334593573
-0.971266540642722
0.715665406427221
-0.120340264650284
-0.596780718336484
-0.146629489603025
0.438
0.750274102079395
-0.430342155009452
-0.958958412098299
-0.00972589792060492
-0.784
0.208054820415879
-0.534342155009452
0.856986767485822
-0.636725897920605
-0.563945179584121
-0.110780718336484
-0.0856294896030246
0.274
0.432383742911153
-0.475177693761815
0.77009640831758
0.278
-0.68590359168242
0.321438563327032
-0.682725897920605
0.535986767485822
0.366274102079395
0.893
0.517328922495274
0.947493383742911
0.0349867674858223
0.389041587901701
-0.75690359168242
-0.0824650283553875
-0.12
-0.874
-0.752
-0.202
-0.071
0.349
0.88
0.138
0.992
0.957
0.715
-0.704
-0.372
0.216
0.68
0.574
-0.68
-0.001
-0.785
0.561
-0.74
-0.525
-0.374
0.078
-0.446
0.885
-0.616
-0.312
-0.464
0.038
0.164
0.802
-0.785
-0.07
0.487
-0.689
-0.355
-0.861
-0.655
-0.911
-0.341
-0.349
0.285
-0.624
0.614
-0.975
-0.076
-0.845
-0.788
0.948
0.635
-0.948
0.191
-0.299
-0.316
-0.595
0.499
0.17
-0.757
0.044
-0.035
0.192
-0.398
-0.047
-0.208
0.912
-0.919
0.698
0.729
0.368
-0.071
-0.82
-0.346
-0.874
-0.099
0.609
0.189
-0.751
0.464
-0.472
-0.04
-0.772
-0.525
-0.413
0.402
0.112
-0.389
0.513
-0.755
0.081
-0.189
0.474
0.896
0.3
0.124
0.467
-0.952
-0.669
0.583
0.701
0.944
0.225
-0.575
-0.157
0.018
0.454
0.397
0.065
0.799
0.074
0.215
0.249
0.706
0.714
-0.917
-0.264
-0.284
-0.986
0.551
0.68
0.301
-0.432
0.452
-0.353
-0.443
0.455
-0.716
0.353
0.002
0.434
0.56
-0.142
-0.335
0.762
-0.416
0.734
0.802
0.632
0.569
