-3.07567296786307
-1.68418147448445
1.70127410207964
-3.28091304348134
0.672404536862497
-3.37239319471135
3.29312476370528
-0.664238185255247
-2.67287901700915
-0.00922684309998682
-0.0939603024573473
-3.22790170132405
1.17819848771295
1.66277504725859
-0.812589792060159
0.301733459357517
-1.42884877126804
-1.24176370510365
-0.274814744801488
-0.0962268431001421
-2.920795841208
-1.44858223062365
-1.41606238185151
-1.46093761814723
-1.03498865784446
-0.0490737240071907
2.34322684310083
-0.0721417769375289
-0.761860113421288
1.34627788279723
-0.0721531190925671
-0.534137996219009
-0.387325141776849
0.815224952741331
-0.000230623818330283
1.28587523629521
1.06272211720244
0.998247637051281
-0.887848771266341
1.39610964083197
-0.10672022684285
-1.76324763704956
-1.04827788279757
-0.111657844990548
-1.24794517958402
-0.747586011342019
1.46644423440464
0.24671644612498
-0.310468809073621
0.973784499054996
-1.08054253308072
2.14951606805364
-1.05069565217406
0.0427448015125531
0.127034026465101
0.794459357278124
0.0073459357280519
0.630548204159021
-0.410913043477945
0.390665406427512
-1.25348204158816
-1.3171531190926
-1.4118298676749
-1.69685066162585
0.908862003780925
-1.77485066162588
-0.532030245746424
-0.101637051039509
-0.838884688090533
0.450156899811379
-0.0918015122872873
0.437215500945371
0.867674858223256
-0.886952741020883
-0.0896956521736538
1.51205671077493
-0.961323251417473
0.714971644612648
0.0478771266541961
1.36477126654055
0.800589792060646
0.0138071833649828
-1.8174933837442
0.823374291115351
0.637068052930327
-0.0459206049148538
0.0949527410209822
0.212652173913214
0.461347826087236
-0.132119092627512
-1.94553308128595
2.8253686200381
2.29710207939504
0.0990850661626572
1.94968620037845
0.92446124763717
-1.06124763705079
3.78987712665381
3.09946313799681
0.238098298676888
2.87985255198581
14.4309754253563
-1.57466162570881
0.484175803402684
0.550880907372453
1.73313232514181
0.032258979206017
-0.415688090737151
0.150816635160715
0.540725897920701
0.165463137996276
0.723376181474522
1.43475047259008
1.02724574669185
-0.926992438563314
1.34565973534998
0.180396975425348
-1.95454064272167
-0.543803402646572
-0.321737240075593
0.860293005671099
-1.07833081285436
-0.743514177693746
0.101362948960308
1.67162759924402
-0.206867674858226
-0.221417769376155
-0.10050283553878
-0.193916824196594
-1.54351228733454
-0.684257088847016
1.18074669187145
-0.0806162570888296
0.192994328922503
-0.333661625708914
0.341731568998108
1.69805482041581
-0.380119092627591
-0.732232514177682
-0.613132325141765
0.264448015122877
-0.411436672967868
-0.733587901701298
0.293913043478275
-0.146408317580339
0.178916824196613
-0.631648393194716
-0.862523629489604
0.0468714555765545
0.641361058601144
0.184517958412088
-1.9403553875236
-0.077
-0.0972306238185256
-0.743705103969752
0.625897920604914
-0.706
0.748833648393196
0.115423440453687
0.152833648393196
-0.895166351606804
-0.324705103969755
-0.123
0.949
0.854
-0.865
0.777
-0.66
0.479
-0.446
0.976
-0.604
0.031
-0.926
0.402
0.905
0.789
-0.132
0.648
0.686
-0.83
-0.246
0.94
-0.978
0.918
-0.906
-0.238
0.44
-0.035
-0.884
-1
-0.979
-0.298
-0.051
-0.726
0.177
-0.727
-0.142
0.766
0.315
-0.885
-0.888
-0.204
-0.2
-0.157
0.193
0.057
-0.152
0.582
-0.635
-0.889
0.425
-0.721
0.634
0.161
0.528
-0.252
-0.145
-0.969
0.759
0.372
-0.663
0.374
0.362
-0.446
0.955
0.694
-0.919
0.8
-0.776
0.632
-0.069
0.102
-0.667
0.57
-0.943
0.958
0.14
0.178
-0.276
0.037
0.913
0.857
-0.4
-0.995
-0.426
0.742
0.067
0.787
-0.255
-0.571
0.418
-0.173
-0.994
0.942
0.778
-0.263
0.433
-0.754
-0.112
0.499
-0.025
0.048
0.358
-0.267
0.18
-0.677
0.945
-0.936
0.103
0.57
0.608
0.676
0.306
-0.278
0.459
-0.521
-0.226
0.357
0.98
