-2.7844650283295
-1.37508506618526
-1.21487334593554
-2.3458468809546
-1.53414366729543
-0.893633270316243
-1.35727599243693
-0.245463137997255
-0.187733459350188
-0.121310018902223
-0.170079395084025
-0.2054291115276
-0.311489603021123
-0.183128544423015
-0.0428431001881319
-0.00794328922468323
-0.166795841209296
0.142553875236512
-0.119911153118681
0.359376181474813
0.136841209830319
0.0272665406427187
-0.32517958412105
-0.221759924384919
-0.294459357277219
0.0883724007577853
0.113268431002449
0.0584310018907499
0.0498393194716278
0.219809073724747
0.190098298677378
0.303873345936723
0.146599243857316
-0.117066162570193
0.0313327032145229
-0.23099054820317
-0.27898487712524
10.5939943289098
-0.187960302456511
-0.000302457466090372
0.000616257089759337
0.256170132325773
0.145119092628617
0.175984877127463
0.00368998109695702
-0.0274744801504785
-0.00898298676690822
0.122119092628228
0.0623591682427005
-0.0706313799616811
0.0515425330819798
0.211143667298025
-0.141395085065281
0.117595463138771
0.154398865785119
-0.00932892249456344
0.153780718336947
-0.0262495274098932
0.112546313800032
0.148695652174524
-0.170890359167497
0.126826086956858
-0.0325425330807165
-0.0739489603019064
-0.194733459356712
0.0543478260873224
0.148862003781086
-0.120281663515749
0.410302457468015
-0.0448941398863557
-0.13922117202193
-0.269351606804558
-0.223833648392806
0.0642287334596492
0.0463232514180003
-0.0135236294893835
-0.136338374290682
0.320141776937963
-0.173465028355086
0.0983270321363582
0.0189054820419156
0.0100529300568031
0.0565085066167892
-0.114933837429037
0.171102079395605
0.000166351606908571
0.0473478260871719
-0.181298676748115
0.432693761814949
-0.0978620037806331
0.105304347826478
0.100706994329
-0.0781531190924114
0.200151228733861
-0.111548204158697
0.183336483931993
-0.552497164461202
-0.107073724007352
0.0734593572779447
0.231950850661821
0.0792797731569983
-0.218151228733409
-0.201754253307818
-0.0369413988657214
-0.223998109640902
0.0221625708885379
0.337623818525562
-0.0629017013231727
0.461576559546369
-0.03156521739119
-0.379661625708692
-0.0189678638941339
-0.464370510396977
0.41781096408321
0.164289224952843
-0.408313799621834
-0.202894139886526
0.889519848771319
-0.351383742911125
0.83434593572784
0.669988657845
-0.53373345935719
-0.454258979206077
-0.441323251417744
0.217003780718349
-0.85813043478259
-0.097207939508518
-1.36396597353484
0.511733459357276
0.271304347826136
0.592376181474518
-0.164952741020789
0.387459357277953
0.269442344045389
0.221260869565225
-0.179349716446136
0.946629489603038
0.248877126654069
0.30277126654066
0.342228733459359
-0.66118147448016
-0.664797731568995
-1.03234404536859
0.88297353497164
-0.435173913043489
0.458338374291119
0.213415879017003
-0.00352551984877129
-0.147557655954634
0.225822306238179
-0.514580340264653
0.160952741020794
-0.69
-0.906026465028356
-0.074671077504726
0.73157844990548
-0.581
0.184275992438567
-0.838066162570885
-0.859724007561433
0.0682759924385646
-0.026671077504726
-0.259
-0.624
-0.736
0.161
0.249
0.097
-0.726
0.665
-0.785
-0.104
0.66
0.2
0.996
0.788
-0.216
-0.074
-0.707
0.295
-0.762
-0.752
-0.871
-0.957
-0.174
-0.113
0.749
0.276
-0.516
0.648
0.886
0.665
0.017
0.99
0.298
0.735
-0.774
0.784
0.652
0.806
-0.691
-0.954
-0.21
0.332
0.275
0.906
-0.724
0.11
-0.868
0.142
0.06
0.493
-0.036
-0.048
0.976
-0.106
-0.151
-0.302
0.549
0.377
0.411
0.973
-0.387
-0.374
0.778
-0.451
0.879
0.669
0.902
-0.74
0.561
0
0.273
-0.514
-0.015
-0.809
0.458
-0.203
-0.233
-0.08
-0.389
-0.361
0.144
0.341
-0.413
-0.607
-0.3
-0.936
-0.986
-0.597
-0.114
0.528
-0.765
-0.725
-0.605
-0.664
0.433
-0.837
0.553
-0.274
-0.973
-0.394
0.207
0.871
0.58
-0.94
-0.781
-0.522
0.966
0.784
0.436
-0.948
0.93
-0.371
-0.234
-0.229
-0.171
0.271
-0.961
0.385
