-1.32072211746634
-0.140742911311559
0.431788279773158
-0.518368620175104
-0.955124763715637
-0.717444234541832
0.407943289214406
-0.978470699432896
-0.925960302552509
-1.12511909282834
0.107943289224958
-0.85018336505057
-1.51527599268158
-0.482035916919254
-1.07742344048531
-1.16203024579945
-1.13684499054821
-0.386703213821847
0.371810963998674
-0.0913440454214372
-0.608047258979202
-0.882833648530503
-0.751262759934935
-0.844892249675299
-0.614998109640824
-0.29719659761758
-0.344107750631033
-0.31892249549593
-1.25132514177692
-0.535389413999212
-0.741746692061593
-0.89032703218891
0.225158789884935
0.256060491493385
-0.399882797731566
-1.15622117202267
-0.0471984877126635
-0.932491493383736
-0.201330812854441
-0.958903591682413
-1.21596597353496
0.0190718336483924
0.127223062381857
-1.04047258979205
-0.664669187145554
0.509032136105867
0.444137996219283
-1.29976559546313
-1.15902079395083
-0.278582230623816
-0.840011342155007
-0.948211720226839
0.640247637051043
-0.763514177693755
0.349504725897925
-0.852404536862002
-0.398514177693761
-0.601863894139882
-0.785041587901701
-0.478344045368618
0.672032136105864
-0.875686200378067
0.676446124763707
0.314478260869567
0.390438563327033
-0.373948960302457
0.0415689981096407
-0.789113421550092
0.549463137996223
-1.06610586011342
-0.690209829867672
-0.979400756143665
0.779128544423441
0.504572778827983
-0.174345935727785
0.0846011342155014
-0.351502835538748
-0.525771266540641
0.835790170132325
-0.319209829867675
0.338241965973535
-0.245011342155008
-0.0122173913043478
0.323043478260871
-0.439998109640831
-0.370621928166351
-0.443854442344044
0.0758657844990555
0.838975425330813
-0.313128544423441
0.374145557655955
-0.202478260869565
0.877542533081288
-0.513156899810962
-0.558156899810961
0.875221172022684
0.598241965973538
-0.794115311909261
-0.488621928166351
0.889809073724008
-0.381362948960302
0.658109640831758
-0.449890359168242
-1.00506805293006
-0.441396975425331
-0.659287334593573
-0.653143667296786
-0.733
0.515691871455577
-0.514869565217391
0.575657844990548
-0.752759924385633
-0.0638355387523629
0.670746691871456
0.288274102079395
-0.00125330812854442
0.261240075614367
-0.451
-0.109
-0.032
-0.88
-0.867
-0.622
-0.042
-0.368
0.559
-0.788
0.461
0.196
0.001
0.595
-0.453
-0.988
-0.994
-0.85
0.759
-0.711
0.041
-0.159
-0.724
-0.674
-0.649
0.657
0.446
0.157
0.177
0.902
-0.745
0.216
0.462
-0.327
0.131
0.356
0.592
0.8
-0.512
0.282
0.594
0.379
0.009
-0.859
-0.109
0.071
-0.482
-0.099
0.04
-0.753
-0.068
0.524
0.534
-0.286
-0.767
0.708
-0.385
-0.359
0.769
-0.525
-0.069
0.8
0.454
0.657
0.956
-0.756
0.734
-0.673
-0.537
0.191
-0.581
-0.795
0.661
-0.523
-0.306
0.661
0.832
-0.865
0.435
0.279
0.139
-0.455
-0.883
-0.071
-0.031
-0.27
0.682
-0.252
-0.561
0.423
-0.259
-0.049
-0.969
-0.987
-0.65
0.793
0.924
0.351
-0.816
-0.354
0.336
-0.81
-0.563
0.848
0.828
-0.274
0.863
0.056
-0.981
-0.429
0.875
-0.521
0.206
-0.511
0.336
-0.614
0.682
-0.475
-0.312
0.226
-0.438
-0.014
0.887
0.04
-0.55
0.468
-0.826
0.648
-0.874
-0.099
0.737
-0.52
0.951
-0.212
0.943
-0.052
-0.892
-0.731
0.101
-0.758
-0.133
-0.375
-0.272
0.867
0.547
-0.739
0.744
0.541
-0.323
0.964
-0.89
0.399
-0.337
-0.043
-0.916
-0.65
-0.698
0.396
0.398
-0.641
-0.448
-0.786
-0.071
