-3.06854631699574
-0.610419662646389
0.675221172532577
-0.681172024959616
-1.13323440303902
-0.764984878445637
-0.813833646489522
-0.781962190156047
-0.851011344199879
-1.53572968003058
-0.0534801523814729
-0.578275993058115
-1.4958771302884
-0.729396974214194
0.0648846872565328
-0.650672966083311
-0.033935731040369
0.0857334664290116
0.820446129540086
-0.0447977277835067
-0.637468810965336
-0.748143660502154
-0.0854253296323205
-0.568816631454041
-0.201519843820205
-0.857413989678784
-0.438039698362136
-0.394364839144071
-0.408417765716493
-0.222221170550892
0.20418525841022
-0.412327029506447
-0.332449899248926
-0.0339111517190479
0.0186975403676743
0.0516105892190221
-0.161243856472299
-0.27317769207607
-0.412032132454059
-0.249226846832984
-0.0647939457767179
-0.00243855535512472
-0.198742912967009
-0.289245744647689
0.0241871470759995
0.0285727784710312
-0.330623813950759
-0.15808317493562
0.00792816044338305
0.12704158474331
0.0104990557120319
0.0631115302515968
0.378693761631271
0.0223440452996848
-0.140308138232929
0.120799619787557
0.184827977612523
-0.214137999024394
-0.204274104097844
-0.109752357539293
-0.159986755618353
-0.00633080854170095
0.4472495243893
0.224943291796359
-0.0806994313253334
-0.100517951398107
0.0412249543980703
-0.206531187845146
0.0895160691585715
0.206839323863052
0.213446125608969
-0.000644613749488967
0.0775311902334903
0.277463136166199
-0.0507580354109435
-0.0395746663885698
-0.200724010327264
0.138737242729167
0.294189032607248
0.0474517900674226
0.206763701790851
-0.114502834506999
0.0304026454508549
0.107066158104538
0.172565217510859
0.676943295043893
0.448156896914064
8.02786200297205
1.29439318210816
0.590430998671456
0.380062381926275
0.628792057703632
0.147676746585966
0.416954631212395
-0.111034019586906
0.5125671082883
0.0378827964689464
0.303196601349998
0.127181475938597
-0.0563043528844513
0.188907370636697
0.195425331208684
0.308497164777483
-0.249627600376922
0.125449903931965
-0.0870207963676928
0.332264652682769
-0.168672961590805
-0.0128620022673412
0.41830435357389
0.0641909276590707
0.120894138074726
0.688877127837125
0.229086953575441
-0.496950844204744
0.456311912526736
-0.427147451072851
0.0117807244863836
-0.0287655898759047
-0.634162572961661
-0.586907367263552
-0.60238185289068
-0.171584116454112
-0.025402648718278
-0.22317580506109
0.307054821954547
0.0856578438060973
0.364451794325685
0.0656710741125425
-0.477604917564094
-0.334735347749611
-0.417578453578659
0.224362938608396
-0.327011338023371
-0.69141587657333
0.644136105326969
0.705773155246294
-0.762077506194916
-0.544998112002015
0.452206047035967
0.485085063329535
0.269516070433184
-0.409330811287586
0.766873347161734
0.427043480532694
-0.543809073866959
-0.191945179251712
-0.345115312473357
-0.519128542993897
-0.197213612069078
-0.450550094885547
0.455442343411579
0.727
-0.00127410185545522
-0.650879016975912
-0.570580339518184
-0.264
-0.829427220686824
-0.230185254638636
0.207572779313176
-0.824427220686824
0.37112098302409
0.082
0.93
0.926
0.063
-0.54
-0.23
0.173
-0.415
-0.261
-0.369
-0.867
0.428
0.566
0.562
0.543
-0.637
0.963
-0.365
0.073
0.375
0.765
0.279
-0.854
0.798
0.592
0.027
0.843
0.881
0.2
0.674
0.625
0.109
-0.109
0.653
0.774
-0.789
0.992
-0.649
-0.61
-0.911
0.247
0.454
0.866
0.789
-0.032
-0.701
0.377
-0.222
-0.296
-0.628
-0.912
0.998
-0.984
-0.319
0.596
0.803
0.783
-0.872
0.471
0.432
-0.073
0.291
0.384
0.064
0.006
0.024
-0.464
0.913
0.788
0.332
-0.629
0.612
-0.756
-0.017
-0.873
-0.69
0.412
-0.643
-0.17
0.293
0.649
0.065
0.177
-0.173
0.586
0.627
0.093
-0.791
-0.944
0.97
-0.573
0.864
-0.121
-0.043
0.162
0.956
-0.931
-0.198
-0.217
0.944
0.762
0.464
-0.011
0.371
-0.999
-0.525
0.753
0.032
-0.447
0.285
-0.61
0.426
0.297
-0.822
0.782
0.862
-0.887
-0.443
