-2.44754631379855
-1.12150094517958
0.645661625708885
-1.49209073724138
-0.527714555765485
-1.32134971644696
-0.246088846880887
-1.57057088846848
0.499421550094662
-1.44802268431008
0.547438563327037
-0.699487712665296
-0.718691871455475
-0.0755085066162467
-0.795739130434726
-0.481661625708853
-0.705378071833631
-0.42759168241968
0.289461247637057
-0.55141587901701
-0.641880907372196
-0.18240264650284
-0.676538752362955
-1.25921172022677
-0.0809565217391196
-0.121805293005627
-0.144635160680494
-0.280763705103974
0.157818525519923
-0.813701323251403
0.00960680529303991
-1.34079773156877
-0.581633270321333
-0.282334593572755
-0.723718336483913
-0.552576559546238
-1.13881285444222
1.10731947069942
-1.29956332703211
0.426340264650315
-1.15035160680529
-1.02861625708878
-0.965156899810918
-0.455083175803415
-0.879272211720238
-1.00852362948935
-0.684328922495165
-0.283071833648379
-0.297480151228678
0.383669187145579
0.007928166351652
-0.239444234404523
0.00484877126657284
0.00795085066164404
-0.377835538752337
0.255122873345961
1.30214744801509
-0.29644990548203
-0.298657844990519
-0.122355387523615
1.1347221172024
0.249175803402717
-1.33099621928154
0.0238431001890819
0.101862003780736
-0.0929149338373998
-0.154298676748523
-0.232253308128531
0.15004536862007
0.378765595463235
0.493107750472617
-0.592052930056682
-0.45411531190924
-0.445534971644587
-0.589627599243825
0.512862003780763
0.352224952741036
-0.379827977315668
0.362499054820433
0.141177693761822
-0.393107750472563
0.601992438563384
0.381028355387538
-0.114319470699414
-0.108491493383721
0.339788279773176
-0.0734347826086838
0.611739130434809
0.348281663516114
0.329705103969765
0.699568998109657
1.36321361058616
-0.624268431001873
0.0183894139886609
-0.0505368620037814
-0.521510396975414
0.825064272211805
1.57332703213603
1.02292249527419
0.548654064272211
0.444869565217474
-0.200240075614358
0.915599243856297
7.81052173913047
1.39286956521735
0.383480151228733
0.985937618147461
0.509875236294902
0.570168241965979
0.432026465028354
0.908096408317605
0.10677882797732
0.271998109640837
-0.497018903591671
0.335442344045401
0.377192816635165
0.183364839319497
-0.609871455576556
0.427648393194707
-0.779041587901714
0.929480151228732
-0.294393194706992
0.0399754253308097
0.618071833648385
0.010427221172024
0.558533081285445
0.757113421550097
0.596438563327033
-0.684223062381852
0.189862003780709
-1.1467958412098
-0.0411001890359189
0.626550094517974
-0.567589792060495
0.0710170132325135
-0.0501455576559499
-0.164268431001894
0.0477674858223059
-1.39424007561437
0.313266540642721
-0.723708884688084
-0.241682419659738
-0.77086578449906
0.499903591682422
0.864843100189034
-0.342465028355387
-1.11819659735352
-0.97224007561437
-0.147393194706993
0.364748582230622
0.178867674858225
-0.0693175803402637
-0.584
-0.0203421550094519
-0.284890359168241
-0.708807183364839
0.644
0.522425330812854
-0.77835538752363
-0.408574669187145
-0.263574669187145
0.352109640831757
-0.469
0.057
0.343
0.375
0.329
-0.452
0.12
0.093
0.877
0.938
-0.762
0.801
0.8
-0.646
0.226
-0.088
-0.898
-0.831
0.309
0.132
-0.647
0.235
0.804
-0.034
-0.364
-0.536
-0.563
0.362
0.243
-0.01
0.31
0.476
-0.719
0.048
-0.182
0.32
-0.613
-0.488
0.105
0.658
0.145
-0.843
0.81
0.41
0.1
-0.386
0.19
-0.637
0.103
-0.268
0.445
-0.92
0.306
0.629
0
0.295
0.253
-0.623
-0.261
-0.136
-0.89
0.757
0.85
-0.113
-0.373
-0.239
0.52
-0.249
0.535
0.905
-0.476
0.589
0.064
0.651
0.987
-0.804
0.425
-0.607
0.865
-0.979
0.273
-0.926
-0.741
-0.489
0.544
0.23
-0.83
-0.349
-0.952
0.523
-0.933
-0.99
0.772
-0.76
0.547
0.387
-0.694
-0.078
-0.218
-0.662
0.093
-0.562
-0.172
0.198
-0.792
0.855
0.016
0.655
0.641
-0.196
0.87
-0.141
-0.489
-0.282
0.59
-0.964
0.498
0.339
