-1.34431380907572
-0.628952738634218
0.0770888428147857
3.89826466732755
-0.84810964857297
-0.600956528250858
-2.22210209004306
-0.537143668889166
-0.208345933208906
-1.31651606712524
-0.572287333061382
0.098965972242477
-0.376253306365863
-0.137706992985445
-0.0610321367686335
-0.0533686178252255
-0.00342533116640526
0.0384706985518618
-0.0636540650405795
-0.0195368611799201
-0.0688506618123685
-0.04975803488779
-0.0922211721333484
-0.0297391288940245
-0.0345009452979367
-0.0173534965384175
-0.0274026463437213
-0.0295595466962467
-0.0411776937780788
-0.0540189049797513
-0.00634593540811565
-0.0382419658996613
-0.0629149349762369
-0.0409262756023602
-0.0145368629756563
0.0102457467143829
-0.0340189031480671
-0.0123194704424518
-0.0429073705522313
-0.0342079399374399
-0.00627599251817827
-0.0080170127635273
-0.00769376185701464
-0.0190548208750775
-0.00321171965647631
-0.00886767416038688
0.0262589799665535
0.00140453790984362
-0.0277523632792916
-0.00612854492205449
-0.00547069872306257
-0.0260283551960631
0.0109168246979775
0.00826086918914068
0.00424196661997412
0.00100189113305273
0.0269187154388172
0.0093327038790502
-0.0192665398871217
-0.0134120980282884
-0.00413043405235841
0.0238960300232155
0.00809073770412862
0.0120642732891307
0.00211720285431547
0.00655009434892438
-0.0180888465112095
0.00536294887436831
0.00499621839433514
0.0113308136325724
-0.0153327043706424
-0.0230056695648536
0.0100567110750173
-0.0188676762293799
0.001625709108611
-0.00194896065810555
-0.0208449909172395
-0.00695652158703713
0.0335387520382866
-0.0159054824162552
-0.00108695652878723
0.0126786388970217
0.0317939503344585
-0.0120812849998831
0.0411493381693233
0.0278034035021023
0.036096407759117
-0.026421549408663
-0.0299111532317934
0.0336975428457302
0.0296408326157826
-0.049069944321612
-0.0593175798607181
0.0966786382878873
-0.0136389418544869
-0.0358979192788826
0.0498109635078246
-0.0539338383953084
-0.0238185244001495
-0.0621795845843859
0.00193572763544921
-0.0349168231536696
-0.0372873349773682
0.129584120014725
-0.0913156899332043
0.0486786401659968
0.132574668128057
-0.017954630253222
-0.0118979186141006
-0.0625311923840098
0.112442343975002
0.0454536874066867
-0.219440452541021
0.042338376229109
0.0371077488176411
0.0524177685846383
-0.166593570357056
0.350370508823031
-0.176627598406624
0.23564839504533
0.048998107961283
0.118965971156085
-0.215300567194408
0.155790169527448
-0.0102362971643042
0.36213988791783
-0.20566162415398
-0.406289223987226
0.293211719779682
-0.643383742786539
-0.141741021006587
0.117060491152516
-0.0653213606100209
0.499775046461786
-0.187650282326453
-0.420572777704673
0.472130434124151
0.0962003791760408
-0.617268431146273
0.200638941219985
0.642818524328321
0.0979073722563896
-0.854512288507829
-0.737559546149749
0.533400756916187
0.02614555712357
0.1420075615909
0.031378071132252
0.114013232566316
-0.271160679397611
0.503325141037516
0.169517956479763
-0.08
0.966092627392196
-0.677151228767958
-0.299024575359312
-0.464
0.760034026016457
-0.0932684315194875
-0.999965973983543
0.631034026016457
-0.560151228767958
-0.258
0.364
0.537
0.032
0.8
-0.385
-0.46
0.421
0.343
-0.968
0.039
0.468
-0.367
-0.988
-0.871
-0.675
0.935
0.651
0.375
0.414
0.365
0.356
-0.597
0.535
-0.695
-0.618
0.66
0.347
-0.988
-0.97
0.876
-0.608
0.474
0.523
0.85
-0.068
-0.374
-0.947
0.389
-0.473
-0.36
0.526
-0.304
0.588
-0.564
0.451
0.363
-0.685
-0.326
-0.789
0.891
0.333
-0.308
-0.716
0.08
0.385
-0.04
-0.998
-0.273
0.417
-0.045
0.192
0.408
0.312
-0.844
-0.353
0.994
0.11
-0.838
0.196
0.698
0.882
-0.739
-0.153
-0.227
0.838
-0.34
-0.185
0.099
-0.147
0.019
0.344
-0.327
0.801
-0.861
-0.457
0.699
0.189
-0.558
-0.536
0.971
-0.376
0.326
0.971
0.572
0.447
-0.883
0.383
0.432
0.789
0.456
-0.747
-0.847
0.477
-0.488
-0.991
0.071
0.845
0.51
0.241
-0.276
-0.855
-0.098
0.873
-0.602
0.61
-0.481
0.607
