-2.10801134417946
-0.0163837441258921
-0.606984877126652
-1.12063894245162
-0.907644612557287
-1.53332514283
-1.07006994337012
-0.663387522712605
-0.809771266989169
-0.926236297086111
-0.875686199750612
-0.191092629326659
-1.12552930240088
-0.248349716436249
-0.864618149000789
-0.798120983774052
-0.741258980750389
-0.501820417179695
-1.58064650280086
-1.06832703404862
-0.842922495319848
-0.161090737759061
-0.23192627753326
-1.13637429125541
0.220877124630872
-0.330568998787796
-0.457508507018352
0.327287332578113
-1.13009262747023
-0.0793516085376533
-0.617516067968424
-0.051635160338274
0.379703212446524
-0.798379963154744
-1.47663137976999
-0.501453685923608
-1.19581096401977
-0.504478262532206
0.390591681609125
0.0141890362379575
-0.261682420152671
-0.575699433006332
-0.561243858210827
0.874981095509754
-0.644134216059378
-0.348075615666699
-0.977937617970676
-0.108160680808867
-0.399971645438518
-0.839060491249722
-1.3408071828817
0.272538751361565
-0.814449905791181
0.0577240069846877
-0.726243855844667
-0.466627600557214
-0.431102081197865
-0.837914934662752
-0.279275993371636
-0.266733460958653
-0.352336483850258
-0.976051040012312
-1.08338941352456
0.0787958414957469
-0.363453687951753
-1.07457844999357
-1.26763705123257
-1.05304725897783
-0.391992438932326
0.789427219772054
0.429448013844026
-0.58380340395281
0.33102079236849
-0.225183365954784
-0.527013233119092
0.251444233483435
-0.413410207724717
0.0352948960070123
0.529640830467215
-0.219523629278335
-0.543463137828622
0.441436672530553
-0.114612477196551
0.971767483997653
0.178792060749242
0.858527409505146
0.450283551940767
1.05836861888856
1.15031190738109
0.0680680527821785
-0.219406427482436
-0.782856332632078
1.0771531173905
-0.439130434922034
-0.0744480157292004
-0.126612476812049
0.063117202840959
0.465671078036418
0.650147446095444
-0.631047259132716
-0.0775633265110156
-0.559207941354952
-0.161206048705676
0.0175406430847896
-0.281835540611483
0.576644612293992
0.50034782636935
1.22902268265507
0.298434781744633
1.15798487589639
0.224429111633297
0.149332703560791
-0.191516069252911
0.773368619189235
-0.466236295488974
0.273090736904163
0.642814744833904
-0.91390737228807
0.837756144205319
-0.0480207952592808
0.171073724147001
-0.902706994198636
-0.249058602847567
0.555716445512807
0.0163478257221737
0.284319471282525
0.011105859299351
-0.58802457485087
0.870712664759959
0.898551985141216
1.06828166443862
0.745249527242614
-0.378612479072581
0.543478259697763
-1.07226086963144
-0.534451795496854
-0.154446124574276
0.739625707610064
0.444245745363016
0.961551983891236
1.60491115376202
1.26653497163129
0.635871456344858
-0.620345934832031
-0.475933836215048
1.02766162700816
1.02227032063505
-0.487330814003723
0.391370509314599
0.652926275469209
0.665158789363113
0.857884686423163
0.798
-0.279485822090745
0.145752362984876
-0.0309527403024949
0.764
0.514780718803376
-0.67971455522687
0.753780718803376
0.332780718803376
0.169752362984876
-0.877
0.321
0.832
-0.892
0.027
0.221
0.796
0.658
-0.627
-0.797
-0.023
0.927
-0.194
0.494
0.198
-0.517
0.441
0.459
0.28
-0.664
0.824
-0.954
-0.641
-0.1
0.605
0.452
-0.732
0.362
-0.314
0.45
0.463
0.663
-0.296
-0.22
0.444
0.647
-0.779
0.931
-0.475
-0.358
-0.659
0.081
0.264
0.108
0.971
0.87
0.832
0.638
0.495
0.281
0.894
-0.345
-0.705
-0.183
0.332
-0.923
-0.038
-0.069
-0.497
0.574
-0.047
-0.566
-0.028
-0.078
-0.261
0.313
0.223
-0.975
-0.951
0.551
-0.739
0.51
-0.066
-0.363
0.995
-0.258
-0.218
0.251
-0.072
0.734
0.62
-0.37
0.866
0.404
0.556
-0.192
0.368
0.886
0.448
0.367
-0.315
0.289
0.427
-0.05
0.689
0.907
-0.892
-0.659
-0.632
-0.342
-0.353
0.806
0.588
0.944
0.019
-0.616
0.72
0.657
-0.178
-0.411
0.294
0.71
-0.997
-0.232
0.954
-0.677
-0.433
0.568
