-2.51892627599226
-1.94663705103982
0.659058601134218
-0.225863894139872
0.401272211720248
0.0333119092627777
0.551769376181504
-0.378810964083178
-0.420937618147433
-1.06757466918713
-0.708724007561427
-0.166011342155
-1.56811153119092
0.335508506616265
-0.0332495274102022
-0.521689981096404
-0.274230623818528
-0.0286275992438506
-0.847459357277872
-0.214899810964075
-0.387459357277877
-0.360342155009443
-0.187854442344043
-0.241211720226839
-0.919296786389407
-0.138141776937616
0.154763705103977
0.00225897920605092
-0.282710775047255
-0.0876143667296736
-1.53719659735343
-0.580809073723999
-0.940266540642717
-0.190058601134213
-0.216465028355385
0.282258979206053
-0.601049149338368
-1.15020226843098
-0.725631379962187
-0.468994328922493
-0.400990548204157
-0.117759924385631
-0.894181474480147
-0.640296786389406
-0.294175803402641
-0.17902079395085
-0.411879017013231
-0.7608449905482
-0.208412098298673
-0.574247637051033
-0.155446124763704
-0.974865784499049
0.0582551984877152
0.208060491493386
-0.952398865784492
-0.235143667296783
-0.70207183364839
-0.919727788279768
-0.388325141776935
0.689697542533084
-0.756139886578446
0.628432892249532
-0.866894139886576
-1.13814366729679
-0.533686200378069
0.437775047258982
-0.0882211720226843
-0.631888468809072
-0.499593572778825
0.486948960302459
-1.03837051039697
-0.116994328922495
-0.0785708884688092
0.467888468809075
-0.641886578449904
0.451472589792063
-0.486009451795842
-0.593926275992437
-0.997130434782608
0.133069943289226
-0.619984877126653
-0.17707372400756
-0.310177693761814
-0.395608695652173
-0.610862003780718
0.593096408317582
0.729555765595466
0.363905482041589
0.38285066162571
-0.755423440453685
0.501344045368621
-0.453533081285444
0.646913043478261
-0.188013232514176
-0.435971644612477
0.000349716446124762
0.370589792060493
-0.682368620037806
-0.665211720226842
0.51332325141777
-0.553465028355387
-0.208211720226842
-0.960211720226843
0.347644612476371
-0.569485822306237
0.961493383742912
0.317315689981098
0.707986767485823
-0.102321361058601
-0.464362948960303
-0.659814744801512
0.817130434782609
-0.979835538752362
0.296657844990548
0.449514177693762
0.493712665406428
0.215020793950851
0.595294896030246
0.685328922495274
0.0484933837429112
0.958637051039698
0.67352741020794
0.00510964083175803
-0.715814744801512
-0.936
0.595691871455577
0.359911153119093
-0.75545179584121
0.047
0.47354820415879
-0.701780718336484
-0.697362948960302
-0.769506616257089
-0.322362948960302
-0.038
0.615164461247637
-0.184253308128544
0.318493383742911
-0.820979206049149
-0.55345179584121
-0.742232514177694
-0.961
-0.505
-0.107
0.937
0.73
-0.435
-0.585
0.362
0.093
0.79
0.788
-0.329
0.3
0.6
-0.202
0.807
0.766
0.312
-0.151
-0.397
0.086
-0.322
0.435
-0.765
-0.954
0.588
0.343
-0.655
0.848
-0.314
0.896
0.421
0.235
-0.215
0.921
0.179
-0.887
-0.642
-0.667
0.033
-0.049
-0.109
0.954
0.692
-0.486
0.633
-0.061
0.079
-0.836
0.81
0.054
-0.985
0.339
0.852
0.185
0.361
0.06
-0.343
0.891
-0.859
0.222
-0.93
0.513
-0.594
0.893
-0.633
0.436
-0.486
0.678
0.619
0.693
0.407
-0.022
0.815
0.652
-0.806
-0.276
0.742
0.721
-0.588
-0.351
-0.737
-0.82
-0.963
0.632
0.88
-0.919
0.382
0.6
-0.44
-0.882
0.455
-0.533
-0.809
0.811
-0.12
0.377
0.547
0.798
-0.853
-0.803
-0.575
0.401
-0.455
-0.883
0.646
0.037
0.524
-0.8
-0.01
-0.363
0.317
-0.064
0.478
0.492
-0.042
0.89
0.475
-0.226
-0.987
-0.715
-0.947
-0.086
0.118
0.5
-0.762
-0.06
-0.214
-0.997
-0.229
-0.184
0.176
0.944
0.574
-0.785
-0.777
-0.138
0.635
0.92
