-2.7552930092218
-1.31834971744312
-0.379064273151815
-0.863149337541884
-1.41377126869686
-0.36854820554334
0.311064271937977
-0.749922495620646
-0.624083176432029
-1.40871455811037
-0.32665973400319
-0.0624669106280533
-1.35916068002458
-0.208542534433615
-0.166599239673435
-0.602710778824934
0.00705482217579273
-0.00589791720228217
0.099266546246965
-0.202145556012606
-0.094497166806776
-0.468722119909235
0.0366143683479067
-0.49062949034725
-0.656748580135739
-0.713459353041325
0.337175802228589
-0.627472585772188
-0.393345933194596
-0.501085065693776
-0.096421548367604
-0.542270316484698
-0.208648392137396
-0.281833639773065
-0.455567104826093
0.079973530221171
0.0947410220803381
-0.405848772690082
-0.358400753451533
-0.650725900538676
0.0144669219553588
-0.0825689948948859
-0.0220151263020948
-0.120062380080708
-0.28362003316383
-0.572103970641831
0.0545557659010918
-0.149835544496727
0.0570415916427578
-0.108896027387474
0.366315691894207
-0.236156896269207
0.15998109501041
-0.0829962198040647
-0.012676751584837
0.457143669865424
-0.146890353178403
0.00367297365257942
-0.290947071636641
0.107620040807346
-0.0264706971434083
0.352706992938629
0.00697920123665506
0.0246313829658607
-0.113387523463605
-0.233924381965952
0.0062400818269846
-0.214236292196767
0.2050982958263
0.125536862913211
0.112567104749844
-0.136867673880465
-0.273725900428057
0.389398867980094
-0.12748960027913
-0.033627600866354
0.30574290836286
0.171279768341231
0.191194708462908
0.0147807154493104
0.271438561289831
0.329536859284189
0.268274098929962
0.370984877870753
0.364822303769535
0.754716446086972
8.14094329216186
0.644669187330782
1.11883175815833
0.377601137108157
0.477423434489611
-0.0137996222753285
0.0701644606984352
0.034633268100958
0.00825898467426626
0.610476370441962
-0.0414461219904256
0.186805292017848
0.333495269946597
-0.250979210282703
0.0353062333987269
-0.0258204188035994
0.148508507190298
-0.25848393274848
-0.0347429049202119
0.152332706681171
0.0570793969047508
0.320432892463756
1.17856711376283
-0.206979208818907
0.233954632216516
-0.292130433926362
0.306807185643016
0.233489594669914
-0.285037805015901
0.421631381968545
-0.174971641183602
-0.141793954201285
-0.345342160064313
0.444034027257263
-0.316172018566011
-0.939232515625508
0.359654066163838
0.12981285215437
-1.08899243812388
-0.470899808728247
0.566408316090171
0.469948961035519
-0.265126649510144
-0.789533085711446
0.362725896532555
-0.912308131107783
0.125119087495253
-0.0277296778114858
0.735003781840915
0.046597349811315
-0.298327032219906
-0.175234404662204
0.494243857781963
-0.636234408683975
-0.307939507877013
-0.572691869717539
0.621245746776384
-0.815587899499937
-0.311417767036775
0.0488071833394889
-0.603688089749928
-1.04976937645056
0.175429112790334
0.84394518424741
-0.127122873836061
-0.848139887722091
-0.211
0.798480151228733
-0.401253308128545
-0.72206616257089
0.57
0.204706994328924
0.526200378071835
-0.743293005671076
-0.730293005671076
-0.582253308128542
0.183
0.924
-0.357
0.186
-0.175
0.679
0.781
-0.466
0.401
0.765
-0.917
-0.618
-0.189
0.98
-0.418
0.257
0.084
-0.324
0.98
0.501
-0.907
-0.106
-0.861
0.386
0.802
0.947
-0.639
0.359
-0.821
0.53
0.478
0.283
-0.243
-0.673
0.441
0.917
0.482
0.553
-0.464
-0.349
-0.713
-0.246
0.991
0.222
-0.638
-0.593
0.012
-0.377
0.78
-0.687
-0.824
-0.086
-0.669
-0.177
-0.671
-0.711
0.785
0.256
0.384
-0.123
0.318
-0.579
-0.645
0.87
-0.714
-0.2
0.624
-0.516
-0.461
-0.335
0.774
0.53
-0.86
0.329
0.214
0.339
-0.098
-0.083
0.024
0.395
-0.065
0.738
0.578
0.865
0.354
-0.436
-0.049
0.933
0.997
0.151
-0.868
-0.775
-0.831
0.658
0.332
0.865
-0.601
-0.879
-0.065
0.562
-0.218
-0.473
-0.917
0.115
-0.461
-0.355
-0.227
0.002
0.609
-0.01
0.387
-0.133
-0.768
0.989
0.941
0.58
-0.157
-0.511
