-1.77433270321351
-0.280909262759915
-0.342362948960303
-0.696378071833633
-0.589018903591659
-0.351850661625694
0.150145557655965
-0.73551606805293
0.0650529300567253
-0.0545822306238112
-0.857512287334593
-1.37605293005674
0.0490567107750595
-0.972189035916821
-0.940344045368613
-0.175291115311899
-0.105075614366729
-0.926120982986768
-0.337527410207938
-1.04243289224949
-1.0778128544423
-0.227190926275989
-0.820606805293005
0.172432892249531
-0.297404536862004
-0.384682419659729
-0.122899810964082
-0.455260869565213
-0.184013232514174
-0.211085066162572
-0.936914933837424
-0.53024196597353
-0.47597542533081
-1.31173913043477
-0.624098298676743
-0.583621928166347
0.0146313799621936
-0.022568998109639
-0.369618147448013
0.242001890359174
-1.17791682419658
-0.0394688090737208
0.279238185255203
-0.877168241965967
-1.33921172022683
-0.936226843100185
-1.32886389413985
-1.15966162570885
-1.26380340264648
-0.416689981096408
0.141697542533087
-0.415009451795835
0.485431001890361
0.153988657844993
-0.0900756143667297
-0.39076937618147
-0.331758034026464
-0.609368620037805
0.588266540642725
0.224720226843103
-1.19875992438562
-1.18576370510396
-0.427266540642721
-0.839173913043475
-0.330860113421548
0.0437126654064296
-0.0342930056710796
0.364521739130438
0.352705103969758
0.165962192816643
0.360172022684313
0.464279773156902
-0.0376540642722113
0.277748582230626
-0.985081285444232
-0.735468809073722
0.533213610586012
0.492234404536864
0.359470699432897
-0.856451795841209
-0.434835538752363
-0.101234404536862
-0.19009451795841
-0.504145557655953
0.463797731568999
0.297510396975427
-0.244406427221171
0.454156899810967
-0.123419659735349
0.614024574669187
0.783525519848772
-0.558419659735349
0.718977315689983
0.446722117202268
0.526245746691873
0.846221172022685
-0.358476370510399
-0.0234196597353494
0.63889224952741
-0.564453686200379
0.121640831758033
-0.643818525519849
-0.490627599243856
-0.553111531190927
-0.114291115311909
0.614090737240076
0.842871455576559
-0.710141776937618
0.0128336483931946
-0.519122873345936
0.09959168241966
0.192493383742911
-0.12437618147448
0.111069943289225
-0.379196597353497
-0.056882797731569
0.314294896030246
-0.843780718336484
-0.0633686200378072
0.529947069943289
-0.38390359168242
0.586219281663516
-0.417122873345936
0.733482041587902
0.57
0.237534971644612
-1.02171077504726
0.708385633270321
0.854
-0.696614366729679
0.868754253308129
-0.34790359168242
-0.976052930056711
0.14409640831758
0.39
-0.684684310018904
-0.544026465028355
-0.834052930056711
0.601166351606805
0.828385633270321
0.41913988657845
-0.445
-0.511
-0.437
-0.436
-0.236
0.728
-0.273
-0.141
-0.225
-0.41
-0.406
-0.823
-0.892
0.991
0.672
0.881
-0.227
0.056
0.745
0.64
-0.884
-0.489
-0.188
-0.403
-0.475
0.108
0.731
0.773
-0.643
-0.52
0.094
-0.513
0.077
-0.928
-0.921
0.1
-0.965
0.263
-0.195
0.536
0.308
-0.075
0.079
0.788
0.304
-0.507
0.984
0.171
0.718
-0.544
0.716
0.178
0.927
-0.736
0.409
-0.956
0.676
0.966
-0.962
0.656
0.996
-0.047
-0.499
-0.706
0.495
-0.893
0.099
-0.965
0.911
-0.429
0.846
0.509
-0.75
-0.791
-0.668
0.191
0.431
0.023
0.292
-0.969
0.123
-0.441
-0.945
0.9
-0.237
0.916
-0.441
-0.187
-0.337
-0.965
0.424
-0.931
0.225
0.149
0.539
-0.645
-0.577
-0.215
-0.707
0.197
0.394
0.948
0.26
0.146
-0.39
-0.793
-0.073
0.717
0.932
-0.783
-0.388
-0.348
-0.327
-0.994
-0.468
0.437
-0.103
-0.399
0.53
0.578
0.547
-0.714
0.372
0.875
0.147
0.777
-0.716
0.101
-0.33
0.977
-0.232
-0.354
-0.27
-0.905
-0.363
0.175
0.299
-0.091
0.29
