-1.38174102079387
-0.550137996219264
1.51228733459591E-05
0.270319470699448
-0.322977315689985
-1.19676370510408
-0.157204158790168
-0.356933837429114
-0.700875236294876
-0.578291115311899
-0.876841209829864
-0.770011342154999
-1.41195652173915
-0.905714555765588
-0.541623818525515
-0.278079395085062
-0.0267712665406421
-1.30455576559542
-1.06739508506615
-0.59649716446125
-0.176646502835533
0.0417088846880936
-0.165502835538758
-0.644548204158788
-0.0624820415878998
-0.227954631379959
-0.0261134215500887
0.338557655954632
-1.05204158790167
-0.453238185255189
-0.414947069943284
-0.50213421550094
-0.114018903591678
0.101219281663521
-1.31625141776936
-1.23701701323248
0.181603024574669
-1.49571833648393
-1.22616068052927
0.46624385633271
0.250022684310025
-0.551894139886577
-0.176497164461247
-0.879950850661624
-0.788591682419652
-0.516638941398861
0.129162570888471
0.444279773156904
-0.195576559546311
-0.962395085066165
-0.0428034026465028
-0.573497164461243
-0.541544423440453
-0.305631379962194
-0.0948525519848777
0.188499054820421
0.436253308128549
-0.908839319470699
-0.941355387523631
0.165374291115317
0.0103516068052931
-0.154606805293005
-0.216100189035917
0.635160680529306
-1.04336105860109
0.165463137996219
0.450812854442346
-0.731567107750476
-0.77141020793951
-0.253567107750469
0.267160680529301
0.659400756143664
-1.12470888468811
-0.602164461247635
0.332591682419663
-0.86624574669187
-0.784211720226842
-0.252525519848774
-0.8848393194707
-0.0968827977315702
0.591315689981095
0.318776937618146
-0.037226843100189
-0.963519848771267
0.944480151228736
-0.513000000000003
-0.512156899810963
-0.434151228733458
-0.206102079395089
-0.452820415879017
-0.532438563327031
0.416947069943289
0.847756143667294
-0.187848771266543
-0.276676748582231
-0.432327032136107
-0.790007561436673
0.41896597353497
-0.375869565217394
0.267117202268435
0.321245746691871
0.459028355387526
0.652835538752359
-0.778548204158789
-0.342977315689979
0.319062381852548
-0.466746691871455
-0.780589792060487
0.460493383742911
-0.11471266540643
0.073844990548204
-0.0626937618147438
0.967438563327029
0.0903100189035908
0.679863894139887
0.651349716446124
-1.002595463138
-0.186890359168243
0.810245746691868
0.451207939508506
-0.177294896030248
0.0734725897920605
0.469336483931948
0.562735349716449
-0.674342155009452
0.899780718336484
0.846088846880905
0.0947485822306256
0.601678638941397
-0.164192816635159
1.06884688090735
-0.176240075614368
-0.884744801512285
-0.100916824196597
0.598884688090735
-0.893232514177694
0.79254064272212
-0.337655954631384
0.242406427221174
-0.414807183364839
1.07142155009451
-0.544894139886576
0.219667296786391
1.04707939508506
0.575886578449904
0.733886578449904
0.509
-0.193877126654064
0.188052930056712
0.109780718336482
-0.360315689981096
0.44461436672968
0.647
0.116684310018904
-0.51021928166352
-0.70738563327032
0.992
1.04514933837432
0.931710775047256
-0.112850661625712
0.556149338374288
0.363780718336483
-0.431
-0.329
-0.108
-0.646
-0.316
0.04
0.516
0.591
0.889
0.292
0.487
0.156
0.583
-0.51
0.996
0.556
-0.783
-0.258
-0.614
0.047
-0.952
-0.484
-0.82
-0.389
0.163
0.086
-0.552
0.422
-0.872
0.78
-0.155
-0.512
0.116
-0.403
0.749
-0.595
0.052
0.081
-0.09
-0.532
0.275
0.528
0.216
0.325
0.881
-0.509
0.511
0.996
-0.78
-0.564
0.778
0.133
-0.548
-0.541
0.312
-0.947
-0.509
-0.719
0.191
0.598
-0.408
-0.907
0.463
-0.891
-0.553
-0.001
-0.961
-0.014
-0.26
0.591
-0.497
0.136
0.831
0.917
0.771
-0.481
0.299
-0.145
-0.271
-0.328
0.575
-0.548
0.201
0.691
-0.999
0.712
-0.964
-0.343
0.284
0.696
0.914
-0.23
0.889
0.311
0.876
0.181
-0.935
0.107
-0.122
-0.118
-0.548
-0.475
0.255
-0.372
0.932
-0.358
0.301
-0.466
-0.313
-0.208
-0.247
0.635
0.552
-0.481
-0.977
-0.861
-0.109
0.771
