-1.10941965973532
-1.65571266540653
0.715172022684311
-1.069572778828
0.455353497164484
-1.85077693761835
0.456831758034044
-0.659007561436679
-0.42066162570887
-0.98719659735349
-0.156431001890355
-1.32042344045369
-0.0611965973534871
-0.696136105860108
-0.224158790170127
-0.809330812854435
0.0530661625708904
-0.893661625708879
0.0648431001890404
0.379308128544424
-0.853260869565208
-1.07229678638938
-0.507954631379961
0.103873345935727
-0.737296786389403
-0.345676748582227
0.178315689981103
-0.445421550094513
-0.42135727788279
-1.19687523629491
-0.696824196597345
-0.219408317580335
-0.770249527410198
0.0708071833648421
-0.797189035916817
0.127544423440458
-0.188712665406427
-0.313960302457465
-0.743678638941394
-0.866981096408313
-1.10739130434782
-1.46405671077502
-0.653831758034023
0.521383742911159
-0.423671077504722
-0.536315689981094
-0.222538752362947
-1.59497920604912
0.0215028355387533
-0.596916824196596
-0.908064272211718
-1.22154820415877
-0.960584120982985
0.505586011342158
-0.0279395085066151
-0.0352873345935731
-0.377018903591683
-1.52344423440452
-1.18010207939508
-1.11159546313798
-1.04941398865783
-0.591130434782609
0.0600812854442337
-0.360364839319472
0.33480907372401
0.518026465028357
-1.13293194706994
0.862325141776938
0.627935727788283
0.546217391304349
-0.294058601134213
-0.342858223062381
-0.891058601134215
0.133620037807184
0.181406427221173
-0.468181474480151
-0.0181814744801512
0.486729678638942
-0.453079395085066
0.65157088846881
-0.956841209829867
0.709913043478262
0.439030245746693
0.0432344045368621
-0.965614366729678
0.135310018903592
0.091364839319471
-0.322149338374291
-0.665903591682419
0.521597353497166
-0.211882797731569
0.740631379962194
0.0154801512287335
-0.442156899810963
-0.546300567107749
0.919884688090738
-0.105423440453686
-0.63373156899811
-0.855540642722116
0.313918714555766
-0.179431001890359
0.37307561436673
-0.631287334593571
0.622678638941399
0.860185255198488
0.642678638941399
0.786185255198489
-0.0563969754253309
-0.393211720226842
-0.231362948960302
-0.892342155009452
0.287952741020795
0.336952741020794
-0.648362948960302
-0.941143667296786
-0.713068052930056
0.0950207939508507
-0.829616257088846
-0.302650283553875
-0.585
-0.424
0.367383742911153
0.618911153119093
-0.800561436672968
-0.0873629489603025
0.0163497164461248
0.791
0.634274102079395
-0.22792438563327
0.295020793950851
0.70954820415879
-0.306
0.455164461247637
0.294911153119093
-0.11092438563327
-0.301616257088847
0.403109640831758
0.899
0.219911153119093
-0.559616257088847
0.399637051039698
-0.809232514177694
-0.903
0.582
0.455
0.503
-0.577
-0.314
-0.485
-0.821
-0.143
-0.238
0.701
0.746
-0.23
0.465
0.756
-0.827
-0.272
-0.16
0.872
-0.841
-0.829
0.324
0.052
0.425
0.854
-0.94
0.454
0.359
-0.102
0.205
-0.05
-0.735
0.013
-0.628
0.276
-0.956
-0.249
0.412
-0.393
0.104
0.123
-0.398
-0.553
-0.043
-0.008
0.711
-0.469
0.434
-0.052
0.231
0.171
-0.614
-0.426
0.243
-0.968
-0.227
-0.471
-0.97
0.648
-0.637
0.231
0.155
0.281
0.652
0.811
0.436
-0.268
-0.603
-0.811
0.712
0.421
0.316
-0.767
-0.233
0.035
0.569
-0.123
-0.905
-0.568
-0.857
0.528
-0.98
-0.589
0.666
-0.967
-0.436
0.69
0.77
-0.66
-0.497
0.514
-0.279
0.763
-0.756
0.873
0.967
0.321
-0.206
0.145
0.555
-0.021
-0.866
0.245
0.236
0.809
0.854
-0.848
0.807
-0.793
-0.537
0.895
-0.566
0.597
0.505
-0.166
0.211
-0.256
0.614
0.618
0.246
0.746
-0.038
-0.943
0.685
-0.803
-0.3
0.552
0.989
-0.106
0.067
-0.753
-0.918
-0.051
-0.123
0.164
0.394
-0.225
0.174
