-2.19717769376165
0.218493383742932
-0.939
-0.297372400756133
0.55143289224956
-1.50037240075635
0.0204328922495267
-0.777778827977316
-0.0780396975425161
-0.378415879017003
-0.382952741020793
-1.13058223062377
-0.602247637051029
-0.867317580340255
-0.842207939508499
-0.129586011342152
0.0604385633270308
0.170655954631384
-0.747888468809064
-0.102368620037806
-0.263453686200377
-0.335298676748576
-0.147253308128541
-0.528682419659735
-1.21278827977312
0.46441587901702
-1.25645179584118
-1.21426465028353
-0.840013232514168
0.298032136105863
-0.8512495274102
-0.910298676748573
-1.16656710775046
-0.707419659735345
-1.11999999999999
-1.02501890359167
0.0398241965973583
-0.626701323251415
-0.983833648393188
-0.391922495274097
-0.905555765595459
-0.861920604914929
-0.566429111531189
-1.20116824196595
0.108330812854447
-0.212742911153116
-1.20783553875235
0.478784499054827
0.157506616257092
0.57082230623819
-0.473153119092626
0.587051039697546
-0.125206049149337
-0.505584120982985
-0.252996219281659
-0.464431001890359
-0.576179584120982
0.023519848771268
-0.0307088846880908
0.474485822306238
-0.946189035916822
-0.242145557655954
-0.720429111531189
-1.17574858223062
-0.2544820415879
-0.771803402646501
-0.413975425330812
-0.665621928166349
-0.664669187145555
-0.884824196597352
0.665128544423442
-0.378132325141775
0.377024574669188
0.48949716446125
0.0276124763705097
-0.551344045368619
-0.656920604914932
0.0600586011342158
0.170587901701324
-0.0898922495274102
0.761988657844992
-0.91109451795841
-0.32078638941399
-0.508661625708885
-0.0360529300567108
-0.471909262759924
0.252187145557659
0.354612476370511
0.726996219281666
0.285357277882798
0.536510396975426
-0.946361058601134
0.523100189035918
-0.385540642722117
-0.263368620037807
0.330918714555766
-0.843814744801511
-0.260300567107749
0.202652173913045
-0.0216219281663517
-0.578068052930055
0.592474480151229
0.432623818525521
0.0985141776937621
0.916035916824197
0.872370510396977
-0.590068052930056
0.405145557655955
0.488960302457467
-0.811293005671077
-0.704068052930056
0.40015122873346
0.822631379962193
-1.02546502835538
0.818775047258979
-0.998232514177693
-0.782
0.775
-0.033890359168242
-0.716465028355388
0.0634385633270321
0.272
-0.491916824196597
0.0678771266540643
-0.393451795841209
0.732
0.0760831758034027
-0.109890359168241
-0.164013232514177
0.761438563327032
-0.528
0.703986767485823
0.885289224952741
-0.673574669187145
-0.345
-0.813
-0.317780718336484
0.581644612476371
-0.414355387523629
0.115206049149339
-0.853013232514177
0.837534971644612
0.906767485822307
0.594
0.012109640831758
-0.755
-0.759122873345936
0.649644612476371
-0.26480718336484
-0.242451795841209
0.122315689981096
-0.660930056710775
0.801
-0.054
0.957
0.165
0.116
-0.631
-0.5
-0.756
-0.217
0.533
-0.385
0.77
0.772
-0.41
0.478
0.517
0.345
0.671
0.328
-0.392
0.161
0.832
-0.855
0.206
0.352
-0.05
-0.931
-0.63
0.476
0.433
-0.881
-0.915
-0.377
-0.92
0.92
-0.005
-0.607
0.49
0.07
-0.683
0.109
-0.631
-0.647
-0.369
0.248
-0.851
0.822
-0.577
-0.233
-0.262
-0.668
0.101
0.439
-0.463
0.231
0.969
-0.2
-0.25
0.812
-0.834
-0.701
-0.871
-0.232
0.349
0.413
-0.471
0.147
0.692
-0.331
-0.518
0.124
0.855
-0.4
0.01
0.498
-0.208
0.478
0.514
0.957
0.203
0.128
0.645
0.603
-0.262
0.1
0.018
-0.354
-0.914
-0.151
0.951
-0.805
0.643
0.677
-0.096
-0.983
-0.02
0.6
0.003
0.218
-0.281
0.002
-0.87
0.754
-0.716
0.614
-0.523
-0.499
-0.571
0.038
-0.561
-0.51
0.286
-0.208
-0.391
0.037
-0.346
-0.474
-0.97
-0.751
-0.605
0.883
0.06
-0.157
-0.283
-0.713
0.48
-0.823
0.695
