-1.75955765610067
-0.136631380693841
-0.552508506507812
-1.08476559513056
0.262635163710844
-0.723714554959106
-0.0587977322485451
-0.293285440037325
-1.00913799595839
-1.29961247915322
0.0196918728203507
-1.02483932188832
-0.32456143871378
0.0301644630321163
-0.505151230026371
-0.975582232241981
-0.0512570888546228
-1.39628922397282
-1.50326276059709
-1.03095652350461
-0.733969752639191
-1.44486767768524
-0.471790169231613
-0.401693763521711
-0.599818527570484
-0.70118714545829
-0.537500947819697
-0.613724009878226
-0.622461244969377
-1.16289224921493
-0.494984873705537
-0.640446123288947
-0.260170132633579
0.827708883273382
-0.997440453569528
-0.432270323649005
-0.212695653230226
0.105158789763846
-0.61437429011957
0.407958411161039
-0.860147449612214
-0.661916823044482
-0.564077500964675
-0.650620036557163
-0.725614368883152
-0.795544422272846
0.475712667834577
-0.376669187308115
-0.347640830458722
0.329425332411461
-0.447081288307497
0.354931946627071
-0.0492098310169328
0.578676750618797
-0.208648391710226
0.723589793142905
-0.234359171156702
-1.31032136259085
-0.169879017294164
-0.429001888196515
0.622434780443248
-0.644608691578945
-0.152534969997451
-0.882162573205986
-0.33175425176806
0.650733460628427
0.938820414577668
-0.837674857399828
0.529771268319537
-0.219627595772686
-0.0544347822819263
-0.71265406368349
0.0273875255956778
-0.364056712794024
-0.00308695591681517
0.199820414083321
-0.855136103684756
0.332610585573323
0.0397523591046618
-0.15239130402035
0.0322684300505054
1.39114555698122
0.635807185969684
-0.756336482673428
0.70147826558005
-0.116788280294251
-0.540251418081978
-0.510782610369527
0.14609262613796
0.854300567172503
-0.696115310748773
-0.117544420656652
-0.750442343197426
-0.115807185481004
0.0224801518329607
0.160020796166351
-0.999882796204778
-0.380166354665223
-0.210075613556888
0.978567110529967
0.376071834749855
0.132094516644316
-0.0895765603568516
0.346601135377398
0.219816633679033
0.284807185051416
-0.037538751134094
0.880395088560493
0.329448010660969
0.340720229161395
0.568085065947103
0.452122872864952
-0.491810964966928
0.681425328612217
0.835421549200142
1.39848393016575
0.486022684326896
-0.169977314218183
0.623440455033346
-0.0562230610677864
0.246364838630746
0.165758030656122
1.85342532917056
0.317862004940639
1.47062760195289
2.60635160781589
1.70163516528557
0.824669189432178
1.66236862301708
0.759907369952908
1.13004347604115
-0.165761813867391
1.10104347917959
0.220211718867006
0.555413986930406
1.90508128700774
0.153068051501838
0.615765594497654
-0.250310022240854
0.49663326750165
0.233786386315438
0.297264645329397
-0.749824198053682
0.47199999834509
0.836207937302194
0.479266540311012
0.721572777621696
0.677773155969531
-0.500243859326289
-0.229413990777513
0.26647637015125
-1.27599054914793
-0.053
-0.696102079500719
0.235982986749881
-0.666340265002389
0.829
0.832778827748449
0.674744801248207
0.534778827748449
-0.291221172251551
0.742982986749882
0.459
-0.197
0.511
0.344
0.823
0.109
-0.261
0.599
-0.6
0.128
-0.051
0.514
-0.486
-0.22
-0.784
0.88
-0.395
-0.381
0.537
-0.513
-0.9
-0.519
-0.676
0.597
0.23
-0.04
0.933
0.177
-0.957
0.302
-0.95
0.622
-0.001
0.939
-0.877
0.664
0.96
-0.494
0.36
-0.307
0.133
0.224
-0.24
-0.725
0.12
0.433
0.813
-0.541
-0.803
0.948
0.279
0.115
-0.95
-0.726
0.646
-0.023
-0.522
0.914
-0.887
-0.137
0.176
0.562
0.556
0.097
0.078
0.326
-0.485
-0.426
-0.343
-0.448
0.92
-0.901
0.259
-0.157
0.353
-0.125
0.721
-0.952
-0.523
0.797
0.146
0.474
-0.021
-0.905
-0.978
-0.066
0.571
-0.276
-0.708
0.146
0.185
-0.954
-0.608
-0.504
0.516
0.571
0.668
0.662
0.197
0.793
-0.082
0.239
0.801
0.645
-0.973
0.18
0.856
0.206
-0.079
-0.23
0.255
-0.57
0.436
-0.684
0.716
0.702
-0.418
0.46
