-3.23564461245641
-0.382383742907085
0.553776937618194
-2.00612098302596
0.0351739130439022
-1.37991304351772
-2.26716446124641
-0.310899810964338
-0.022472589788024
-0.566052930056048
0.219924385633643
-0.172294896027371
0.0789470699445906
-0.0674480151225276
-0.0140245746686009
0.11887334593626
0.18589792060547
-0.162442344045039
0.090525519849401
0.202945179584432
0.142809073724562
-0.208846880907974
0.18554064272238
0.0354366729685538
0.0669810964086158
-0.00992627599205283
-0.13244045368495
-0.028172022684017
0.0353610586020515
0.0518638941402921
0.0758128544429653
0.000805293006297928
0.111586011342979
0.20429867674944
0.0636049149345922
-0.160255198486178
10.4674196597809
-0.244086956521019
-0.216676748581377
-0.0592136105856217
0.112404536863155
0.121223062383393
0.231871455577562
-0.0671833648386742
0.194003780719033
0.0992703213615256
-0.158839319469797
0.00027221172064012
0.198283553875716
-0.0175973534966603
0.0106068052934763
0.0395519848775827
0.0542381852556752
-0.0637580340257281
-0.0614536861999665
-0.0277429111524154
-0.0414593572776193
0.228587901702497
0.298826086957464
0.101756143667735
-0.0343345935723565
-0.126516068052614
0.00581852552017898
-0.131992438563
-0.0833194706988204
-0.16037051039647
0.0611096408318998
-0.0729489603022309
0.173294896030696
0.210920604915308
-0.121758034025898
0.0334272211724824
-0.157958412098029
0.0245028355390364
-0.029551984877061
-0.0975066162568536
0.169812854442538
-0.11358790170119
0.237463137996788
-0.109321361058497
-0.0415954631378181
0.0468166351608655
0.0353043478262567
-0.180973534971371
0.215115311909381
-0.124892249527125
-0.0595765595461422
0.00899243856346821
0.145241965973641
0.200461247637115
-0.0507429111528959
0.0677542533081548
0.139034026465147
-0.202230623818453
0.218977315690351
-0.217655954631256
0.0903024574671122
0.115281663516154
0.00190359168243576
0.0840529300567612
-0.559192816635052
0.331351606805509
0.25603402646524
0.24539697542546
0.119701323251444
-0.556901701323157
0.238625708884809
0.425710775047271
-0.225132325141755
-0.322697542532972
0.01174669187153
-0.0304782608695713
0.113052930056794
0.134517958412205
-0.330183364839338
0.79497542533094
-1.74835916824084
0.328568998109719
0.812100189035971
0.473519848771286
-0.338034026465055
0.036521739130488
0.277555765595526
-1.30510396975413
-1.4156124763703
0.514173913043513
0.996417769376203
0.079189035916861
0.746924385633345
-0.744843100189013
0.910907372400766
-0.978550094517851
0.552277882797751
-0.27617391304344
0.737151228733444
0.0688695652174081
0.727455576559559
-1.24506427221181
0.809856332703255
-0.628266540642693
-0.0156918714555441
-1.13231758034041
0.681612476370562
0.79255387523628
-0.440775047258923
0.14655954631379
-0.703198487712668
0.0536654064272645
-0.807775047259003
0.644646502835598
0.0646748582230517
-0.973616257088869
-0.324
0.00280907372400811
-0.159198487712661
-0.531969754253307
-0.148
0.779419659735351
0.67702268431002
0.538419659735351
0.217419659735351
0.841801512287337
-0.118
0.712
0.187
0.322
-0.182
-0.581
-0.468
-0.832
0.541
0.983
0.28
0.326
0.717
0.393
-0.958
0.803
-0.87
-0.591
0.059
-0.846
0.076
0.994
-0.466
-0.754
0.516
-0.34
-0.971
0.185
-0.294
-0.242
-0.096
-0.291
0.107
0.133
0.144
-0.925
-0.678
-0.053
-0.998
0.883
-0.191
0.985
0.951
0.714
-0.748
0.35
0.317
0.452
-0.47
0.048
0.717
0.345
-0.453
0.131
-0.229
-0.113
0.177
-0.06
0.806
-0.842
-0.611
0.347
0.462
-0.217
0.079
-0.429
-0.781
-0.416
-0.751
0.966
0.481
0.182
-0.593
0.176
0.344
0.091
-0.957
-0.18
0.993
-0.834
0.342
-0.423
-0.346
0.657
0.041
0.558
-0.838
0.975
-0.639
-0.744
-0.103
0.381
0.141
0.844
0.494
0.462
-0.477
0.167
-0.365
0.681
0.131
-0.267
0.203
-0.437
0.566
-0.466
-0.062
0.37
0.786
0.68
-0.156
-0.643
-0.054
0.639
-0.185
0.812
-0.308
0.804
