-2.75732514640245
-0.999538755441116
0.0918071801416157
-0.620752359598617
-0.429085066144651
-1.27961815040724
-1.39893762317203
-0.200391304129279
-0.159270318182501
-0.647729680399501
-0.697879021302943
-0.269381851290085
-0.574491492301273
-0.172746692504752
-0.177691871401734
0.205601134826991
0.144672965267184
-0.106693763219647
-0.147264650067108
-0.073362946445392
-0.0202722099893063
0.0024574662095546
-0.121005672157243
-0.0788865809582952
-0.000137994520008774
0.126905482471953
0.04228922513155
0.0766313805333446
0.0103043472662071
-0.116625710180268
-0.00889035824430877
-0.277406426733555
-0.384396979150873
6.85603403017314
-0.269238189504169
-0.29608506685874
-0.0103686194520793
0.0495009463338283
0.0833402651235045
0.00931568980792538
0.0141776937012341
0.0099243865543806
0.00352363022059103
-0.0548582220821939
0.0287240044636123
0.0995633268392876
-0.00332892348541111
0.120098298926009
-0.0788752395660023
0.026837429789768
0.00992249242768954
-0.00453685681663521
0.041311910546555
0.0691852563550712
-0.116347825786205
-0.146550097754407
0.116457468534111
0.0467731585434768
0.0596313765184523
0.0253818507287488
0.00677126941175128
0.0748487697750098
0.00754631745652962
0.0418468835016996
-0.124189039354922
-0.0693856302330838
-0.117877124059812
-0.0844952721852396
-0.0748695653533404
0.0818544448671272
0.0298638891526808
0.00102457152211478
0.227593571348846
-0.000916823366329906
0.0982816666356258
-0.0216427215319605
-0.20730434452232
0.0557731516372744
-0.00600377785433617
0.119431002366112
0.0848582217722575
-0.00862948863472824
0.166463134397036
-0.0854914913809674
-0.0791001892359161
-0.0381512323517237
-0.39684498977361
-0.0343081300577548
-0.181068049358284
0.0931361046424543
0.0427901663322431
0.172482040882373
-0.0941644568730676
0.134226840224065
-0.107718337184621
-0.182323248601536
-0.177497161580696
-0.185022684280989
0.0956068067013914
0.532608696695832
-0.230243857284113
0.0448241992965901
0.00153686266854596
0.31266351221532
0.0508960349470919
0.0838431036354602
0.0115841212949591
0.236975422504128
0.277094521240811
-0.395232516403827
-0.421578453780042
-0.31455954889272
0.19190737266902
0.159521734015845
0.0891531193729014
0.297820416870448
-0.304657839888518
0.206168240835021
-0.242569001992771
1.0967996221288
0.0823194712114018
-0.196383747159684
-0.316801511264135
-0.427465022463207
-0.0798941377718393
-1.07976370598499
0.489848770238322
0.0321587916560277
0.283880912675766
-0.0986483962467694
-0.199918715320512
-0.417894140259836
-0.370977317943482
0.28704158832212
-0.10075047079753
0.222500945268318
0.746166352941333
-0.133117200002238
-0.084922495487481
0.478731566118562
-0.205122872479049
0.26268241912033
0.421395082894325
0.366756144282058
-0.906126655051595
0.872945180524942
0.748667295442094
0.0826956499654728
0.148901696319819
-0.270756139710351
0.0164196582522765
-0.433153122599619
0.122
-0.959132325188257
-0.12135538753138
0.804892249372478
0.45
-0.37062003790789
0.595669187029362
-0.43362003790789
0.693379962092111
-0.175355387531382
-0.972
-0.133
-0.774
0.719
-0.745
-0.395
-0.254
0.97
0.999
-0.481
0.028
0.433
0.097
-0.103
0.73
-0.288
0.853
0.087
-0.836
-0.855
-0.108
-0.144
-0.8
-0.862
0.573
-0.604
-0.402
0.009
0.956
-0.231
-0.357
-0.692
0.969
0.506
0.492
-0.125
0.064
-0.549
0.517
0.274
-0.423
0.715
-0.895
-0.336
0.95
0.689
-0.037
0.985
-0.858
-0.262
-0.181
-0.441
-0.555
0.591
0.936
0.172
-0.334
-0.913
-0.855
0.858
-0.994
0.736
-0.987
0.23
0.876
-0.281
0.463
0.591
0.404
-0.145
0.647
0.401
0.57
-0.11
0.567
0.177
-0.25
0.535
-0.812
0.884
0.433
-0.387
-0.133
0.218
0.95
-0.917
0.863
-0.623
0.57
-0.68
-0.792
-0.023
-0.694
0.658
0.267
-0.16
0.701
-0.125
-0.212
0.23
-0.775
0.371
-0.42
0.287
0.091
0.418
-0.011
0.555
-0.976
-0.241
-0.579
0.131
0.899
-0.739
-0.575
0.393
-0.131
-0.205
